43
43
42
43
43
47
49
50
50
49
48
47
48
49
51
51
51
51
50
50
51
51
50
49
49
48
48
49
51
53
52
51
50
49
50
50
48
49
50
49
51
50
49
50
49
47
46
46
48
49
47
46
43
42
43
43
44
47
47
48
50
48
48
46
49
52
53
51
50
50
52
52
51
49
50
52
53
52
49
47
47
44
42
43
44
48
50
51
46
45
45
46
49
49
50
49
49
50
48
45
45
45
45
45
45
45
46
48
48
48
46
44
42
42
44
43
44
45
45
47
49
48
46
47
47
45
41
41
43
48
48
48
45
45
45
46
46
47
47
46
43
43
45
48
52
52
50
49
47
47
51
54
56
56
54
54
54
55
56
54
55
55
54
53
51
50
50
50
50
49
50
50
49
48
50
50
48
47
49
50
47
46
46
48
49
49
47
48
49
48
48
47
48
49
49
50
48
47
46
46
48
50
50
47
47
46
47
51
51
51
50
48
49
51
50
51
51
50
50
49
47
48
49
51
52
52
50
49
47
48
49
52
51
47
45
46
50
51
50
49
49
48
45
44
45
47
46
45
45
46
47
47
45
43
41
43
45
46
44
44
44
46
46
46
43
44
47
46
48
47
48
50
50
49
50
49
48
48
46
46
50
50
49
48
46
49
51
50
48
50
54
58
56
52
52
53
54
55
54
54
57
54
54
54
53
54
52
51
50
53
55
54
54
53
54
52
52
54
55
53
52
50
50
52
52
51
49
50
48
49
49
48
46
45
45
45
45
44
46
47
46
44
44
45
48
52
51
49
50
49
48
47
47
48
48
50
50
49
51
50
51
50
48
46
46
46
45
46
48
49
51
48
46
47
50
51
49
45
46
51
54
54
51
45
43
45
44
43
43
43
47
48
49
46
43
44
46
43
44
42
42
44
45
48
48
45
45
46
44
44
43
43
46
47
49
49
48
48
50
51
48
45
43
45
47
49
50
47
46
49
52
57
56
54
50
48
48
47
47
47
47
46
46
44
45
45
46
45
44
42
45
46
46
46
43
43
41
41
41
41
40
41
41
40
37
38
37
38
35
31
30
31
34
37
37
35
36
36
38
38
37
39
40
39
35
34
36
37
38
37
36
36
36
37
41
41
38
37
37
38
41
44
40
41
39
40
40
38
39
42
43
45
44
41
41
42
42
43
44
44
42
41
39
39
42
42
42
39
37
38
39
37
38
37
38
39
36
34
34
37
39
39
39
37
36
37
38
39
37
40
39
39
41
40
40
43
42
40
37
36
41
43
44
44
43
43
44
46
47
47
45
43
44
46
48
50
49
46
46
48
47
44
42
44
46
49
46
42
41
44
48
50
48
45
43
43
42
42
41
43
44
44
40
41
40
40
39
38
38
38
40
40
40
40
41
40
41
41
40
39
40
42
43
45
46
45
45
47
47
48
47
48
50
52
55
54
52
49
49
51
51
51
50
48
52
53
54
51
46
45
47
49
49
51
53
56
56
52
50
53
54
53
50
46
46
50
53
54
52
48
45
44
44
44
44
46
49
50
50
48
46
49
50
48
48
46
47
49
50
51
51
47
44
43
43
44
46
46
45
45
45
45
44
43
42
41
44
46
43
43
44
44
46
48
46
46
46
45
45
45
46
48
48
45
44
44
45
44
42
39
40
42
42
41
36
34
38
39
38
39
37
35
35
37
37
36
34
34
36
39
40
39
38
37
37
38
36
33
33
32
34
36
36
37
39
41
38
37
39
42
45
44
43
41
40
40
42
45
45
46
46
43
40
42
44
48
52
50
46
43
40
40
41
42
44
45
46
47
45
44
43
42
41
40
41
43
45
42
38
38
41
45
47
47
44
43
40
40
39
38
37
35
37
38
36
36
36
33
35
38
37
36
35
34
36
41
40
39
39
38
40
40
37
39
40
41
42
40
38
40
42
39
38
39
39
41
39
40
43
47
47
44
42
41
44
44
44
42
42
42
43
44
43
43
45
47
45
45
44
42
43
43
43
44
44
42
43
43
42
42
43
42
40
39
39
40
43
42
43
43
43
44
43
44
45
46
45
45
45
45
47
49
49
50
48
45
44
46
47
49
49
49
50
53
53
52
51
53
54
52
51
49
52
53
52
51
52
51
50
49
49
49
49
49
48
46
45
45
45
48
50
50
48
46
46
45
45
44
44
43
42
43
42
42
43
43
44
46
46
46
46
45
44
44
45
47
47
46
43
41
39
38
38
38
40
42
42
41
42
44
44
45
46
47
47
45
48
48
49
49
49
48
48
48
49
51
49
49
49
48
48
47
47
46
48
47
48
47
46
47
47
50
50
47
45
45
46
46
46
44
42
45
47
45
43
39
41
45
44
41
38
39
42
43
43
40
41
39
37
36
38
40
43
45
44
43
46
47
48
49
46
44
43
43
43
44
46
46
46
47
48
47
45
44
43
43
42
41
43
44
46
48
48
47
49
48
45
44
45
45
46
46
45
44
43
43
43
42
45
44
44
44
41
39
39
37
38
43
43
42
41
41
41
43
44
42
41
40
40
38
38
37
37
38
40
41
41
41
39
41
41
39
39
39
39
39
39
37
39
38
38
40
40
40
41
41
41
42
44
42
43
47
45
43
44
45
45
44
44
42
41
45
44
43
42
41
40
41
40
39
39
39
40
41
40
38
37
37
38
38
37
37
38
41
42
42
41
40
40
39
39
37
37
36
36
38
40
43
43
39
35
34
35
38
36
35
36
37
37
37
37
35
38
40
40
38
39
38
39
40
38
37
37
37
39
38
37
37
38
37
36
35
34
36
37
37
36
36
35
33
36
36
36
34
32
35
36
36
35
32
30
31
32
31
32
32
34
35
33
32
33
32
30
30
28
28
29
29
27
26
26
28
31
31
29
27
28
30
31
31
33
33
35
32
31
32
34
37
35
33
31
35
36
36
37
36
34
31
31
32
33
34
33
34
32
28
28
29
31
33
33
30
28
29
32
33
34
35
32
27
26
27
30
33
30
27
28
32
32
29
26
25
28
27
26
25
26
27
28
28
28
28
30
30
28
29
29
29
29
30
31
31
32
33
34
34
33
32
33
32
36
33
30
32
36
36
37
34
30
33
33
31
32
30
29
32
34
34
33
32
33
33
30
28
28
27
31
34
33
31
29
28
28
29
31
32
33
33
31
30
30
31
30
28
29
28
27
28
30
34
35
33
31
28
30
30
33
33
30
33
33
34
34
35
33
33
33
33
35
39
41
43
43
40
40
40
39
39
41
42
43
42
42
42
41
40
39
38
39
37
37
37
38
37
36
34
33
36
36
33
32
32
34
34
31
29
31
33
36
34
30
30
33
36
36
34
32
32
33
32
30
30
30
32
31
29
31
32
35
36
33
32
33
34
36
36
38
37
34
33
33
36
37
39
37
37
39
42
39
36
35
34
37
37
37
37
37
39
40
38
37
36
37
38
37
37
39
38
37
37
38
39
41
41
38
37
37
36
35
34
34
34
34
31
31
33
37
39
37
33
29
31
35
36
34
31
30
31
32
31
30
35
37
37
37
38
35
39
39
40
37
39
41
44
44
43
41
43
43
43
41
41
42
42
40
38
39
42
45
42
44
41
41
43
42
41
41
42
42
40
37
36
37
38
39
39
38
38
36
35
34
35
37
39
39
39
38
38
38
38
38
39
41
42
41
42
40
38
39
39
38
38
38
37
38
38
39
38
39
41
40
40
40
40
42
43
42
41
41
42
43
43
45
47
45
42
40
39
40
42
44
42
39
36
35
34
37
37
35
36
37
37
36
37
39
38
35
32
34
37
39
39
35
34
33
33
33
32
31
30
30
30
30
28
29
29
29
30
30
31
29
30
29
31
32
34
34
31
31
31
33
31
31
32
32
31
32
31
31
32
31
32
35
36
36
33
32
32
34
34
32
32
32
33
34
36
33
34
31
30
29
30
31
32
30
28
28
30
31
30
30
30
30
30
28
27
28
28
29
29
28
27
28
30
29
26
26
25
26
28
26
24
24
26
26
24
21
22
26
27
27
24
22
23
24
25
24
25
26
24
24
23
20
21
25
29
29
26
25
26
27
28
29
27
23
20
21
24
28
30
29
25
23
23
21
20
20
19
21
22
22
24
26
27
26
21
20
19
19
20
20
21
23
23
20
18
19
21
20
18
14
14
16
18
18
15
14
15
17
19
20
20
19
20
19
17
16
17
18
21
19
20
19
20
23
23
23
18
19
20
20
20
19
19
21
23
22
22
23
25
26
23
21
22
23
23
23
24
22
22
20
21
26
28
26
25
24
23
22
20
21
21
20
20
19
20
22
22
20
18
18
20
19
16
16
18
18
18
16
18
20
20
19
20
21
20
19
18
18
18
19
18
19
20
19
18
18
19
18
17
19
22
24
24
24
22
22
23
24
25
28
31
32
32
31
32
29
28
29
28
28
29
27
25
25
28
28
27
26
27
29
28
28
27
26
26
25
24
25
25
25
26
23
25
26
26
25
24
24
24
24
24
25
25
26
27
27
26
27
28
28
27
26
26
27
32
32
31
27
28
29
29
29
29
31
33
33
33
32
31
33
33
31
33
33
31
30
32
34
38
38
35
32
32
34
36
36
35
34
33
33
33
32
33
36
36
33
32
34
35
36
36
34
31
30
28
28
29
30
30
32
32
32
31
30
30
30
30
30
31
31
33
32
32
31
31
32
32
32
34
35
36
35
37
40
38
35
31
32
35
38
38
37
35
35
37
36
34
36
37
39
38
38
39
39
39
37
37
37
38
39
36
35
37
37
37
34
34
32
32
33
32
32
31
32
33
30
27
28
26
28
30
26
26
25
26
28
28
26
29
28
28
28
26
27
30
33
32
34
33
34
34
35
36
34
32
30
31
32
34
35
34
38
38
35
33
34
36
36
36
34
35
35
36
39
38
39
36
33
33
35
40
41
39
36
36
39
39
38
35
34
38
39
41
39
37
35
35
34
32
31
32
35
34
32
30
30
33
35
33
32
30
30
30
30
29
29
30
28
31
30
29
30
33
34
33
29
25
25
29
33
30
27
27
27
31
33
34
34
33
35
35
35
35
36
35
36
35
31
31
30
33
35
35
36
36
36
38
37
33
30
30
34
36
40
37
35
33
33
34
37
38
34
33
32
33
34
33
30
30
29
31
33
32
32
33
31
31
32
32
32
32
29
28
28
30
31
31
31
31
33
32
31
30
31
33
35
36
37
37
36
36
34
35
37
37
39
36
37
37
37
36
35
36
36
37
37
37
37
37
37
36
37
37
36
33
33
33
34
33
30
29
29
29
30
28
25
27
27
31
32
31
31
31
28
25
24
27
29
30
28
26
26
26
27
27
28
27
23
24
25
27
26
26
25
23
23
24
24
24
23
26
27
27
26
26
27
30
32
31
29
29
30
30
30
30
30
31
33
32
32
30
32
35
35
32
29
27
29
33
33
34
32
31
31
32
31
31
31
32
32
32
32
32
28
26
28
27
26
26
25
25
25
23
20
20
22
24
21
20
19
18
19
20
18
18
19
22
25
24
24
24
24
22
23
25
23
25
25
25
23
21
21
23
25
27
24
22
22
23
25
25
25
24
22
23
25
24
26
28
25
25
22
21
21
22
22
20
20
21
20
19
21
21
20
20
19
20
21
22
21
22
21
21
19
18
19
20
22
20
20
19
21
22
20
16
17
17
19
20
21
20
20
22
22
23
23
24
25
24
21
22
24
26
25
25
24
26
27
27
28
26
27
26
25
24
24
26
30
29
28
26
25
26
27
26
25
23
21
22
22
23
24
26
25
22
19
18
21
22
23
20
19
22
21
19
18
18
21
24
21
20
19
16
15
16
17
21
22
21
19
16
15
14
14
13
16
19
22
22
20
22
23
24
22
18
16
16
19
22
23
21
24
23
21
19
19
21
22
21
19
19
21
22
23
20
17
19
20
20
21
22
20
20
21
19
18
17
18
18
18
18
18
17
20
22
19
17
18
18
18
19
18
18
19
22
24
23
20
20
18
19
20
19
18
18
18
18
19
20
19
20
20
20
20
21
21
21
23
23
22
22
22
22
22
21
21
21
20
21
22
21
18
19
21
21
20
18
22
23
22
23
22
23
25
28
28
28
27
23
21
19
21
23
26
24
25
23
22
27
26
23
22
18
18
17
20
24
26
26
21
17
18
24
25
26
24
22
24
25
25
26
26
24
23
24
25
25
26
24
25
26
25
26
28
27
26
24
24
27
28
30
32
34
33
33
31
31
30
31
30
33
33
33
33
31
31
31
31
32
32
29
29
29
31
31
31
31
33
33
32
31
31
31
33
32
31
33
34
34
32
31
31
33
34
33
33
34
35
35
32
29
30
33
36
35
30
31
30
28
29
29
32
33
33
31
30
32
34
33
30
29
33
35
37
34
30
29
32
35
34
31
29
29
29
30
32
33
33
32
31
31
31
31
32
31
31
33
34
34
33
30
30
32
34
33
29
29
30
33
33
34
31
29
28
25
24
27
32
32
32
29
26
26
26
27
29
28
26
26
27
30
29
27
23
25
28
32
31
30
27
29
32
32
31
30
30
32
31
31
30
30
30
30
28
28
30
34
33
30
29
30
28
32
32
29
27
27
30
33
33
31
29
29
28
26
25
25
27
27
27
26
27
27
27
26
24
24
26
28
25
23
25
27
30
30
30
28
28
26
25
25
27
27
26
24
24
26
27
28
27
24
23
23
25
25
24
24
25
26
29
28
28
28
30
30
27
26
26
28
29
28
26
25
25
26
26
28
29
31
28
23
21
24
26
27
26
25
27
29
28
27
26
25
26
26
27
28
29
28
26
24
27
29
30
29
24
21
22
23
24
28
26
25
25
24
28
27
26
26
28
26
29
28
26
27
29
30
31
31
29
28
28
27
26
27
28
28
27
25
27
27
26
26
25
29
32
33
34
33
32
31
27
26
28
33
36
34
33
33
32
32
31
30
28
29
30
31
31
31
31
28
28
29
31
32
31
31
31
32
32
32
31
31
33
32
30
30
31
34
35
30
26
27
29
27
26
24
23
24
27
29
28
27
27
26
25
28
27
27
25
25
24
23
26
27
27
27
25
24
24
24
26
26
26
25
24
22
24
24
25
24
23
22
22
24
22
22
23
23
21
23
22
22
23
23
23
24
24
25
27
27
27
27
22
21
24
24
27
28
27
26
23
22
23
22
23
23
22
21
22
21
22
22
22
19
18
19
19
21
23
21
19
19
19
20
20
19
19
18
17
16
20
20
19
15
14
13
15
16
15
13
13
15
16
16
17
16
14
15
17
20
22
23
22
19
19
20
21
22
22
19
16
18
18
20
20
21
24
24
24
23
22
22
21
20
21
22
23
23
23
22
21
22
23
23
23
19
20
18
18
18
19
18
19
19
21
22
21
19
20
21
22
23
22
24
25
25
25
25
22
23
22
21
20
22
23
25
24
21
21
21
23
22
23
24
25
24
23
22
22
20
19
21
23
24
24
22
19
19
19
19
20
21
23
23
23
22
24
24
21
21
19
20
22
22
22
20
20
21
20
19
21
21
21
21
22
20
18
16
16
18
22
21
20
19
17
20
19
19
17
15
14
15
14
16
17
17
19
16
14
14
16
17
17
17
17
18
19
20
19
20
21
20
20
21
23
22
22
22
22
21
21
23
24
25
27
26
25
22
23
24
24
22
21
23
22
24
24
22
22
22
22
22
24
25
25
22
21
23
24
24
20
17
18
22
22
20
18
17
21
22
23
24
21
18
17
19
20
21
20
20
19
20
19
19
18
19
20
18
18
15
18
20
20
23
25
23
21
20
19
22
22
21
20
24
23
23
23
24
23
21
20
20
22
23
24
24
24
25
23
21
20
23
26
25
25
26
25
24
23
23
24
23
22
23
23
24
24
23
23
25
25
25
26
26
26
27
30
29
27
25
23
23
23
24
22
23
23
22
22
24
27
26
24
22
21
21
23
22
24
27
27
25
24
23
26
27
27
27
26
26
27
27
26
26
25
26
27
29
29
27
28
29
29
29
27
26
25
25
26
27
27
27
27
26
23
24
24
25
21
19
20
21
23
26
26
23
19
19
21
24
25
25
24
23
22
22
22
22
24
23
23
24
26
25
26
25
24
22
23
27
29
28
29
27
28
31
33
33
31
30
31
31
34
34
32
30
28
26
29
30
31
30
30
31
31
30
29
29
27
28
29
29
29
32
33
30
29
28
28
27
29
26
26
28
26
25
24
27
28
25
24
23
21
21
22
21
20
21
22
21
23
23
22
23
24
22
21
17
17
18
20
19
17
16
18
19
18
17
17
17
18
20
20
21
22
22
20
21
21
19
21
23
25
27
27
24
24
22
24
25
25
25
26
26
25
26
25
22
22
22
22
20
21
23
26
26
24
19
18
18
19
18
16
18
19
20
22
21
22
23
21
20
20
19
21
22
23
23
21
21
21
21
23
23
23
21
18
19
23
26
27
25
25
23
21
23
24
25
25
23
24
26
26
25
23
22
21
20
19
21
23
22
20
17
17
19
20
18
17
17
17
19
19
19
19
16
16
15
17
21
22
21
22
20
20
17
16
16
15
16
18
20
22
18
17
14
15
18
17
14
11
13
12
10
11
12
16
19
16
12
12
16
15
13
12
12
12
13
14
14
16
14
12
11
11
15
18
16
15
15
13
15
16
19
20
19
18
20
22
21
20
20
19
16
15
18
20
21
21
18
17
17
16
15
17
15
14
16
15
15
15
16
15
14
11
11
13
15
15
14
13
13
11
11
13
11
11
10
11
14
14
12
13
14
14
13
11
13
15
16
15
15
17
17
15
14
15
15
16
16
17
19
20
19
19
19
19
19
18
16
16
16
19
20
16
13
13
13
17
19
17
16
15
17
16
10
11
14
15
14
12
11
12
12
12
10
11
11
12
11
11
14
16
14
12
11
12
13
13
10
11
15
18
15
13
11
10
13
15
13
11
12
14
16
17
14
11
11
12
9
10
12
12
15
14
12
12
14
13
12
12
14
18
18
16
13
12
14
15
13
14
16
17
17
19
17
15
14
13
13
16
19
18
17
16
16
18
19
19
19
15
16
15
13
13
15
16
16
12
10
7
7
11
13
11
9
4
6
9
8
7
5
6
10
10
9
13
17
22
23
25
25
25
28
29
27
25
23
24
22
17
14
12
9
8
9
10
14
16
18
17
15
16
15
15
13
11
14
15
16
20
22
24
26
25
26
22
21
19
13
9
8
13
17
17
15
14
16
18
18
16
16
17
15
14
16
18
21
24
23
22
23
23
23
23
23
24
23
19
16
16
17
18
17
15
14
15
15
16
15
18
18
16
13
14
16
20
23
22
22
22
19
15
14
17
16
15
16
15
18
23
24
22
19
22
23
22
23
20
15
12
12
15
15
16
15
16
19
18
18
21
20
18
16
15
16
20
24
21
18
13
12
13
13
12
13
13
14
15
13
12
14
15
13
12
8
6
9
11
13
14
12
11
10
10
11
11
13
12
11
11
10
9
11
10
10
9
7
8
8
11
11
10
10
10
10
10
10
11
15
15
14
16
16
17
18
20
20
21
20
18
16
14
14
15
14
13
13
13
13
11
11
9
9
9
10
11
13
15
13
12
12
12
12
13
14
13
13
12
12
16
16
15
12
10
8
10
11
10
11
11
11
12
16
15
16
13
11
11
11
13
14
13
12
11
11
12
11
10
8
8
8
10
12
13
14
13
12
11
11
11
11
13
14
16
15
14
15
16
14
11
10
12
12
13
14
13
11
9
8
9
11
12
13
10
9
7
7
8
8
8
6
4
3
3
5
6
6
4
1
2
3
4
5
5
4
5
6
6
9
8
10
8
7
7
9
11
10
9
7
7
8
8
8
8
6
5
6
6
7
8
11
11
12
10
11
11
11
12
12
12
12
11
11
9
10
14
14
11
9
8
8
7
8
8
9
8
6
6
7
8
11
9
7
7
8
10
12
11
8
6
5
5
8
11
9
6
5
6
9
10
7
6
6
8
9
8
7
8
9
10
11
9
6
10
10
9
8
8
9
10
11
10
8
9
11
14
14
11
11
12
10
10
9
10
13
15
12
9
7
8
9
8
8
9
10
10
12
14
15
13
13
14
15
17
17
15
13
12
11
11
11
11
12
11
7
6
5
6
6
7
6
8
14
23
30
39
40
38
31
26
24
18
11
1
-9
-16
-20
-25
-27
-28
-27
-29
-32
-33
-31
-27
-20
-13
-7
2
12
18
22
24
25
20
13
3
-6
-17
-27
-35
-41
-48
-52
-58
-61
-64
-64
-63
-61
-58
-53
-48
-46
-40
-35
-28
-22
-17
-11
-8
-11
-12
-14
-13
-11
-8
-7
-7
-7
-3
-1
-1
-1
-3
0
3
4
5
11
19
27
35
39
41
46
49
50
48
51
54
57
58
58
60
61
59
56
54
54
51
47
40
35
33
31
26
23
19
15
14
12
12
13
16
18
19
18
19
19
18
17
15
16
17
13
7
5
5
5
2
-3
-6
-9
-11
-11
-12
-13
-13
-12
-11
-9
-10
-6
-3
-2
-1
1
4
8
11
12
11
13
14
16
16
16
15
17
19
20
19
17
17
16
17
17
18
16
17
15
17
19
17
16
17
18
18
18
17
15
15
14
14
12
10
7
4
3
5
7
7
8
5
2
-1
-2
1
1
-3
-5
-5
-3
-1
-1
-3
-5
-4
-4
-5
-4
-3
-1
1
2
0
-1
0
0
1
2
1
0
1
3
2
6
7
3
2
2
4
5
6
8
9
9
11
14
15
16
17
16
15
16
18
17
20
23
23
20
18
17
17
16
16
17
16
17
17
15
13
14
12
10
8
5
5
5
5
4
3
1
0
0
-1
-1
-1
0
1
3
4
3
3
2
4
3
6
6
5
5
5
7
7
5
2
1
-1
1
3
4
6
6
3
2
5
6
11
12
13
11
12
14
14
17
20
22
22
21
19
19
20
22
21
21
22
22
21
21
21
24
26
26
26
24
26
31
34
35
35
34
31
31
32
34
35
34
33
30
30
31
31
31
27
24
21
21
21
20
20
17
15
14
14
14
15
13
11
7
8
11
11
11
11
10
12
14
16
18
20
22
23
24
27
30
33
37
37
34
32
30
28
28
26
20
16
11
5
2
-4
-8
-15
-20
-25
-27
-27
-32
-40
-42
-33
-24
-14
-6
4
15
32
44
47
50
53
53
52
44
31
19
12
7
-1
-12
-23
-30
-33
-29
-31
-36
-35
-32
-20
-6
-3
-1
4
14
24
28
26
23
22
21
16
12
7
5
-5
-12
-17
-22
-28
-31
-26
-31
-26
-15
-13
-3
4
8
14
20
29
29
34
38
34
36
39
39
36
34
29
19
19
12
4
0
-5
-7
-11
-11
-8
-6
-6
-7
-9
-4
0
3
7
14
18
21
23
26
31
33
32
30
29
29
26
23
21
18
15
14
9
6
4
5
5
4
3
2
3
1
3
7
10
11
10
12
17
18
16
13
10
10
10
12
11
7
5
3
0
-1
-1
-3
-3
-3
-4
-4
-1
-1
0
2
3
5
8
10
10
13
15
13
14
13
14
14
12
10
10
10
9
6
3
2
1
0
-3
-7
-5
0
3
2
-2
-2
-1
2
6
9
11
13
12
13
13
15
14
10
6
5
6
8
9
8
4
3
2
1
-1
0
1
-3
-5
-5
-1
4
6
4
0
1
3
5
5
5
0
-1
1
1
3
3
3
3
1
-1
-4
-2
0
1
3
1
-1
1
2
5
5
4
5
4
5
6
8
10
14
15
9
4
4
10
13
13
10
8
8
9
7
6
6
6
5
2
3
4
5
7
9
11
11
11
14
13
13
12
11
11
11
12
11
8
5
3
0
-1
-3
-2
1
3
4
5
4
3
4
5
6
8
8
6
8
10
11
8
8
6
3
2
0
-2
-2
-2
-4
-5
-6
-4
0
0
1
1
3
5
7
4
5
7
7
8
12
11
12
11
7
5
6
7
7
8
6
4
4
4
4
3
1
2
0
2
1
3
3
3
5
6
5
4
1
2
1
2
5
6
9
9
3
2
4
5
5
2
-1
-1
2
5
5
3
0
-2
-3
-3
-2
-2
-2
-1
0
-1
1
3
4
4
2
0
-1
-2
0
3
2
3
4
4
4
2
1
0
1
2
4
7
7
6
5
5
10
10
8
8
7
7
8
8
4
4
3
2
0
-2
-1
-2
-1
-3
-4
-5
-5
-6
-6
-5
0
4
2
2
2
3
6
6
4
6
6
6
7
6
7
7
6
6
4
2
1
3
5
6
6
7
7
7
6
3
4
4
7
11
12
11
12
12
12
13
14
12
12
13
12
11
12
13
15
16
15
13
12
14
14
13
12
10
14
16
15
12
10
12
13
13
12
10
5
3
5
8
13
16
15
11
8
12
15
15
15
13
9
7
6
4
4
5
2
-1
-4
-4
-4
-3
-1
-2
-1
-2
-1
-3
1
4
5
2
-1
-1
1
3
-1
-1
2
4
5
2
0
-1
-1
-2
-4
-6
-7
-1
-1
-3
-4
-3
-4
-2
0
-3
-1
3
7
8
10
11
9
16
15
12
14
16
13
12
12
9
8
9
3
0
5
7
7
8
8
4
8
13
11
10
10
11
8
10
13
16
19
18
13
13
16
18
17
15
13
15
14
12
11
16
17
16
15
13
12
14
15
13
12
12
15
14
15
14
13
11
10
10
10
11
13
14
14
13
12
11
11
12
13
9
9
11
13
14
12
10
8
9
7
7
6
6
7
7
6
4
5
6
8
7
7
5
5
6
8
8
7
7
5
6
8
10
10
11
10
10
12
12
11
11
11
14
15
15
15
13
15
15
16
17
16
15
14
12
13
13
13
12
12
10
11
15
15
13
14
13
11
11
10
12
16
16
11
11
12
13
14
14
13
11
11
11
9
9
8
9
10
10
10
11
11
13
13
13
13
13
10
8
10
12
14
11
10
8
9
10
8
7
6
6
8
8
8
8
8
7
4
2
3
5
6
8
7
4
3
6
10
11
11
10
10
8
6
6
6
6
4
1
1
4
8
9
9
6
7
10
11
10
8
6
8
10
8
6
6
10
11
11
9
6
6
9
7
6
5
4
5
8
9
9
11
11
13
15
14
12
12
13
14
17
18
18
18
16
15
15
16
17
17
15
13
13
17
17
16
14
11
14
16
16
17
14
16
16
16
17
17
17
19
21
19
17
17
15
13
12
14
14
14
11
10
11
13
12
7
5
8
12
15
16
16
14
11
8
9
10
12
13
13
11
11
12
15
15
11
10
11
12
14
11
8
7
9
10
11
10
13
12
11
10
9
12
11
14
15
16
17
16
16
18
16
16
15
16
16
17
16
14
14
15
14
17
17
17
16
16
16
15
18
19
21
22
19
17
18
18
19
20
21
23
24
20
18
18
20
20
18
15
15
16
16
16
17
17
15
15
14
14
16
16
16
18
19
19
18
17
18
18
18
19
19
18
17
17
15
15
17
15
14
12
10
11
12
11
12
12
11
10
11
12
12
12
9
7
11
10
8
6
6
8
11
10
7
6
4
5
4
4
6
4
1
2
5
6
5
2
1
3
5
5
4
3
3
3
1
1
0
-1
-2
0
2
0
-1
-4
-4
-5
-7
-5
-7
-7
-8
-8
-7
-3
-1
0
-2
-2
-1
0
-1
0
4
5
5
4
0
-2
-4
-2
-1
-1
1
-1
-3
-2
-1
-2
-3
-4
-4
-3
-5
-7
-6
-4
-2
-4
-5
-7
-7
-7
-6
-3
-2
-4
-6
-6
-3
-1
-1
-5
-5
-5
-2
-2
-3
-3
-2
0
-2
-3
-2
0
4
2
0
-1
0
0
0
-2
-3
-2
0
1
0
-1
-4
-6
-4
-2
-2
-2
-2
-3
-1
1
-1
-3
-2
-1
1
2
1
0
0
2
0
-1
-1
-1
1
5
3
0
-2
-1
-1
-1
-1
-1
1
3
2
1
1
2
3
-1
-2
0
3
4
-1
-4
-3
2
5
4
2
1
1
0
-3
-1
-1
0
-2
-4
-5
-4
-4
-4
-5
-6
-5
-8
-8
-8
-9
-8
-8
-8
-8
-7
-3
-1
0
-1
-3
-4
-2
-3
-4
-3
-2
-2
-1
-3
-2
-2
-3
-4
-9
-8
-6
-3
-2
-2
-5
-8
-9
-8
-8
-5
-4
-4
-6
-9
-10
-13
-14
-14
-16
-16
-15
-13
-14
-14
-15
-16
-16
-16
-14
-13
-16
-15
-11
-10
-8
-9
-11
-10
-10
-10
-12
-11
-11
-10
-9
-10
-12
-13
-14
-14
-13
-11
-9
-9
-10
-10
-9
-7
-9
-13
-12
-9
-7
-7
-7
-4
-3
-3
-2
-4
-4
-3
-5
-5
-4
-2
-3
-4
-5
-4
-2
-2
-3
-5
-5
-6
-6
-5
-4
-4
-5
-7
-6
-1
-1
0
-2
-2
-3
-4
-8
-6
-3
1
4
3
-1
-3
-4
-3
0
-2
-4
-5
-6
-4
-3
0
0
-1
-2
-3
1
2
3
4
2
3
7
6
8
6
4
2
3
7
10
7
4
2
0
1
4
5
4
4
4
4
6
5
3
-1
-3
0
2
2
2
1
-1
1
0
0
3
5
1
0
1
0
5
5
4
1
1
-1
-2
1
2
-2
0
-1
-6
-9
-8
-6
-8
-4
-1
-3
1
3
1
2
1
-1
-4
-2
-1
-1
2
0
-6
-7
-4
-3
-3
-4
-8
-7
-5
-6
-9
-5
-3
-2
0
1
2
5
6
3
3
6
10
8
8
4
2
3
2
2
1
-1
-4
-6
-5
-5
-5
-3
-6
-7
-6
-8
-7
-4
-1
-1
-4
-5
-4
-1
0
1
-2
-1
-6
-7
-4
-2
-2
-3
-4
-7
-8
-7
-5
-3
-1
-2
-4
-6
-4
-2
0
1
1
1
4
4
4
4
5
6
7
5
6
6
4
4
3
4
3
0
-1
0
-1
-1
-4
-6
-6
-4
-1
0
1
1
0
0
-2
-5
-4
-3
0
3
2
2
2
1
0
-3
-3
-2
-2
-1
-1
-1
-2
-3
-1
-3
-1
-4
-4
-4
-4
-4
-1
0
-2
-3
-6
-3
-3
-3
-3
-1
-2
-2
-4
-4
-2
0
0
-4
-6
-4
-4
-5
-6
-5
-3
-3
-1
-3
-4
-2
-5
-7
-7
-2
0
-1
-2
-1
0
0
-1
-1
-1
0
-2
-5
-5
-2
1
0
-3
-4
-5
-5
-1
-2
-4
-6
-6
-5
-4
-3
-2
-2
-3
-4
-4
-6
-5
-3
-3
-4
-6
-9
-10
-8
-5
-4
-8
-10
-10
-9
-7
-6
-6
-7
-7
-8
-8
-9
-9
-5
-1
-2
-4
-6
-6
-4
-5
-6
-5
-3
-2
-1
-2
-2
-1
-3
-4
-5
-3
-2
-3
-3
-3
-2
1
1
-2
-5
-4
-4
-3
-3
-4
-5
-5
-4
-5
-6
-6
-5
-4
-7
-6
-6
-5
-6
-7
-8
-8
-7
-6
-6
-6
-4
-4
-3
-4
-7
-7
-8
-10
-9
-9
-7
-5
-7
-9
-9
-6
-4
-6
-9
-9
-6
-4
-2
-5
-7
-7
-7
-5
-5
-6
-10
-15
-13
-10
-10
-10
-14
-16
-14
-11
-12
-13
-13
-13
-10
-9
-11
-10
-9
-10
-7
-7
-10
-12
-15
-17
-19
-17
-13
-15
-16
-17
-18
-19
-18
-21
-22
-22
-20
-21
-20
-18
-21
-22
-21
-23
-24
-22
-18
-15
-14
-19
-19
-20
-18
-17
-17
-17
-16
-14
-15
-15
-15
-14
-17
-21
-24
-27
-24
-23
-23
-23
-25
-25
-25
-22
-22
-20
-19
-16
-13
-13
-15
-18
-16
-13
-15
-17
-20
-19
-15
-13
-14
-15
-18
-20
-23
-26
-25
-25
-26
-30
-32
-35
-34
-34
-35
-34
-35
-36
-37
-38
-37
-37
-41
-44
-49
-41
-39
-44
-44
-38
-32
-33
-26
-14
-18
-14
-5
-2
3
-1
0
4
2
2
-5
-10
-12
-24
-23
-30
-39
-42
-43
-48
-49
-49
-49
-42
-35
-29
-27
-27
-21
-16
-11
-4
-4
1
5
3
4
2
-1
-5
-9
-14
-18
-24
-26
-28
-32
-31
-33
-34
-32
-32
-30
-27
-26
-20
-13
-8
-6
-5
-1
0
3
5
-1
-6
-7
-8
-7
-11
-17
-19
-22
-24
-28
-32
-32
-32
-34
-33
-31
-27
-25
-24
-20
-18
-15
-14
-12
-11
-7
-6
-4
-7
-9
-11
-11
-11
-13
-15
-17
-17
-19
-20
-21
-21
-21
-22
-25
-25
-25
-25
-23
-22
-19
-16
-16
-15
-15
-16
-14
-14
-15
-14
-15
-14
-14
-15
-15
-14
-16
-17
-19
-19
-20
-19
-21
-20
-21
-21
-22
-22
-21
-20
-18
-18
-19
-18
-16
-15
-15
-17
-18
-18
-17
-19
-18
-18
-17
-17
-19
-18
-16
-15
-14
-16
-18
-19
-18
-15
-16
-15
-16
-16
-15
-13
-13
-16
-17
-18
-18
-17
-15
-15
-12
-12
-12
-12
-10
-9
-13
-15
-17
-16
-12
-10
-8
-9
-9
-9
-9
-8
-8
-8
-5
-4
-3
-2
1
4
7
11
10
9
11
14
15
13
8
5
2
-1
-7
-14
-18
-20
-22
-26
-29
-30
-27
-24
-25
-26
-29
-28
-25
-22
-20
-19
-20
-19
-16
-12
-8
-8
-9
-9
-7
-5
-3
-6
-10
-13
-14
-17
-17
-19
-19
-19
-21
-24
-26
-19
-12
-12
-16
-17
-15
-9
-6
-6
-10
-12
-13
-12
-11
-14
-19
-20
-25
-28
-29
-28
-32
-34
-35
-33
-28
-28
-28
-29
-26
-21
-18
-13
-7
-2
0
-2
-4
-4
-2
0
-2
-6
-9
-11
-14
-18
-21
-24
-29
-28
-30
-28
-27
-24
-24
-27
-27
-24
-21
-21
-21
-19
-19
-18
-19
-18
-15
-14
-20
-22
-27
-25
-24
-24
-26
-28
-27
-28
-25
-26
-23
-24
-23
-25
-25
-23
-18
-17
-16
-17
-18
-15
-12
-13
-14
-17
-20
-23
-25
-23
-22
-24
-24
-26
-28
-29
-33
-35
-33
-32
-32
-32
-32
-29
-26
-25
-26
-25
-22
-22
-22
-21
-21
-20
-20
-21
-18
-15
-17
-20
-22
-23
-23
-23
-23
-24
-26
-28
-29
-27
-27
-29
-30
-31
-30
-28
-26
-25
-25
-27
-27
-25
-24
-26
-27
-28
-28
-28
-28
-27
-24
-25
-27
-30
-32
-33
-32
-34
-33
-30
-28
-26
-26
-26
-23
-23
-23
-25
-24
-23
-22
-20
-20
-20
-22
-20
-19
-20
-23
-28
-28
-28
-24
-25
-26
-25
-25
-22
-21
-23
-25
-23
-22
-22
-22
-24
-25
-24
-22
-18
-17
-17
-19
-24
-23
-22
-20
-19
-21
-25
-28
-27
-27
-26
-27
-27
-27
-28
-27
-27
-29
-28
-25
-26
-26
-27
-26
-24
-24
-25
-27
-28
-29
-30
-30
-32
-34
-35
-38
-38
-35
-33
-34
-36
-38
-36
-34
-32
-31
-31
-31
-31
-31
-30
-27
-27
-27
-28
-31
-30
-27
-29
-29
-30
-29
-29
-28
-25
-25
-25
-24
-23
-20
-17
-14
-12
-9
-11
-13
-15
-16
-15
-14
-15
-18
-21
-24
-28
-31
-37
-38
-42
-44
-43
-42
-42
-46
-47
-42
-35
-31
-30
-34
-33
-29
-24
-23
-24
-24
-24
-25
-27
-28
-29
-32
-35
-38
-41
-39
-40
-41
-45
-45
-44
-43
-44
-43
-45
-49
-51
-49
-40
-34
-34
-39
-38
-35
-34
-33
-32
-30
-29
-28
-25
-26
-24
-25
-24
-23
-26
-26
-26
-27
-32
-30
-32
-33
-35
-39
-40
-44
-49
-51
-52
-50
-45
-47
-46
-45
-39
-33
-31
-26
-23
-21
-17
-16
-17
-14
-13
-12
-13
-17
-21
-26
-32
-34
-37
-39
-39
-42
-41
-43
-46
-46
-44
-43
-41
-39
-36
-31
-25
-20
-17
-16
-14
-12
-10
-11
-15
-16
-16
-15
-19
-25
-28
-29
-31
-37
-41
-43
-43
-43
-43
-40
-38
-38
-36
-36
-34
-30
-26
-23
-20
-17
-14
-13
-13
-15
-16
-17
-19
-23
-27
-29
-31
-32
-31
-31
-36
-39
-40
-40
-36
-33
-34
-32
-29
-24
-25
-23
-20
-19
-21
-24
-25
-24
-22
-22
-24
-25
-27
-29
-29
-31
-32
-33
-33
-36
-36
-35
-32
-31
-30
-31
-30
-29
-28
-27
-28
-28
-27
-26
-26
-28
-32
-33
-32
-31
-29
-29
-32
-36
-35
-34
-30
-30
-33
-33
-34
-33
-31
-30
-30
-30
-33
-36
-38
-34
-30
-29
-30
-31
-29
-30
-34
-34
-31
-28
-27
-31
-32
-32
-30
-31
-33
-31
-29
-29
-28
-28
-28
-29
-31
-32
-30
-29
-30
-29
-30
-30
-29
-31
-29
-29
-29
-29
-28
-29
-30
-28
-28
-26
-26
-25
-27
-27
-27
-28
-27
-23
-24
-24
-24
-24
-24
-25
-28
-27
-28
-28
-27
-27
-28
-27
-26
-28
-28
-26
-23
-21
-21
-24
-26
-25
-21
-21
-19
-18
-17
-18
-20
-21
-19
-16
-15
-15
-18
-19
-17
-15
-16
-18
-18
-16
-14
-15
-17
-23
-25
-28
-28
-28
-30
-31
-34
-33
-32
-31
-29
-27
-25
-21
-23
-24
-23
-22
-21
-20
-22
-23
-20
-18
-18
-21
-23
-26
-26
-29
-31
-33
-30
-30
-32
-34
-31
-29
-28
-27
-28
-28
-27
-25
-23
-24
-25
-25
-27
-29
-27
-29
-29
-30
-32
-33
-31
-30
-33
-38
-41
-41
-39
-35
-36
-36
-38
-37
-36
-37
-38
-36
-36
-36
-31
-28
-27
-25
-23
-21
-20
-19
-16
-12
-10
-10
-12
-13
-10
-10
-12
-18
-25
-29
-29
-32
-35
-39
-44
-45
-47
-50
-53
-50
-45
-42
-39
-38
-33
-28
-26
-25
-21
-17
-12
-8
-9
-11
-12
-13
-13
-14
-20
-26
-29
-32
-37
-41
-42
-44
-45
-46
-45
-43
-41
-36
-33
-32
-31
-28
-25
-21
-19
-20
-19
-18
-18
-17
-21
-24
-24
-27
-33
-35
-36
-36
-37
-39
-40
-39
-38
-38
-39
-36
-32
-29
-26
-23
-22
-21
-21
-20
-20
-20
-22
-27
-26
-25
-22
-21
-25
-29
-32
-33
-33
-35
-35
-36
-35
-37
-38
-39
-38
-37
-35
-34
-34
-33
-34
-34
-34
-34
-32
-31
-31
-30
-30
-30
-28
-31
-35
-36
-35
-33
-33
-35
-36
-32
-29
-28
-26
-22
-20
-17
-17
-16
-17
-16
-14
-13
-15
-20
-21
-23
-22
-22
-27
-34
-40
-43
-45
-43
-42
-41
-40
-40
-42
-38
-36
-33
-31
-27
-27
-27
-23
-20
-18
-17
-17
-21
-24
-28
-29
-28
-27
-29
-33
-35
-34
-37
-38
-41
-39
-34
-33
-32
-32
-32
-34
-34
-31
-28
-28
-31
-33
-32
-30
-33
-34
-38
-41
-41
-41
-39
-38
-38
-39
-38
-38
-37
-36
-34
-34
-34
-34
-33
-31
-31
-31
-31
-33
-33
-33
-34
-35
-38
-41
-40
-39
-41
-42
-41
-38
-38
-37
-38
-40
-36
-33
-31
-27
-21
-20
-18
-13
-10
-8
-9
-10
-14
-14
-12
-11
-15
-18
-21
-25
-30
-34
-37
-35
-33
-36
-42
-45
-46
-43
-39
-37
-40
-40
-35
-32
-28
-25
-24
-26
-24
-24
-22
-21
-23
-24
-23
-22
-23
-25
-24
-22
-25
-27
-27
-31
-31
-34
-34
-34
-33
-31
-28
-27
-28
-27
-26
-22
-20
-20
-23
-23
-22
-24
-22
-26
-31
-33
-36
-36
-37
-37
-36
-37
-38
-37
-34
-34
-35
-37
-38
-36
-36
-33
-36
-37
-38
-36
-32
-32
-36
-35
-37
-35
-35
-39
-38
-41
-39
-37
-39
-41
-44
-43
-40
-41
-39
-39
-39
-39
-38
-41
-39
-37
-39
-40
-44
-43
-38
-38
-40
-41
-41
-39
-38
-36
-38
-38
-39
-40
-41
-40
-37
-32
-32
-36
-38
-34
-34
-32
-33
-33
-32
-30
-29
-29
-32
-31
-32
-33
-35
-38
-37
-32
-31
-32
-34
-40
-36
-33
-35
-36
-38
-34
-29
-26
-31
-34
-32
-29
-23
-25
-32
-31
-27
-18
-18
-24
-19
-19
-18
-20
-26
-21
-23
-21
-27
-36
-39
-37
-28
-29
-31
-38
-32
-31
-25
-25
-27
-24
-30
-26
-27
-23
-16
-18
-15
-23
-27
-27
-23
-16
-14
-16
-24
-31
-27
-21
-16
-21
-29
-30
-30
-24
-21
-23
-22
-27
-30
-31
-30
-27
-24
-25
-24
-33
-31
-30
-28
-25
-32
-35
-30
-31
-26
-26
-31
-28
-32
-27
-29
-30
-25
-23
-25
-22
-24
-24
-22
-26
-22
-27
-24
-25
-25
-25
-30
-25
-26
-23
-25
-28
-28
-23
-26
-23
-27
-30
-26
-31
-28
-29
-30
-27
-29
-25
-27
-32
-27
-30
-25
-25
-32
-29
-30
-24
-26
-25
-25
-28
-24
-33
-31
-34
-33
-26
-29
-28
-30
-34
-25
-24
-22
-22
-31
-24
-27
-26
-20
-26
-20
-22
-24
-25
-25
-22
-24
-29
-28
-30
-33
-26
-36
-30
-33
-35
-32
-35
-36
-33
-31
-36
-39
-45
-43
-34
-36
-29
-39
-42
-41
-41
-38
-38
-41
-39
-39
-43
-36
-39
-33
-31
-36
-40
-40
-39
-28
-28
-35
-34
-40
-35
-31
-35
-28
-31
-28
-29
-36
-41
-40
-42
-34
-34
-36
-36
-38
-37
-34
-38
-35
-41
-45
-35
-41
-33
-31
-37
-32
-37
-36
-34
-37
-28
-26
-28
-29
-31
-29
-24
-24
-28
-29
-32
-31
-31
-27
-27
-29
-28
-30
-37
-36
-35
-30
-28
-41
-37
-41
-30
-22
-30
-24
-36
-38
-25
-30
-29
-24
-36
-38
-28
-40
-24
-29
-40
-29
-48
-36
-24
-45
-31
-44
-60
-23
-50
-36
-34
-55
-37
-35
-44
-21
-38
-36
-21
-44
-30
-26
-43
-17
-40
-42
-27
-43
-28
-27
-47
-38
-48
-47
-27
-46
-43
-42
-54
-37
-40
-41
-27
-44
-40
-36
-44
-33
-37
-41
-32
-42
-38
-30
-40
-31
-35
-43
-29
-42
-42
-34
-47
-37
-39
-50
-38
-45
-51
-38
-55
-44
-45
-55
-41
-50
-48
-41
-46
-48
-42
-56
-40
-46
-49
-39
-53
-45
-41
-49
-37
-36
-50
-44
-44
-53
-33
-47
-45
-43
-51
-42
-41
-44
-38
-45
-51
-41
-46
-41
-40
-36
-47
-28
-49
-35
-31
-41
-35
-42
-42
-33
-42
-40
-47
-46
-51
-33
-48
-40
-49
-48
-50
-49
-52
-45
-44
-50
-40
-52
-47
-42
-51
-41
-50
-48
-47
-43
-50
-42
-44
-51
-43
-48
-50
-36
-56
-46
-46
-56
-36
-48
-49
-43
-54
-42
-44
-57
-47
-52
-51
-44
-56
-55
-44
-57
-45
-52
-50
-44
-44
-53
-43
-56
-45
-43
-47
-43
-45
-52
-43
-47
-44
-40
-40
-51
-26
-26
-41
-44
-44
-31
-30
-35
-33
-39
-44
-34
-28
-27
-38
-44
-32
-34
-44
-32
-39
-37
-32
-52
-41
-39
-53
-31
-42
-48
-34
-58
-42
-39
-51
-44
-37
-57
-43
-49
-56
-42
-50
-56
-36
-64
-44
-48
-52
-38
-50
-56
-43
-52
-48
-35
-54
-46
-42
-56
-26
-51
-45
-36
-55
-42
-43
-55
-35
-44
-55
-33
-53
-38
-28
-55
-34
-41
-56
-34
-45
-47
-25
-49
-39
-31
-53
-24
-34
-44
-28
-38
-42
-17
-47
-27
-39
-38
-41
-34
-43
-36
-35
-31
-39
-32
-36
-39
-27
-43
-41
-33
-46
-31
-34
-44
-28
-45
-41
-29
-47
-40
-30
-55
-28
-35
-54
-18
-64
-32
-40
-50
-36
-41
-53
-23
-56
-37
-40
-55
-40
-47
-54
-37
-50
-47
-36
-50
-43
-36
-54
-39
-44
-46
-37
-38
-44
-27
-38
-37
-37
-43
-31
-30
-35
-27
-40
-30
-32
-33
-27
-31
-32
-29
-35
-25
-27
-27
-23
-30
-23
-19
-32
-17
-26
-34
-22
-32
-25
-11
-33
-21
-22
-35
-22
-27
-37
-20
-34
-29
-23
-30
-34
-23
-32
-30
-21
-39
-24
-29
-35
-31
-35
-37
-33
-33
-43
-29
-43
-44
-31
-54
-49
-39
-52
-42
-43
-62
-40
-50
-56
-40
-54
-55
-38
-61
-54
-49
-66
-45
-51
-57
-50
-42
-56
-34
-50
-46
-41
-46
-48
-33
-49
-36
-34
-37
-35
-23
-41
-15
-29
-30
-15
-26
-12
-8
-18
-8
-10
-16
14
-20
15
-6
-5
11
-3
-4
20
-11
14
14
-7
23
1
-4
20
-9
10
14
-6
7
6
-12
4
-7
-12
0
-12
-16
-10
-29
-19
-31
-38
-34
-39
-42
-43
-47
-51
-60
-59
-69
-71
-69
-85
-85
-85
-110
-87
-115
-116
-110
-130
-120
-126
-139
-139
-130
-158
-126
-158
-146
-139
-154
-140
-143
-142
-133
-122
-121
-106
-112
-107
-85
-92
-58
-60
-47
-34
-31
-16
1
15
25
50
43
71
76
89
115
110
133
125
154
147
171
169
181
187
194
188
201
194
194
203
192
187
194
164
182
163
153
148
132
107
108
66
63
51
5
-2
-38
-80
-57
-127
-129
-164
-206
-231
-246
-315
-289
-339
-380
-360
-431
-429
-429
-478
-456
-481
-502
-504
-476
-522
-466
-491
-470
-398
-422
-385
-371
-338
-285
-226
-224
-162
-113
-103
-36
-20
37
103
120
145
176
208
241
284
278
313
307
302
321
313
323
322
309
302
285
264
259
244
236
228
207
200
168
159
159
151
147
138
119
119
119
107
125
122
110
125
110
110
127
124
150
146
130
132
136
134
137
120
101
93
51
68
31
18
-32
-61
-120
-138
-201
-239
-274
-358
-398
-454
-484
-527
-586
-641
-668
-707
-732
-726
-694
-647
-725
-733
-733
-637
-530
-542
-538
-465
-413
-350
-293
-259
-118
-30
-62
-9
32
119
234
248
251
314
315
331
387
388
445
475
427
420
409
392
424
424
374
358
310
271
281
232
223
185
154
95
47
41
31
39
6
-52
-62
-53
-77
-37
-46
-51
-7
-40
-44
27
26
79
108
66
111
169
148
222
208
207
253
231
195
241
211
217
193
130
93
91
66
-20
-4
-160
-113
-236
-300
-352
-429
-490
-584
-673
-711
-691
-795
-808
-890
-828
-779
-916
-911
-909
-780
-705
-752
-781
-647
-532
-501
-445
-434
-243
-131
-155
-109
-27
111
205
222
206
312
368
397
434
443
510
543
510
482
512
523
541
535
460
452
422
415
389
361
302
285
262
171
171
114
129
102
17
-20
-42
-12
-44
-50
-94
-64
-69
-82
-92
-67
-18
-11
-9
-24
34
65
104
84
96
144
160
166
139
154
175
174
117
82
55
89
-10
3
-150
-103
-228
-272
-354
-455
-493
-608
-727
-812
-801
-829
-880
-978
-1040
-903
-1018
-980
-1146
-985
-817
-883
-900
-871
-767
-563
-509
-613
-416
-240
-233
-127
-164
-22
214
213
151
251
303
399
491
408
493
587
547
534
544
545
612
618
504
505
479
448
477
412
359
325
273
233
175
115
106
72
23
-65
-113
-88
-74
-142
-145
-201
-161
-121
-183
-167
-90
-96
-53
-50
-75
47
117
62
129
120
173
234
211
176
245
289
213
273
91
171
177
98
32
6
-139
26
-297
-241
-346
-441
-455
-600
-770
-755
-845
-995
-927
-1072
-1130
-954
-1058
-1277
-1002
-1289
-1183
-834
-1115
-991
-814
-1043
-745
-527
-781
-455
-229
-460
-164
-136
-214
232
269
101
356
337
307
584
498
518
728
623
562
665
608
654
759
608
579
589
494
494
518
478
435
403
287
246
250
224
164
182
46
-4
37
-7
10
18
-59
-40
-10
-51
-14
69
42
99
92
74
159
225
225
261
265
259
308
274
302
259
249
210
114
128
107
-48
-60
-164
-301
-344
-408
-573
-649
-752
-891
-1005
-1040
-1159
-1138
-1149
-1423
-1047
-1274
-1286
-1123
-1488
-1074
-875
-1067
-1005
-832
-855
-486
-436
-645
-158
-50
-100
84
53
205
592
537
395
634
627
754
871
766
862
1018
916
840
886
866
959
945
783
739
709
690
637
618
541
478
431
311
238
197
225
136
118
-46
-95
18
-29
-28
-53
-62
-17
38
-31
12
176
173
214
224
218
387
481
429
469
507
534
592
542
469
588
507
364
428
201
256
304
-49
-36
-105
-275
-334
-445
-697
-635
-860
-1013
-1169
-1273
-1412
-1202
-1387
-1533
-1542
-1329
-1532
-1328
-1582
-1496
-1051
-1060
-1180
-1004
-1017
-655
-352
-543
-392
-14
9
185
224
237
647
866
689
723
851
938
1142
1126
1018
1169
1223
1101
1077
1085
1059
1129
1046
830
800
817
720
728
605
486
504
454
273
230
206
146
193
31
-76
8
32
-3
6
-56
-22
104
42
22
124
176
255
277
255
291
430
492
446
426
470
453
500
419
260
351
220
266
136
-175
40
-219
-446
-467
-650
-820
-876
-1078
-1447
-1296
-1670
-1567
-1723
-1729
-1829
-1710
-1606
-1949
-1581
-1914
-1598
-1174
-1393
-1230
-1080
-1091
-682
-321
-617
-181
161
14
395
332
405
936
1092
809
978
1049
1075
1391
1250
1199
1373
1379
1151
1196
1078
1133
1274
1099
843
759
723
714
739
585
406
425
273
142
78
59
90
6
-117
-329
-181
-103
-100
-124
-213
-187
-50
-40
-67
87
183
231
251
183
348
492
579
446
510
351
562
576
194
394
241
324
19
-142
-159
-379
-512
-663
-788
-1102
-1292
-1393
-1693
-1871
-2096
-1961
-1984
-2136
-2261
-1932
-2169
-1992
-2024
-2197
-1497
-1405
-1436
-1242
-1244
-974
-300
-331
-388
179
273
479
735
537
954
1448
1352
1197
1322
1368
1648
1754
1518
1544
1643
1551
1401
1394
1323
1386
1320
1023
818
833
806
752
615
431
263
293
130
21
-58
-106
-114
-184
-336
-394
-233
-164
-218
-232
-270
-111
36
24
109
79
371
329
421
463
483
693
703
585
575
480
621
442
469
59
227
-137
-171
-585
-680
-952
-1138
-1359
-1751
-1887
-2254
-2339
-2687
-2260
-2636
-2583
-2182
-2885
-2312
-2504
-2528
-1604
-1533
-1583
-1315
-1221
-1034
-96
-130
-31
617
618
780
1103
1079
1483
2120
1849
1722
1793
1756
2067
2229
1995
1938
1936
1621
1632
1591
1508
1462
1287
977
790
703
603
599
479
264
25
4
-177
-182
-204
-337
-262
-429
-543
-486
-322
-190
-186
-188
-195
-6
147
197
334
465
576
664
593
784
806
1067
876
727
590
635
612
551
109
86
-270
-400
-717
-1116
-1287
-1720
-2033
-2434
-2693
-2886
-3022
-2998
-3142
-3120
-2805
-3195
-2899
-3228
-2741
-1844
-1697
-1647
-1513
-1245
-646
100
127
419
1077
1222
1451
1631
1690
2286
2829
2599
2433
2344
2304
2614
2658
2461
2215
2067
1853
1716
1574
1239
1234
1040
849
438
121
90
118
111
-182
-394
-546
-541
-546
-613
-513
-501
-526
-512
-484
-351
-87
57
68
310
257
467
656
748
960
1105
1029
1137
1174
1037
1201
1015
882
703
520
181
215
-362
-469
-1132
-1335
-1843
-2016
-2575
-3063
-3422
-3814
-3655
-3676
-3951
-3443
-3541
-3810
-3295
-3935
-3092
-1900
-1815
-1495
-1245
-1311
-326
769
666
1263
2087
1872
2443
2588
2466
3363
3888
3379
3361
3097
2752
3080
3063
2594
2475
2159
1532
1527
1023
686
659
384
118
-288
-713
-878
-747
-713
-781
-870
-1152
-992
-1060
-769
-641
-388
-310
-241
-54
36
440
802
851
1270
1097
1259
1347
1541
1793
1853
1894
1450
1636
1204
1367
1080
869
542
100
-144
-780
-904
-1691
-1938
-2518
-3072
-3720
-3981
-4986
-4490
-4916
-4722
-4432
-4471
-4159
-4408
-4026
-4236
-2736
-1804
-1391
-865
-989
-365
975
1727
2212
2952
3314
3505
3862
3790
4157
4762
4873
4460
4127
3415
3107
3063
2836
2497
1864
1029
492
99
-319
-626
-1012
-1204
-1439
-1963
-2205
-2260
-2011
-1638
-1383
-1474
-1372
-1109
-875
-183
348
636
904
1081
1270
1797
2214
2328
2703
2648
2696
2565
2428
2544
2570
2554
2103
1587
1271
1037
751
380
-183
-523
-1004
-1554
-2350
-2940
-3591
-3956
-4292
-4811
-5532
-6078
-6516
-6271
-5624
-5430
-4998
-4225
-4894
-3724
-4063
-2927
-978
157
619
951
996
2106
4096
4539
5118
5487
5502
5771
5772
5357
5533
5775
5113
4531
3307
2236
1759
1219
822
81
-1023
-2054
-2458
-3024
-3236
-3602
-3906
-3523
-3493
-3733
-3587
-3229
-2409
-1166
-553
-12
562
1152
1880
2886
3594
4026
4243
4384
4340
4646
4625
4479
4524
4087
3468
2766
2274
1951
2035
1291
619
-351
-857
-1291
-1386
-2006
-2463
-3149
-3897
-4321
-4895
-5547
-5312
-5806
-5821
-6570
-7082
-7010
-6160
-5274
-5237
-3193
-3624
-2520
-2407
-2805
-297
1844
3010
3416
3174
3292
5100
6350
6540
7307
7183
6384
6263
5575
4892
5119
4118
3216
2325
532
-818
-1599
-2104
-2501
-3127
-4378
-5073
-5311
-5492
-5377
-5267
-4751
-3812
-2849
-2086
-1792
-1310
-72
1741
3856
4871
4755
4715
5193
6445
7428
7209
6492
5665
5227
4866
4273
3654
3016
2455
1440
299
-537
-893
-861
-1010
-1689
-2642
-3198
-3201
-2920
-2434
-2952
-3433
-4139
-4597
-4583
-4355
-4389
-4053
-4615
-4917
-5335
-5583
-4528
-4065
-1741
-656
-1232
-1034
-2840
-825
2060
3802
4755
3790
3078
3887
5168
5541
6199
6333
5699
5303
4193
2771
2453
2081
1520
1277
-319
-2087
-3340
-4117
-4021
-3623
-3870
-4329
-4447
-4772
-4492
-3921
-2990
-1474
-13
935
1630
2144
2894
4157
5492
6779
7128
6830
6542
5951
6300
5746
5234
4499
3521
2621
1582
596
-25
-248
-692
-1336
-1942
-2411
-2402
-2153
-2294
-2281
-2293
-2064
-1726
-1363
-1572
-1644
-2034
-2203
-2310
-2456
-2480
-3119
-3546
-4516
-4414
-3923
-3558
-2812
-1504
-1877
-924
-2383
-2551
32
1741
3480
3613
2281
2520
3785
4271
5168
5845
5223
4835
4053
2733
2345
2032
1029
897
249
-1262
-2430
-3712
-4106
-3434
-3193
-3395
-3335
-3446
-3308
-2708
-2209
-1007
438
1371
2315
3350
3905
4728
5477
6094
7014
7188
6496
5937
5241
4762
4250
3481
2626
1840
989
-124
-763
-1264
-1608
-1648
-1902
-1945
-1924
-1993
-1967
-1819
-1534
-1028
-923
-526
-653
-916
-907
-1654
-1674
-2285
-2424
-3188
-3741
-4245
-5131
-3891
-4390
-2790
-1136
-2027
-879
-2852
-2281
346
2296
3880
3821
2909
3249
4323
4776
5379
5930
5562
4839
4097
2430
1674
1089
44
-24
-700
-1990
-3264
-4529
-4933
-4339
-3715
-3424
-2921
-2879
-2629
-2016
-1172
273
1745
2728
3601
4651
5317
6364
6690
7138
7226
7002
6514
5891
5085
3944
2919
1904
1319
714
-206
-1123
-1801
-2272
-2339
-2384
-2272
-1860
-1530
-1382
-1224
-1175
-720
-161
304
517
379
12
-461
-968
-1696
-1912
-3152
-3742
-4620
-4814
-4957
-4729
-4513
-2592
-1991
-933
-2299
-3018
-847
1009
3751
4469
3799
3916
4149
4749
5601
6445
6068
5414
4370
3133
2052
871
-339
-705
-1013
-2122
-3125
-4557
-5109
-4843
-4431
-3830
-2742
-2066
-1635
-1169
-577
665
2255
3464
4703
5756
5910
6009
6678
7080
7514
7105
5744
4915
3942
3150
2127
1009
228
-490
-1208
-1591
-2037
-2401
-2595
-2221
-2029
-1152
-702
-174
86
680
677
1107
1161
1835
1525
1383
373
-917
-1315
-2400
-3314
-4156
-5877
-6105
-6796
-6430
-5853
-3328
-2021
-1955
-2489
-4154
-1576
1460
3997
5489
5204
4561
5211
5248
6111
7136
7076
6127
5106
3477
1837
375
-1184
-1808
-1499
-2519
-3555
-4948
-5994
-5668
-4939
-3839
-2297
-1248
-886
-173
582
1859
3315
4408
5757
6946
7229
6919
6477
6329
6431
6277
5334
4168
2890
1420
353
-416
-1088
-1337
-1767
-2109
-2173
-2241
-2246
-1885
-1170
-152
803
1433
1710
2007
2244
2400
2384
2468
2332
1866
1189
-787
-2208
-3713
-5266
-5603
-7498
-7449
-8324
-7745
-6702
-4929
-2557
-2213
-2094
-2732
-798
2563
5344
6879
6882
6550
6895
6865
7297
7530
7184
6024
4627
2806
1041
-934
-2658
-3694
-3919
-4453
-5275
-6096
-6688
-6088
-5136
-3646
-1991
-494
738
2012
3202
4459
5537
6388
7440
8105
8437
7829
7077
6341
5746
5039
3778
2379
998
-344
-1281
-1954
-2448
-2605
-2773
-2727
-2234
-1826
-1305
-666
63
1083
2095
2983
3489
4146
3985
4170
3659
3237
2731
1900
951
-702
-2610
-4381
-6493
-7439
-9295
-9670
-9810
-9559
-7385
-6536
-2363
-1923
-459
-994
-173
3652
6848
9288
10015
9054
8849
8183
8028
8025
7548
6209
4113
2191
-212
-2391
-4544
-6097
-6415
-6412
-6600
-6752
-6956
-6670
-5407
-3584
-1099
1299
3086
4549
5852
6879
7853
8582
9186
9651
9555
8788
7369
5971
4405
3245
2092
763
-285
-1650
-2734
-3569
-3945
-3654
-3170
-2485
-1666
-939
-20
616
1639
2679
3953
4875
5569
5691
5729
5418
4752
4118
3012
2247
901
-305
-2873
-4698
-7583
-8926
-10406
-10670
-11655
-10087
-9716
-7341
-4404
-2128
727
1905
2019
3982
6837
9727
11973
11860
10995
10147
9055
7930
7597
6064
3465
1429
-828
-2815
-4576
-7016
-8454
-8667
-8106
-7139
-6382
-5643
-4679
-3074
-640
2303
4968
6948
8151
8828
9540
10105
10064
9591
8846
7779
6580
4994
3328
1761
108
-933
-2334
-2793
-3317
-3675
-3479
-3330
-2597
-1441
-247
974
2011
2872
3655
4579
5423
6163
6605
6701
6539
6308
5648
4848
3419
2138
609
-322
-2187
-3576
-6348
-8344
-9962
-10831
-11182
-10656
-10342
-9109
-7725
-5489
-2756
1873
4641
6614
6862
6736
9116
11107
12449
12513
11357
9598
7943
5913
4187
2424
80
-2224
-3625
-5021
-6367
-7947
-9326
-8906
-7358
-5624
-3835
-2404
-987
896
2889
5173
7793
9502
10410
10969
10835
10349
9259
7760
6580
5532
3847
1995
-165
-1888
-3157
-3904
-4454
-4306
-3917
-3344
-2184
-1057
191
1555
2588
4119
5588
6677
7074
6935
6798
6872
6977
6949
6440
5847
4812
3771
2517
1002
-514
-2060
-3367
-4649
-6249
-7882
-9182
-10481
-10227
-9933
-8583
-7684
-6569
-6299
-3520
-1199
3535
7611
8777
9462
7516
8158
10005
11690
11891
10558
8270
6216
4349
2214
228
-1746
-3849
-4667
-5147
-5954
-6734
-7994
-8037
-6286
-4084
-1664
114
1353
2782
4441
6257
8152
9437
9936
10070
10286
9780
8636
6515
4302
2880
1619
386
-1039
-2857
-4431
-5424
-5332
-3901
-2131
-1274
-387
202
1569
3610
4914
6154
7120
7472
8070
8074
7510
6994
6001
5510
5371
5110
4435
3221
1684
280
-874
-2339
-3440
-4817
-5728
-7098
-8117
-8748
-9247
-8223
-7653
-6586
-5388
-5724
-4974
-2342
-121
5672
8742
9058
9515
7225
7817
9933
10596
10580
9685
6911
5328
3473
683
-862
-2922
-4649
-4416
-4833
-5415
-6098
-7586
-7136
-5172
-3030
-544
1187
2412
3915
5446
6779
8231
9141
9384
9713
9777
9110
8088
5698
3145
1497
-73
-828
-1864
-3413
-4790
-5815
-6362
-5396
-3298
-726
1816
3107
4217
4817
5760
7191
8363
9601
9605
9013
7946
6585
5306
4235
3750
3451
3216
2303
920
-437
-1757
-2596
-3253
-3887
-4476
-5398
-6208
-7064
-7004
-7333
-6599
-6091
-4978
-4013
-3034
-3601
-1925
-336
2748
8290
8927
9994
8238
6481
8042
8926
9045
8793
6534
4400
3133
862
-809
-2645
-5013
-5363
-5011
-4963
-4826
-5889
-6379
-5004
-3223
-751
1452
2896
4323
5796
7117
8332
9119
9020
8891
8918
8346
7244
5225
2642
1067
-232
-1308
-2055
-3416
-4491
-5175
-5553
-5096
-4054
-2846
-978
2078
5310
7542
8349
7885
7293
8350
8960
9925
9546
7716
5903
4202
2997
2171
1419
721
376
-14
-623
-1624
-2788
-3799
-4112
-4061
-3896
-4183
-4872
-5271
-5087
-5106
-3910
-4177
-3545
-2909
-2811
-2048
-1061
772
3030
7357
7863
9008
7135
5243
6717
7137
7836
7510
5134
3298
1740
-284
-1512
-3123
-4756
-4843
-4611
-4177
-3884
-4659
-4770
-3588
-1859
556
2460
3632
4949
6168
7064
7875
8284
8015
7859
7522
6702
5681
3623
1324
-57
-1183
-1820
-2459
-3414
-3975
-4362
-4614
-3871
-3153
-2101
-539
1864
5394
8286
9265
9046
7947
7807
8284
8553
8376
6779
5014
3302
1928
856
17
-513
-705
-534
-470
-929
-1690
-2580
-2748
-2741
-2449
-2477
-2851
-3218
-3517
-3168
-2973
-2563
-2830
-2843
-2714
-2587
-2654
-2091
-1382
732
5393
6871
7941
5880
3608
4973
5947
6949
7054
5301
3677
2461
730
-415
-1961
-3623
-3734
-3276
-2554
-2287
-3434
-4113
-3631
-2295
-257
1232
2355
3744
5002
5992
6642
6921
6776
6682
6836
6622
5962
4258
2182
637
-474
-1081
-1694
-2410
-2733
-3123
-3422
-3577
-3533
-2641
-1539
-240
2451
5443
7267
8528
7565
7425
7259
7010
7426
6758
5872
4446
3172
2015
965
455
142
289
596
621
293
-528
-1237
-1912
-2067
-2087
-2287
-2353
-2652
-3266
-2854
-3062
-2749
-2940
-4122
-3292
-4157
-3812
-3531
-2708
-1141
2188
5741
7047
7940
5001
4594
6138
6661
7660
6978
5210
3932
2399
779
-765
-2829
-4146
-3885
-3260
-2692
-3146
-4221
-4414
-3800
-2309
-246
1309
2640
4496
5880
6842
7277
6979
6851
7179
7523
7102
5853
3684
1462
-28
-1254
-1945
-2716
-3762
-4198
-4407
-3964
-3722
-3534
-2471
-602
1829
4395
5990
6526
6905
7349
8044
8355
8045
7384
6312
5445
4198
2798
1717
671
440
426
449
34
-464
-796
-1149
-1335
-1727
-1775
-1840
-1848
-1892
-2131
-2580
-2103
-2220
-1628
-1297
-1994
-2330
-3141
-3751
-4541
-3129
-2912
-624
2663
5116
6892
6264
3917
3624
4558
5444
6327
6162
4931
3751
2450
1059
-645
-2259
-2694
-2347
-1533
-1385
-2149
-3285
-3703
-3482
-2307
-616
590
1971
3460
4624
5404
5727
5574
5398
5738
6064
5865
5016
3352
1739
327
-759
-1403
-1812
-1756
-1537
-1319
-1370
-1737
-1977
-1440
-382
1214
3213
4555
5636
5762
5585
5541
5167
5293
4884
4788
4392
3614
3147
2264
1864
1717
1828
2269
2203
2218
1512
909
120
-739
-986
-1489
-1693
-1873
-2556
-2549
-3062
-3022
-3183
-3011
-3343
-3967
-3774
-4216
-4275
-4375
-4119
-3332
-68
3286
6726
8104
6642
4746
5923
6179
7084
7788
6749
5370
3981
2854
1033
-1555
-3335
-3961
-3450
-3141
-3681
-4611
-5531
-5623
-5102
-3489
-1879
-256
2123
4399
5846
6932
7390
7417
7673
8166
8374
7959
6911
5172
3237
1240
-404
-1658
-2568
-2857
-3126
-3380
-3702
-4398
-3990
-3554
-2226
-384
1508
3768
4729
5810
6101
6363
6802
7052
7609
7340
7125
6337
5446
4469
3073
2408
1867
1611
1326
694
-69
-1131
-2046
-2788
-3076
-3117
-3039
-2499
-2246
-2013
-2018
-2306
-2321
-1933
-1796
-1321
-1300
-1554
-1689
-2332
-2787
-2560
-2321
-508
1303
4323
6030
6223
4298
3305
3003
2853
3453
3653
3190
2418
1591
662
-719
-1856
-2149
-2107
-1393
-1153
-1038
-1061
-1397
-1381
-1127
-340
734
2101
3660
4640
5085
5107
4914
4745
4683
4482
4052
3550
2937
2007
566
-404
-1253
-1573
-1240
-1013
-578
-569
-303
-173
-23
716
1207
2661
3954
4960
5566
5115
5429
4947
5174
5048
4483
4282
3409
3209
2647
1940
1359
1092
1224
1158
1246
1229
723
506
40
-217
-247
-421
-385
-497
-937
-810
-1173
-1371
-1369
-1907
-2033
-2538
-2734
-3070
-3131
-3810
-3928
-3724
-3567
-2584
-1868
1224
2565
4278
4818
3402
3745
2870
3894
4128
4024
4380
3631
3500
2366
1458
370
-374
-162
-154
-55
-313
-637
-1049
-1130
-1126
-910
-539
277
1344
1929
2666
2796
3138
3292
3579
3824
3713
4078
3812
3838
3366
2571
2528
2280
2313
2066
1510
1199
566
843
545
482
724
504
1236
1470
1715
2153
2058
2322
2641
2612
3049
3294
3661
3925
4080
4119
4040
4076
3809
3767
3501
3026
2356
1855
828
131
-542
-1211
-1623
-2097
-2443
-2769
-2612
-2622
-2435
-2151
-2487
-2079
-2285
-2255
-2056
-2408
-1564
-1299
-314
-64
512
1229
648
1959
2452
2831
3365
2951
3725
2665
2844
2624
2277
2247
1437
2132
1565
1223
1508
1113
1155
979
1306
1156
1006
1192
1007
1013
874
796
896
1152
1846
2319
2923
3017
3052
3275
2592
3001
2789
2785
3003
2715
2876
2209
2160
1833
1708
1760
1542
1912
1746
1957
2076
1990
1925
1789
2166
2389
2654
2517
2778
2813
2708
3203
3295
3448
3363
3658
3425
3217
3092
2580
2302
2055
2130
1840
1664
1551
916
724
540
288
180
217
395
546
1594
1351
1393
1653
1155
1205
1023
927
137
212
-858
-300
-617
-586
-237
-770
-150
-868
135
-149
425
1556
1274
2881
2664
3611
3919
3275
4323
3861
4088
4669
4509
4553
4424
4090
3820
2961
2674
1623
1588
1551
804
1563
1514
1446
1911
1993
2428
2409
3013
3395
3558
4280
4190
4652
4703
4786
5249
5160
5214
5093
4840
4521
4263
4053
3562
3325
3125
3047
3143
2965
2773
2925
2956
3217
3673
3912
4373
4573
5226
5470
5945
6393
7021
7611
8025
7765
8533
8016
8008
7689
7028
7103
5603
5772
4909
4927
4711
4697
5877
5776
7178
7403
7003
8453
7288
7972
8120
8067
7581
6786
5411
3816
4200
3881
4889
5013
4412
3052
1501
687
461
1060
-65
869
1398
739
1285
877
1415
2706
4585
5673
5974
6312
5226
5126
4152
2539
2197
1237
189
713
731
499
919
822
24
-953
-1515
-2130
-1959
-2173
-2853
-2981
-2954
-3490
-3212
-3014
-3222
-2946
-2973
-2471
-2116
-1781
-1790
-773
-537
-882
-845
-247
-445
132
-71
514
967
149
65
-206
-571
-1075
-644
-1195
-1372
-2333
-1611
-2987
-1953
-2765
-2440
-2291
-2514
-2128
-3184
-1146
-2960
-2143
-905
-1826
-2165
38
-1522
-1949
751
-1407
-914
365
-1249
-1019
-633
-1134
-2991
-763
-3556
-3357
-2148
-5541
-2022
-5331
-3070
-4687
-3789
-3626
-4278
-2899
-4494
-2674
-3834
-3395
-3020
-4375
-3298
-4235
-3888
-4536
-4769
-5220
-5212
-5819
-5332
-6355
-6482
-5755
-6779
-5403
-5847
-5479
-5146
-4998
-5151
-4197
-4328
-3966
-4193
-4069
-4036
-3368
-4032
-3007
-3313
-3303
-3480
-2930
-3436
-2954
-2397
-3717
-2073
-3272
-2649
-2650
-2295
-2078
-2839
-1707
-2340
-1801
-1819
-973
-1148
-1373
-899
-572
-1088
-798
-682
-1272
-992
-1028
-1327
-483
-1509
-520
-1095
-486
-1255
-1689
-666
-2356
-773
-1662
-1732
-1031
-1915
-1540
-878
-1314
-1315
-261
-1311
-443
-214
-821
-295
147
257
-561
906
217
-441
1211
-40
426
0
432
-217
35
486
-1243
460
-679
-877
112
-977
-1158
-680
-372
-1404
-109
-424
-1119
200
-719
-121
-280
176
-93
166
196
-98
-305
528
-448
-53
462
-435
-737
526
-909
-378
-855
-123
-1574
-185
-547
-1489
-263
-1200
-389
-1120
-321
-628
-813
-752
-763
-444
-951
-599
-386
-643
-150
-735
212
-933
143
-632
-378
-254
-231
-889
282
-514
-807
374
-801
-122
-602
637
-1353
251
232
-1229
326
-430
53
-793
1382
-235
-272
1306
-403
-29
986
-169
333
616
-544
136
-71
-529
-439
-233
-490
-269
392
-611
347
420
-819
1282
-287
278
704
330
64
1385
66
40
1401
98
371
1031
52
86
329
-166
-273
-74
-743
-25
-195
-637
-95
-103
-722
-71
179
-122
393
-456
1059
69
485
402
680
-278
1027
529
-46
897
78
51
21
576
-682
714
-26
-151
407
-156
245
687
-184
717
398
1
506
329
165
816
21
434
139
24
684
-72
549
390
616
-516
1401
-42
230
606
1067
-169
636
773
-98
192
786
-565
770
522
-1285
1481
-759
-281
363
243
-398
485
935
-529
1230
604
-101
2211
219
902
1375
466
1349
243
1736
377
16
1501
-341
126
599
-345
-362
133
122
-542
0
391
-438
1070
-305
1659
-97
591
1723
-13
732
1094
734
-458
1167
-297
-608
1220
-1459
28
-96
-1051
-457
-645
216
-1697
1114
-611
204
802
43
826
1466
203
1587
1052
943
1078
905
1159
-231
1402
-377
263
653
-645
555
-342
-613
655
-808
223
140
-478
365
583
169
474
1089
356
655
729
1007
-271
1985
-601
902
672
-598
1077
-548
493
-103
-2
292
-223
241
-249
594
-90
33
825
1
344
974
180
424
1228
-670
1442
29
566
795
415
744
586
308
877
825
711
340
1578
-419
932
680
-214
683
88
160
-596
804
-847
-2
33
-249
-312
711
-352
254
571
314
-134
1785
-24
443
2027
345
646
1904
757
581
1760
135
1035
316
962
196
251
873
-679
1572
-900
658
877
-427
1326
164
534
962
402
845
1449
641
1028
1441
575
880
1175
270
991
-18
736
124
-312
359
152
-917
817
-276
-345
1130
-840
1654
-690
1378
554
405
765
1486
38
2009
490
1255
779
666
1465
105
1625
-357
1470
-623
979
258
-92
540
694
64
886
1004
-554
1979
-136
434
1409
552
32
1495
571
-385
1401
382
-286
745
923
-697
882
602
-603
317
861
-249
509
576
550
531
679
1020
633
840
1521
687
693
1481
931
479
1646
335
937
1084
-89
1652
-221
881
675
145
364
390
529
-111
1355
-430
735
873
-375
1232
99
694
255
1049
-325
1058
798
36
1138
955
-76
1386
741
222
1126
241
1243
-455
1724
171
500
1016
-60
874
-141
1262
-181
741
1324
-357
1457
616
686
1049
1047
790
1387
833
1533
213
2231
-317
2519
-343
770
1896
-1159
1453
297
275
-241
858
-177
-318
1129
-342
1247
-296
1587
452
481
1665
632
1169
1534
1247
731
1918
348
1664
753
911
867
806
805
350
1171
-224
837
608
364
729
682
484
801
905
268
1481
456
917
854
1399
-44
2085
140
904
1465
-83
1652
253
1062
774
251
2172
-769
1732
1068
-299
2578
-157
1673
384
742
1099
-198
1619
-596
1699
84
615
1993
-293
749
2692
-1850
2641
1535
-624
2686
867
1110
854
1761
897
373
2275
50
1907
463
601
2076
-586
1405
1145
73
799
1963
-630
2372
264
1463
1225
680
2505
-545
2804
332
1306
1754
212
2176
337
1085
1964
-105
1349
1563
-107
1459
1112
825
921
1572
1235
829
2113
675
1699
1521
1108
2007
487
1763
1240
469
1079
1920
-817
2297
459
645
1000
933
1461
-644
3377
-794
1507
2284
623
1076
2408
163
1664
1881
1232
1335
2445
-226
1961
1377
-352
2134
1118
-613
2426
4
539
1145
260
1462
-109
2371
339
1010
1756
1049
634
2666
-11
2020
1818
-713
3391
-669
1467
1493
1070
-229
3655
-1737
1749
1813
-1034
2059
900
243
1434
1389
726
1032
2487
-1060
3474
-71
962
1797
310
1514
537
1491
281
1579
67
1870
242
1451
294
2050
-327
2614
205
1306
2124
269
2049
1010
1460
509
2058
381
1471
907
775
1408
37
1894
61
930
1563
44
1302
1175
990
634
2539
99
2013
1334
1100
1353
1005
2013
50
2344
968
501
1952
630
758
1170
1025
220
1675
3
1470
669
1163
1185
1337
1019
1426
1132
1357
836
1904
634
1683
1342
320
2123
91
1125
953
1101
-272
2192
-64
479
2364
-361
1781
1515
555
1328
1521
1102
979
1945
1461
596
2034
1000
840
1858
-252
2894
-487
1821
1076
166
1795
716
1360
880
1780
751
1559
1282
1266
582
2647
-1
1889
1489
801
1068
1401
1172
-285
2835
-274
931
1962
716
474
2521
-124
2213
1120
654
2340
721
1681
1306
2015
602
1732
1930
270
1978
1684
458
1408
1589
327
1537
1218
691
1256
1548
560
1824
1804
718
1181
3014
-479
2186
1491
1143
318
3334
-719
1892
1414
20
1605
816
1196
517
1675
467
1907
-437
3534
-1284
2868
1568
227
2333
1643
500
1639
2528
-510
2519
1264
906
1084
1868
423
1253
1687
494
811
2657
-494
2635
767
1825
487
1908
1401
294
3162
-164
2131
1252
1226
688
2209
-156
2034
181
1534
831
328
2177
100
1468
1632
345
1811
1636
783
1574
1928
462
2145
1393
976
1809
1423
770
1597
754
1426
809
1094
1739
-208
2311
1117
13
3529
-317
2431
774
2095
234
2082
1896
-216
3311
-136
1310
1767
698
670
1936
-186
1696
745
982
1307
862
1206
1634
952
1443
1675
1145
1213
2319
613
2076
1492
1538
386
2603
167
1572
534
1478
874
-108
2265
375
815
1689
954
1256
350
2934
-193
2321
1390
1437
1744
412
3884
-1928
3898
487
920
1755
1347
-216
2245
123
919
1723
367
1459
834
1395
820
1376
1528
1618
636
2247
967
998
2370
448
1281
1848
422
1228
1308
1251
209
2128
743
-57
1923
1496
-982
2990
1173
-658
3127
963
529
1796
2049
22
1996
2004
266
1806
1939
-537
3223
-459
1896
1114
1018
1011
1467
986
379
2450
-545
2986
-627
2800
482
1165
1671
1111
1054
1358
1472
722
1494
1203
667
1922
790
1136
1299
831
1271
1263
402
1994
902
534
2103
364
1265
1536
802
744
2132
-305
2380
788
1265
775
1993
331
1482
1383
549
2135
114
2042
1041
1075
813
2520
-274
2278
1120
1068
1332
1256
803
1715
836
1144
1645
205
2097
480
1564
1105
1487
564
1358
1617
355
1182
2606
-675
2482
1047
788
1290
2190
-76
2161
1714
205
1881
1318
453
1553
909
1491
682
1587
1140
671
2182
189
1951
1222
1166
1321
1560
1133
871
1886
1053
636
2128
1333
-342
3549
-537
823
2537
-423
1468
1525
563
543
2249
-220
1439
1767
67
1761
1702
168
2670
599
1528
1040
1656
634
1543
1035
1376
725
1899
143
2139
-200
2330
103
857
2025
-242
2020
901
1045
795
1709
952
843
1650
1381
603
1968
910
1383
1167
1364
1485
1045
973
1721
592
1098
1745
572
1237
1747
485
999
2099
312
1655
1499
978
1046
1367
1415
693
1892
651
1689
722
1865
655
1128
1553
792
1126
2050
400
1624
1186
1315
799
1359
1234
804
1205
1618
921
1630
1140
1068
1150
1410
635
1359
1981
-437
2831
371
1110
1104
1749
-159
2731
-193
1909
1299
553
2030
720
1420
1222
1302
928
1510
767
1324
910
1413
651
1835
540
1735
285
1491
1231
138
1907
1127
117
1683
1354
-125
2029
827
536
1501
1166
663
1441
1208
781
1817
662
1301
1479
671
1457
1787
484
1607
1273
974
1582
714
1335
1475
498
1534
1492
3
2135
510
1204
1321
753
970
1247
768
444
1538
819
621
1521
1222
299
1839
967
1080
1499
901
1432
1287
912
1631
489
1820
476
1514
683
1188
819
1267
1021
561
1391
530
1331
953
1074
1223
1110
661
2317
-451
2663
361
800
2095
377
1213
1490
654
1087
933
1115
857
1025
1342
238
1213
786
900
571
1381
781
1032
738
1563
428
1665
1098
1093
859
1618
-1
2262
257
1143
1342
835
754
1395
768
46
2374
-491
1420
1147
375
720
1760
196
1135
1181
871
889
1069
1462
340
1375
1612
174
1236
1775
-85
1420
1332
90
1314
1541
-379
2158
816
-343
2714
-54
44
2857
-1224
1730
1009
179
1145
1288
728
763
1656
271
1048
1732
-20
1853
765
891
953
1408
435
1639
510
2122
-407
2105
944
-71
2423
88
631
1616
306
526
1679
-71
1369
534
1033
860
1026
651
1786
364
828
1954
-87
1666
1005
783
1126
879
1386
416
1039
1070
450
662
1289
518
739
1291
564
476
1969
-381
1876
1111
91
1848
742
1013
750
1583
697
992
1128
896
970
457
1505
585
622
1492
263
1250
819
486
1687
385
1328
1010
1142
849
692
2429
-922
2467
643
180
1519
1444
-93
1025
2232
-1192
1846
1865
-1207
2269
1551
-628
1750
2187
-1035
2128
1587
70
1365
1785
470
1121
1309
767
971
877
1294
408
1193
815
399
1779
243
1230
818
1300
395
1504
1206
255
1949
305
1405
770
1150
640
1421
415
1203
323
1499
666
251
1903
-137
816
1444
735
414
1888
474
940
1576
255
1517
1071
595
1499
1486
-523
2399
799
-718
3041
-323
988
1492
805
421
1699
129
1188
1221
163
1556
1296
-350
2158
439
407
1970
17
1062
1477
118
1198
1570
-401
2538
-150
1220
1245
676
550
2273
-40
1201
1844
-227
1625
1046
613
703
1914
-319
1175
1374
-188
1149
1332
27
1252
681
667
1219
302
1428
746
1031
572
1719
602
568
2022
294
442
2024
30
1068
1412
317
905
686
1290
103
1502
457
941
427
1566
548
720
1424
557
980
909
1115
771
1245
781
872
914
842
1229
633
962
1117
152
1421
764
914
637
1285
932
248
1708
125
1011
636
1474
-322
1872
310
567
1689
189
1057
725
1149
222
1485
408
1297
499
1378
380
1591
424
631
2124
-685
1839
1072
-453
1948
531
86
1187
1171
-317
1240
1193
-352
1577
423
907
630
907
712
1320
-160
2002
237
382
1864
64
1043
1108
553
722
1180
376
831
1457
-257
1717
280
504
846
575
768
838
726
724
788
491
1247
-138
1876
-83
1330
709
592
842
774
667
677
773
516
864
212
1543
67
937
854
634
340
1377
276
1000
972
628
841
788
1142
-145
1951
-61
986
478
1131
167
736
967
117
955
704
428
612
1131
-143
1266
163
1412
-83
1273
849
278
561
1836
-692
1626
825
-365
2092
-271
598
1477
-381
802
901
638
146
1477
415
303
1782
-141
999
1039
31
1409
750
270
1265
826
99
1060
1293
-185
1101
1095
105
578
1148
-33
912
1031
-779
2277
-299
751
696
1416
-638
1740
384
1173
160
1620
65
1171
524
1052
180
1488
58
948
987
85
1788
-613
1822
265
337
504
1577
-708
1499
559
1020
-471
2271
-402
776
1245
577
381
1439
442
642
1028
139
1212
388
421
1406
479
353
1212
292
824
749
880
831
905
521
510
1303
89
649
1288
636
135
1637
74
1036
411
938
873
442
937
662
1098
264
1377
464
973
803
635
1028
821
434
1217
725
-194
2046
-412
806
1586
-866
1798
499
320
938
902
296
1214
811
704
831
1112
257
1483
443
501
1747
33
447
2132
-845
1320
1278
-210
715
1138
429
70
2083
-686
1339
828
403
647
1099
529
358
1723
-207
1055
705
950
-384
2070
-432
1009
794
521
1482
-695
1692
683
65
732
1891
-1288
2197
204
362
990
802
95
1280
451
384
826
401
929
-234
1372
96
407
941
575
-87
1590
-671
2047
-508
1306
239
801
161
909
502
217
615
658
314
42
1368
-678
1322
-181
752
102
922
-368
1314
58
377
628
643
472
290
926
529
-338
1384
-377
754
124
585
-159
803
20
70
695
10
184
446
446
-324
699
435
8
689
332
869
-442
838
462
172
432
189
402
151
293
-65
924
-543
282
558
250
-552
1229
-159
142
274
508
70
247
645
-95
704
94
509
498
131
407
-130
929
73
-199
1369
-796
505
731
-435
876
-516
910
233
-334
694
248
-314
1064
-221
95
720
-214
548
111
895
-823
1094
237
-367
626
368
-424
499
721
-530
561
701
-370
250
529
123
-20
594
145
-221
1259
-1070
1079
265
-18
-354
1351
-126
-510
1092
504
-809
914
652
-562
1193
-158
468
238
867
-1131
2032
-822
554
886
-420
1301
-494
767
120
526
-242
745
603
-244
818
623
-148
638
620
8
450
1002
147
316
723
607
-50
576
333
713
-119
786
233
573
-54
595
1034
-246
812
473
418
199
876
350
700
425
354
593
799
-232
1223
21
938
-381
1165
538
-332
865
550
126
316
1334
-562
987
617
188
922
610
74
1184
38
876
-129
1353
-483
620
1096
-297
626
745
615
-339
1699
-62
269
964
348
-72
959
196
197
918
554
81
704
621
532
338
564
1324
-1018
1344
833
-552
1083
830
88
191
1553
-366
528
1268
-275
832
749
168
513
674
831
-411
1602
-177
657
539
939
177
496
942
-245
996
359
371
726
1031
-413
1540
-31
491
565
766
69
718
807
118
421
973
-23
513
498
296
545
408
916
150
588
590
455
175
1071
-124
1058
124
925
-199
1404
-402
879
404
746
151
844
510
608
422
14
1361
-646
1246
144
211
763
348
92
1176
-294
755
548
294
554
576
341
582
417
449
590
159
753
185
788
97
1204
-468
376
1429
-719
-227
2517
-1565
1356
286
489
-193
713
237
577
825
-1006
1825
120
-600
1758
-79
-160
1378
-131
430
526
997
-391
918
766
-402
933
593
302
781
-155
1875
-744
1339
437
55
1000
142
808
-236
1292
-655
928
899
-312
369
861
67
-586
2278
-1125
812
1191
-732
1160
142
468
250
818
130
767
180
829
450
-313
1073
170
346
289
649
153
-149
1162
-717
1080
-408
980
-39
396
433
44
655
608
115
363
956
-236
732
59
900
-515
980
262
235
414
256
410
200
166
515
5
418
431
404
-130
1300
-64
-456
2096
-814
921
571
697
-36
1030
127
629
866
-316
1016
402
266
329
1022
177
224
814
-45
805
161
-103
1569
-343
167
1154
546
-230
1325
327
680
826
-14
1204
128
178
1123
119
583
489
390
569
432
415
379
317
743
209
676
213
752
553
-198
1096
327
327
-268
2005
-581
341
1080
161
291
416
593
602
108
542
518
159
232
391
202
455
329
-161
1057
-126
372
395
882
-799
1153
95
-294
867
-68
-51
486
5
337
-283
468
582
-427
842
435
80
139
893
-332
-34
389
413
-286
512
532
-360
370
683
-273
283
455
457
-331
745
322
-291
478
392
28
-187
961
-293
598
418
-144
566
-383
770
-256
11
506
-224
266
107
392
-407
513
546
-689
983
341
-632
827
412
-449
338
795
-394
518
88
434
-71
117
572
95
205
335
205
-201
552
26
154
100
519
-222
459
87
128
422
-29
203
-117
485
-391
399
120
29
38
213
-196
180
296
-760
1116
-374
-2
499
-153
-16
-81
188
178
-48
-185
444
-212
-76
260
-361
269
-144
-101
109
101
-195
365
149
-310
281
327
-43
-511
853
-345
-561
560
-17
-600
33
150
-2
-415
483
-85
-85
425
-370
288
257
-326
158
371
75
-139
107
275
-152
-187
303
78
-315
256
106
-253
-450
586
-512
-457
1060
-713
-209
485
-380
-79
-128
190
-311
-62
46
-108
-376
395
-275
-236
71
-211
-112
-398
354
-385
-393
434
-78
-777
305
194
-460
193
290
-233
186
102
152
-152
31
427
-488
222
168
-190
7
333
-188
221
-238
278
202
-217
135
71
100
-78
215
332
41
-251
577
-232
-17
437
8
43
373
-350
143
279
-161
24
114
179
-227
135
247
-283
137
227
-144
-246
124
295
-293
-4
144
-237
-184
379
-219
-194
57
-29
118
-246
346
232
-78
-12
238
48
-229
169
232
428
-507
203
369
-293
158
133
-181
-23
216
-88
180
140
-92
435
128
-176
368
36
214
195
123
583
-56
2
723
24
-100
513
289
-109
539
-169
302
-79
140
311
-119
321
242
109
105
183
322
216
188
193
279
461
-91
464
269
436
205
200
612
381
110
746
631
-4
275
712
197
250
668
274
457
620
468
207
599
435
137
415
555
390
425
693
615
550
365
379
751
819
211
748
955
267
447
912
485
458
820
671
819
323
694
589
577
313
604
834
407
391
802
733
234
845
685
360
633
558
626
894
474
615
726
622
617
369
662
604
697
385
504
785
398
655
408
431
512
364
544
465
534
362
505
338
369
404
211
574
343
563
112
480
600
128
469
460
176
270
708
347
93
721
344
59
635
33
233
570
258
130
470
344
202
228
367
537
88
608
342
593
503
406
633
593
484
420
664
734
600
575
725
863
581
475
956
709
509
885
819
670
986
936
860
1056
888
980
1140
1327
1183
1289
1204
1127
984
826
694
677
350
280
547
156
-99
252
127
-191
92
-88
-235
-72
93
-170
-295
141
-273
-412
-146
-224
-231
-407
-113
-22
-546
-138
-239
-432
-230
-130
-246
-258
-254
-122
-292
-188
-145
-330
-501
-183
-232
-641
-219
-398
-592
-514
-417
-610
-597
-473
-632
-278
-240
-439
-52
18
191
15
186
215
355
245
317
448
138
381
514
254
31
323
377
125
124
300
-8
286
368
-145
323
164
-117
363
180
-33
300
262
161
359
394
67
345
495
226
188
271
384
196
317
335
-358
115
210
-405
0
-222
-704
-261
-255
-892
-429
-351
-433
-493
-219
-365
-493
-312
-272
-96
-202
-193
113
-106
-101
-94
-317
-199
252
-88
-228
156
88
213
81
169
258
6
3
107
103
-99
-1
247
102
-60
75
-122
56
111
-85
-256
42
-125
-117
-37
-126
-45
-154
-2
-105
-10
-207
-138
-65
-316
-180
-132
-153
-229
-234
-42
-296
-414
-32
-115
-188
-19
-263
-273
45
-355
-407
121
-398
-172
-4
-83
-135
-222
-136
-131
-231
-278
-163
-353
-139
-104
-353
-292
-193
-181
-273
-314
-101
-419
-243
-204
-365
-241
-323
-257
-223
-433
-313
-370
-379
-358
-251
-247
-450
-188
-267
-288
-178
-192
-366
-168
-154
-390
-100
-260
-247
-91
-234
-287
-312
-284
-253
-214
-169
-90
-218
-295
-195
-156
-350
-207
-39
-204
-215
-75
-144
-232
-58
-96
-187
-263
91
-211
-314
10
-146
-375
-139
-129
-272
-336
-21
-178
-392
96
-317
-185
26
-268
-86
-21
-295
-127
-39
-152
-182
62
-100
-71
-87
-74
52
16
-19
-63
-160
-84
9
11
108
96
