19
19
21
22
21
18
18
19
20
19
19
18
16
17
15
17
17
17
16
16
14
15
18
18
17
15
16
17
19
19
18
15
15
16
17
17
18
19
18
17
16
16
16
15
15
13
12
12
12
13
15
15
14
15
14
15
15
15
17
18
16
15
15
15
16
15
16
15
15
15
14
14
15
15
14
15
17
17
17
16
15
15
14
15
16
15
17
17
17
17
16
18
18
19
20
20
17
17
18
19
20
19
19
19
18
18
19
21
21
21
20
19
20
19
19
18
19
20
22
20
20
21
21
21
20
21
22
24
23
22
21
22
23
23
22
19
19
20
21
23
22
22
22
21
23
24
25
25
25
24
21
21
20
21
22
22
22
22
22
22
23
23
24
22
20
21
22
21
21
22
22
23
21
21
20
19
20
21
20
21
21
21
22
22
21
21
22
23
24
23
24
22
22
22
23
23
23
25
24
24
23
24
23
24
23
25
24
25
25
26
27
26
26
28
28
29
29
27
26
25
27
26
27
28
26
26
28
28
27
28
29
28
28
27
25
26
28
28
26
27
25
25
26
26
25
24
24
26
26
27
24
24
23
25
25
25
24
25
25
26
25
26
24
24
25
27
26
26
26
27
26
26
24
24
24
24
25
23
22
23
24
24
22
22
22
21
22
22
22
22
23
22
22
22
22
23
23
23
23
23
22
22
22
23
23
21
21
21
21
22
24
24
24
24
23
23
22
22
22
23
23
24
24
24
23
21
21
19
21
20
22
23
21
21
22
22
20
20
22
23
21
22
20
20
22
24
23
21
19
19
19
19
20
19
19
19
20
20
21
21
21
21
19
19
19
20
19
17
17
18
17
18
20
18
17
18
17
18
18
19
17
17
17
19
20
20
20
21
21
20
20
20
20
21
20
17
17
17
18
19
18
17
18
17
17
15
15
14
14
15
15
14
16
16
15
15
15
14
15
16
15
16
15
14
14
15
15
13
13
14
14
16
16
15
14
14
16
15
16
17
16
15
14
14
15
16
16
15
14
14
14
15
15
14
13
13
12
11
12
13
12
11
11
10
12
14
15
15
13
13
13
13
12
12
12
12
12
12
11
12
12
15
14
13
14
14
13
13
12
13
13
12
11
12
13
14
14
14
13
14
16
15
13
12
13
14
14
13
13
13
13
13
12
14
15
16
16
15
15
15
16
15
14
13
12
12
12
14
15
15
14
13
13
13
15
14
14
13
12
13
13
14
14
14
14
11
11
12
12
13
14
14
13
15
15
14
12
11
12
13
14
14
14
13
12
12
12
14
15
16
16
17
16
16
15
15
15
13
13
12
13
13
14
15
14
13
13
11
12
13
12
12
13
12
12
13
13
14
14
13
13
13
12
11
11
11
12
14
13
13
14
13
13
13
12
12
12
12
13
11
10
9
10
12
10
11
11
10
10
11
12
11
12
13
11
9
9
10
11
11
12
10
11
10
8
8
8
8
8
8
10
11
12
10
9
7
7
8
10
10
11
10
9
8
6
5
6
5
4
5
5
6
4
6
5
3
2
1
3
4
4
5
5
4
4
6
6
6
7
7
8
7
6
5
6
5
6
5
5
5
5
6
5
7
7
8
9
7
6
6
8
8
8
8
7
7
7
7
6
6
5
6
6
6
7
7
7
6
5
4
5
6
6
6
7
6
7
8
8
9
8
8
6
7
6
7
7
7
7
6
5
5
5
7
8
8
8
8
9
10
11
10
10
10
10
10
11
11
11
12
13
11
9
10
11
12
12
11
11
11
10
11
12
13
12
12
12
12
10
11
13
13
13
12
12
13
12
12
12
12
11
10
12
12
12
11
12
11
11
11
12
12
12
14
15
14
14
13
14
16
17
16
16
15
14
16
16
17
17
17
17
15
16
17
18
17
16
15
15
17
15
16
13
13
14
13
14
14
14
15
15
14
14
16
16
16
15
15
15
17
17
16
15
14
14
13
13
14
14
15
16
17
17
18
17
16
15
14
16
17
19
18
16
14
14
16
16
16
17
16
16
15
13
13
13
15
16
15
14
14
13
13
15
15
17
17
17
17
17
17
17
17
16
16
16
15
15
16
17
15
14
14
14
15
14
16
14
14
12
13
13
14
13
12
12
12
14
14
14
13
13
14
13
12
13
12
13
12
12
12
13
14
14
13
13
14
14
14
14
15
16
15
14
14
16
15
16
15
16
15
16
16
16
16
15
15
14
12
14
13
13
12
11
11
11
12
13
13
13
12
11
11
14
16
16
15
14
14
13
14
12
12
12
11
10
10
11
13
12
13
12
11
12
12
14
13
11
11
13
14
13
12
11
12
12
11
11
10
13
13
13
13
12
11
9
10
10
9
9
10
12
11
11
10
10
11
11
11
10
10
9
11
12
11
10
9
9
10
10
10
11
12
13
11
10
10
11
10
10
10
10
10
11
12
11
11
12
12
11
10
11
11
12
11
11
11
13
13
13
14
13
12
11
10
10
10
9
10
11
10
10
10
8
8
10
9
8
9
7
7
7
7
9
10
10
7
8
8
8
8
7
6
6
8
7
7
5
6
5
6
6
6
6
7
6
5
6
7
8
6
6
5
6
8
9
6
6
7
7
7
7
7
7
8
7
6
8
6
7
6
5
5
4
4
5
5
6
6
5
6
7
6
5
5
4
6
5
5
6
7
8
9
9
9
8
8
8
5
7
9
9
8
8
8
11
10
12
10
11
10
10
9
9
9
10
10
8
7
8
8
10
10
8
7
7
8
9
8
8
8
9
10
10
10
9
8
9
8
8
9
8
7
6
6
6
7
8
9
10
9
7
5
5
5
7
9
8
6
5
5
4
4
4
4
4
3
5
4
5
4
5
6
6
6
7
8
7
8
8
8
8
9
8
9
9
7
7
6
8
8
8
7
6
5
6
7
8
7
6
7
7
8
7
8
8
7
6
6
9
9
9
7
6
7
8
7
7
6
5
6
9
9
8
7
5
6
6
7
7
7
6
7
6
6
7
7
7
7
6
6
6
8
7
7
6
6
6
5
5
4
4
4
4
3
5
5
3
3
4
4
4
5
4
3
2
1
0
0
2
2
3
1
0
0
0
1
2
2
1
2
1
1
0
-1
1
2
2
1
2
2
3
1
-1
-1
-2
-1
-1
-1
-1
-1
-1
-1
-3
-3
-2
-3
-4
-4
-4
-5
-5
-5
-5
-5
-5
-5
-5
-6
-6
-7
-7
-6
-5
-4
-6
-6
-7
-6
-5
-4
-4
-4
-5
-5
-6
-6
-5
-5
-7
-6
-8
-7
-7
-6
-6
-8
-7
-6
-6
-7
-8
-8
-9
-10
-10
-10
-11
-10
-10
-11
-11
-10
-8
-8
-9
-9
-10
-11
-9
-11
-10
-10
-10
-10
-10
-10
-9
-9
-10
-12
-12
-12
-11
-10
-10
-10
-10
-10
-10
-11
-11
-11
-10
-10
-9
-8
-7
-8
-8
-10
-11
-10
-8
-7
-8
-8
-9
-8
-8
-9
-8
-9
-8
-7
-7
-8
-9
-10
-10
-8
-7
-8
-8
-8
-7
-6
-6
-6
-7
-7
-7
-7
-9
-7
-6
-6
-5
-5
-5
-4
-4
-5
-3
-3
-2
0
0
-1
0
1
1
2
2
1
2
1
2
3
3
3
3
2
3
2
3
3
3
2
2
2
2
2
3
3
3
3
2
2
2
2
4
5
5
5
6
7
6
7
7
7
7
8
9
8
7
6
7
10
10
9
9
9
9
10
9
9
8
10
9
7
7
8
8
8
10
8
11
10
9
10
9
9
10
11
12
10
9
10
11
11
11
11
12
13
12
11
12
12
12
11
10
12
12
12
14
13
15
14
13
14
14
11
12
13
12
13
14
15
14
13
13
13
14
13
13
13
14
14
13
13
11
12
13
14
12
13
12
14
13
13
13
13
14
14
15
14
14
14
14
12
11
10
11
12
10
9
8
8
9
9
9
8
8
9
10
10
10
9
10
10
11
10
10
8
7
8
7
7
8
7
7
6
6
6
5
6
6
5
5
5
7
10
10
10
8
8
8
8
7
6
5
4
5
4
3
4
4
5
4
3
2
2
0
1
1
2
2
3
3
3
3
2
3
3
4
2
1
2
3
2
1
0
2
3
1
-1
-2
1
3
1
1
2
2
2
2
2
2
2
1
2
1
1
1
2
2
4
3
2
2
1
0
1
1
0
0
0
1
0
-1
-1
-2
-1
0
0
0
0
0
1
0
1
1
-1
-1
-1
0
0
1
1
0
1
0
-1
-1
-3
-2
-2
0
-1
-1
-1
-1
-2
-3
-4
-4
-3
-3
-2
-2
0
1
0
2
0
-1
0
2
1
2
2
1
2
1
3
3
1
1
1
1
1
1
2
2
1
2
3
4
3
3
4
5
5
6
4
5
4
5
6
5
3
5
7
6
5
4
4
2
4
5
4
3
3
4
2
4
5
5
4
4
5
4
2
2
3
5
7
6
5
4
6
6
5
4
3
3
4
3
2
3
4
3
2
2
0
1
2
1
2
1
1
1
1
0
1
1
2
2
2
1
2
2
2
1
0
0
-1
1
1
3
2
1
0
-1
-1
-2
-3
-2
-1
-2
-1
0
-1
-1
-3
-2
-3
-2
-3
-3
-3
-4
-4
-4
-5
-4
-2
-2
-4
-6
-5
-5
-5
-4
-5
-6
-7
-7
-5
-5
-5
-5
-6
-6
-6
-8
-7
-6
-6
-6
-7
-8
-8
-7
-6
-7
-8
-8
-9
-10
-10
-10
-9
-10
-10
-12
-11
-9
-8
-8
-10
-10
-11
-9
-8
-8
-8
-8
-9
-9
-10
-9
-8
-9
-10
-10
-10
-9
-8
-9
-11
-13
-11
-10
-9
-9
-8
-10
-9
-10
-11
-11
-11
-11
-12
-12
-10
-10
-11
-12
-11
-12
-13
-14
-13
-14
-14
-13
-14
-14
-15
-12
-11
-11
-11
-12
-12
-10
-12
-10
-10
-10
-10
-11
-12
-11
-10
-10
-10
-11
-9
-9
-9
-9
-11
-11
-11
-12
-11
-10
-9
-7
-8
-8
-10
-10
-8
-7
-8
-8
-8
-9
-8
-8
-9
-7
-6
-7
-7
-8
-9
-8
-8
-9
-9
-8
-8
-9
-9
-10
-9
-8
-6
-7
-6
-5
-7
-9
-8
-7
-6
-7
-6
-7
-7
-8
-9
-9
-9
-8
-7
-9
-9
-8
-7
-7
-9
-9
-8
-6
-6
-6
-6
-5
-5
-5
-4
-4
-5
-6
-8
-9
-8
-8
-7
-7
-6
-6
-7
-8
-9
-9
-8
-7
-7
-9
-8
-7
-9
-8
-9
-8
-6
-5
-6
-5
-6
-7
-7
-7
-7
-7
-8
-8
-8
-9
-8
-8
-9
-10
-11
-11
-9
-9
-9
-8
-8
-7
-7
-7
-7
-7
-9
-7
-7
-7
-7
-7
-7
-8
-8
-7
-9
-8
-9
-9
-9
-8
-5
-5
-5
-7
-7
-7
-6
-5
-5
-6
-6
-6
-8
-6
-4
-5
-5
-5
-5
-5
-6
-7
-8
-8
-7
-7
-6
-6
-6
-6
-7
-9
-9
-6
-4
-4
-3
-5
-5
-5
-5
-4
-2
-2
-3
-3
-3
-4
-4
-3
-3
-4
-3
-3
-2
-3
-4
-3
-3
-3
-3
-4
-5
-4
-1
-3
-3
-4
-5
-4
-1
0
-1
-1
-3
-4
-2
-3
-3
-2
-1
-1
-3
-3
-2
-2
-3
-4
-4
-4
-4
-3
-3
-1
-2
-3
-5
-6
-6
-4
-4
-5
-4
-4
-3
-2
-3
-3
-2
-1
-2
-2
-3
-3
-2
-2
-2
-2
-3
-1
-3
-2
-2
-2
0
0
0
-1
-1
0
0
-1
-1
-3
-2
0
0
-2
-3
-5
-5
-4
-5
-5
-6
-4
-3
-2
-2
-2
-2
-4
-3
-5
-4
-5
-4
-3
-3
-3
-4
-4
-4
-3
-4
-6
-7
-7
-6
-5
-5
-5
-6
-5
-4
-3
-3
-2
-2
-2
-2
-3
-4
-4
-3
-2
-1
-1
-1
-2
-2
-5
-5
-5
-4
-2
-4
-4
-3
-2
-2
-2
-3
-3
-5
-6
-7
-6
-6
-4
-5
-5
-6
-6
-5
-6
-7
-7
-6
-6
-5
-5
-7
-8
-7
-7
-8
-9
-10
-7
-6
-6
-7
-9
-8
-9
-10
-9
-9
-9
-8
-10
-11
-10
-8
-7
-10
-10
-11
-13
-12
-13
-13
-12
-11
-12
-13
-16
-16
-15
-15
-15
-16
-14
-16
-15
-15
-14
-16
-17
-16
-16
-17
-16
-16
-16
-16
-16
-14
-14
-15
-14
-14
-14
-15
-13
-13
-12
-13
-12
-12
-12
-12
-14
-13
-14
-14
-15
-14
-15
-16
-17
-16
-15
-15
-16
-16
-16
-16
-15
-17
-16
-17
-17
-17
-17
-18
-18
-17
-18
-20
-19
-19
-17
-16
-16
-17
-18
-18
-18
-16
-15
-15
-14
-12
-13
-14
-11
-12
-13
-13
-13
-13
-13
-13
-13
-13
-12
-12
-13
-12
-13
-12
-13
-13
-11
-12
-12
-12
-13
-13
-12
-13
-12
-11
-11
-12
-14
-15
-14
-13
-12
-13
-15
-15
-15
-13
-14
-15
-16
-16
-14
-14
-15
-15
-14
-13
-11
-13
-13
-14
-14
-13
-12
-12
-12
-12
-12
-12
-11
-11
-10
-10
-11
-11
-11
-12
-13
-13
-14
-14
-13
-10
-10
-9
-10
-11
-12
-12
-12
-12
-11
-11
-12
-12
-12
-10
-9
-9
-10
-11
-10
-10
-9
-8
-8
-7
-9
-10
-10
-10
-7
-8
-8
-9
-8
-7
-6
-4
-5
-6
-8
-10
-9
-7
-5
-6
-7
-8
-8
-8
-8
-9
-10
-10
-11
-10
-12
-12
-10
-10
-9
-10
-12
-12
-11
-10
-11
-12
-13
-13
-12
-12
-13
-13
-14
-12
-12
-12
-11
-12
-12
-11
-9
-9
-10
-11
-13
-13
-14
-12
-11
-10
-10
-10
-12
-14
-16
-14
-13
-12
-13
-14
-13
-12
-12
-12
-13
-15
-13
-15
-15
-15
-14
-14
-15
-16
-16
-16
-14
-13
-15
-15
-15
-15
-15
-16
-16
-16
-16
-16
-15
-14
-12
-12
-13
-14
-14
-14
-15
-14
-15
-15
-14
-13
-13
-13
-14
-15
-14
-13
-12
-13
-14
-14
-13
-12
-12
-12
-13
-12
-12
-11
-11
-11
-13
-13
-11
-11
-12
-12
-11
-12
-11
-13
-12
-12
-12
-12
-13
-12
-12
-10
-11
-10
-9
-9
-10
-12
-13
-11
-10
-9
-10
-12
-15
-12
-12
-11
-12
-13
-13
-13
-14
-14
-14
-14
-13
-14
-14
-14
-13
-14
-14
-15
-14
-14
-13
-14
-13
-14
-13
-13
-14
-13
-12
-12
-12
-12
-14
-15
-15
-15
-13
-12
-14
-15
-17
-15
-15
-15
-13
-13
-14
-15
-16
-14
-14
-14
-15
-14
-14
-14
-13
-13
-13
-13
-11
-10
-9
-9
-9
-10
-11
-11
-11
-9
-8
-9
-9
-9
-10
-10
-8
-9
-9
-8
-8
-10
-10
-9
-8
-7
-6
-7
-7
-6
-6
-6
-3
-5
-5
-5
-5
-5
-5
-6
-6
-5
-6
-6
-7
-6
-5
-5
-5
-6
-7
-6
-4
-5
-5
-6
-6
-4
-3
-5
-5
-4
-4
-5
-6
-6
-5
-3
-4
-5
-5
-4
-3
-4
-5
-5
-5
-5
-6
-5
-5
-5
-3
-4
-5
-4
-4
-3
-4
-4
-5
-7
-7
-6
-5
-4
-5
-6
-6
-5
-5
-5
-4
-4
-5
-6
-6
-7
-5
-4
-4
-4
-5
-6
-6
-7
-7
-5
-4
-6
-5
-5
-5
-4
-4
-4
-4
-4
-3
-4
-4
-3
-3
-1
-2
-2
-2
-1
-1
-2
-3
-2
0
0
-1
-1
-1
0
-1
-1
0
0
-2
-3
-4
-2
-2
-2
-2
-3
-2
-1
-3
-2
-5
-4
-4
-5
-4
-4
-5
-4
-5
-6
-5
-5
-5
-6
-5
-6
-6
-6
-7
-7
-7
-7
-6
-6
-7
-8
-7
-7
-9
-10
-9
-10
-10
-10
-10
-9
-8
-9
-11
-11
-12
-11
-9
-10
-12
-13
-12
-12
-12
-12
-13
-13
-11
-11
-11
-12
-12
-11
-11
-11
-12
-13
-13
-11
-11
-11
-12
-13
-14
-13
-13
-14
-15
-15
-14
-14
-15
-15
-16
-15
-14
-15
-15
-14
-13
-13
-15
-16
-15
-14
-13
-13
-14
-14
-13
-11
-12
-13
-12
-13
-13
-13
-13
-15
-14
-13
-12
-11
-12
-11
-11
-12
-12
-12
-13
-12
-12
-11
-11
-12
-13
-13
-11
-9
-10
-11
-13
-13
-12
-13
-13
-13
-13
-14
-15
-15
-14
-13
-13
-14
-13
-12
-11
-11
-11
-12
-12
-13
-12
-12
-12
-11
-12
-12
-12
-15
-15
-16
-16
-16
-16
-17
-17
-16
-15
-15
-15
-16
-16
-16
-15
-16
-15
-15
-12
-13
-12
-11
-13
-12
-13
-15
-16
-16
-16
-15
-15
-16
-16
-17
-18
-18
-18
-18
-19
-17
-16
-16
-18
-19
-18
-17
-19
-20
-20
-20
-19
-18
-18
-18
-19
-18
-18
-18
-18
-19
-19
-19
-18
-18
-18
-17
-17
-17
-17
-16
-17
-17
-18
-18
-16
-15
-16
-16
-16
-15
-15
-15
-14
-15
-16
-17
-18
-19
-16
-16
-17
-17
-16
-16
-17
-17
-17
-18
-18
-19
-20
-19
-18
-18
-19
-20
-20
-21
-20
-20
-18
-19
-17
-16
-17
-17
-18
-19
-20
-21
-21
-19
-16
-16
-16
-17
-20
-19
-19
-19
-19
-20
-19
-19
-19
-19
-20
-19
-19
-19
-18
-21
-21
-21
-20
-19
-19
-21
-20
-19
-18
-19
-20
-21
-20
-19
-20
-19
-20
-21
-22
-22
-23
-22
-21
-21
-20
-20
-20
-20
-20
-20
-19
-20
-22
-22
-23
-21
-20
-20
-19
-20
-21
-21
-22
-22
-21
-21
-20
-21
-22
-20
-20
-19
-20
-20
-20
-21
-20
-19
-18
-18
-17
-16
-16
-16
-17
-17
-16
-15
-17
-17
-19
-18
-17
-16
-17
-17
-18
-20
-19
-18
-18
-18
-17
-17
-17
-17
-18
-18
-17
-17
-18
-19
-16
-14
-13
-14
-15
-15
-15
-14
-14
-13
-13
-12
-13
-13
-13
-12
-11
-12
-12
-11
-11
-11
-11
-10
-12
-12
-11
-12
-11
-11
-11
-12
-14
-14
-15
-15
-14
-11
-12
-14
-15
-15
-15
-15
-15
-15
-14
-13
-13
-13
-13
-14
-14
-12
-12
-13
-13
-14
-12
-11
-12
-10
-11
-10
-11
-11
-11
-11
-10
-10
-12
-14
-15
-13
-12
-11
-12
-13
-14
-15
-15
-13
-13
-12
-12
-13
-15
-12
-12
-11
-11
-12
-10
-11
-11
-11
-11
-12
-10
-11
-13
-12
-12
-9
-8
-8
-8
-8
-7
-7
-7
-9
-8
-9
-8
-8
-6
-7
-7
-7
-8
-8
-9
-10
-10
-11
-11
-12
-10
-11
-10
-9
-9
-10
-10
-8
-9
-7
-7
-7
-8
-10
-10
-10
-9
-9
-11
-11
-11
-11
-11
-11
-10
-11
-11
-11
-12
-10
-9
-9
-9
-10
-11
-11
-10
-10
-9
-9
-7
-7
-8
-8
-8
-6
-6
-7
-6
-6
-7
-6
-6
-7
-6
-6
-6
-7
-6
-5
-5
-5
-9
-8
-9
-7
-7
-7
-7
-9
-10
-9
-8
-9
-7
-8
-10
-11
-10
-10
-9
-7
-7
-9
-8
-9
-9
-8
-7
-8
-7
-8
-9
-9
-7
-7
-10
-11
-9
-9
-8
-6
-7
-7
-7
-7
-8
-6
-6
-4
-2
-2
-5
-4
-4
-2
-2
-3
-4
-5
-3
-3
-3
-3
-4
-3
-5
-5
-3
-3
-3
-2
-2
-3
-4
-4
-6
-6
-5
-5
-3
-5
-5
-5
-4
-4
-1
-1
-3
-1
-1
-1
-1
-1
-1
-1
0
-1
-1
-2
-2
-3
-2
-2
-3
-3
-3
-1
0
-1
0
0
-1
1
-1
1
0
1
1
2
1
0
-1
-2
-3
-2
-1
-1
-2
-2
-3
-3
-2
-2
-2
-2
-2
-2
-3
-2
0
0
1
0
-2
-2
-2
0
0
0
1
1
0
-1
0
0
1
2
2
0
2
2
2
3
2
2
2
2
3
4
5
3
2
2
3
3
4
6
5
4
4
5
5
6
6
4
2
2
3
2
3
3
3
3
3
4
2
3
2
0
-1
-1
0
-1
1
1
1
1
0
-1
-1
-2
-4
-4
-2
-2
-1
0
-2
-3
-4
-4
-3
-4
-2
-3
-4
-5
-5
-7
-6
-6
-6
-7
-5
-5
-5
-5
-5
-5
-5
-7
-8
-9
-8
-5
-6
-6
-7
-7
-6
-7
-8
-10
-12
-12
-11
-10
-10
-11
-11
-10
-10
-11
-11
-10
-10
-11
-11
-13
-11
-11
-10
-10
-12
-13
-15
-14
-15
-15
-14
-12
-11
-9
-10
-10
-11
-11
-11
-12
-11
-10
-10
-11
-12
-12
-13
-11
-10
-10
-9
-10
-10
-10
-11
-12
-11
-11
-11
-11
-10
-12
-11
-11
-11
-13
-14
-14
-12
-13
-12
-12
-11
-12
-11
-12
-13
-12
-11
-11
-11
-9
-9
-8
-9
-9
-9
-7
-7
-9
-9
-9
-9
-9
-10
-11
-10
-8
-7
-8
-10
-10
-9
-8
-8
-8
-9
-10
-9
-9
-8
-8
-9
-9
-11
-11
-11
-9
-9
-8
-8
-10
-9
-9
-9
-10
-10
-11
-10
-10
-11
-9
-9
-9
-10
-11
-13
-12
-12
-12
-13
-12
-11
-9
-10
-11
-11
-10
-10
-9
-9
-9
-11
-12
-11
-10
-9
-9
-9
-10
-10
-8
-10
-9
-8
-8
-9
-8
-7
-7
-6
-7
-7
-7
-7
-7
-8
-9
-8
-8
-8
-7
-7
-5
-4
-5
-7
-7
-7
-5
-6
-7
-7
-8
-8
-7
-6
-5
-6
-4
-5
-5
-5
-3
-3
-2
-3
-5
-6
-7
-6
-5
-5
-8
-8
-8
-6
-7
-7
-8
-7
-8
-9
-9
-10
-8
-8
-8
-9
-9
-8
-9
-10
-9
-11
-11
-10
-9
-11
-9
-9
-9
-9
-9
-9
-10
-11
-11
-12
-12
-12
-11
-9
-10
-12
-16
-15
-11
-10
-9
-9
-9
-9
-10
-10
-10
-10
-11
-12
-12
-12
-11
-11
-10
-11
-12
-14
-14
-13
-15
-14
-14
-14
-13
-13
-13
-12
-12
-12
-12
-13
-13
-11
-10
-11
-11
-11
-11
-12
-11
-12
-12
-13
-13
-13
-11
-11
-11
-12
-12
-12
-12
-12
-13
-12
-10
-11
-12
-11
-12
-11
-9
-8
-8
-7
-8
-8
-9
-9
-6
-6
-6
-7
-9
-9
-9
-7
-7
-6
-6
-7
-7
-7
-8
-8
-6
-6
-7
-6
-6
-6
-5
-5
-5
-4
-5
-5
-6
-6
-5
-4
-5
-4
-5
-5
-5
-5
-5
-4
-3
-2
-3
-3
-1
-1
-1
-2
-1
-3
-2
-3
-3
-1
-2
-1
-2
-2
-1
-1
-1
-1
0
0
-2
-1
1
2
0
-2
-2
0
1
1
-1
-1
-1
0
2
1
1
2
0
1
0
1
3
2
3
1
1
2
1
1
1
1
2
3
4
5
6
7
8
5
3
3
5
6
6
7
7
7
8
8
9
7
8
8
9
9
9
9
10
11
11
11
10
11
12
12
12
12
12
11
9
9
8
9
10
11
11
10
9
11
10
10
10
9
8
8
7
6
7
8
9
8
7
7
8
7
7
6
5
6
6
6
7
6
7
6
6
5
3
3
3
3
3
2
3
4
4
3
3
3
3
3
4
5
4
2
2
2
3
4
4
2
0
1
1
2
3
2
3
2
1
0
0
0
1
1
1
1
1
3
3
3
1
0
0
2
0
1
1
0
2
1
0
-1
-1
-1
-2
-2
-2
-2
-1
-1
0
1
1
1
1
0
1
1
3
3
3
2
1
1
1
1
3
3
2
2
0
-1
-2
-2
-2
-1
-2
-1
-2
-2
-2
0
2
1
0
1
2
3
0
-1
0
-1
-1
-1
-1
-2
-2
0
-1
0
0
0
0
-1
-4
-3
-2
0
-2
0
-1
-1
0
-1
-2
0
0
-1
-1
-1
-1
-2
0
0
-2
-2
-3
-3
-2
-1
0
0
0
-1
-1
0
1
0
1
2
3
2
2
2
1
2
3
3
2
1
1
1
-2
-2
-1
1
1
2
0
0
0
1
1
2
3
3
3
3
4
5
6
7
6
6
5
4
5
5
5
5
4
4
4
5
5
5
7
6
7
7
8
8
7
5
5
6
6
7
6
6
5
6
7
6
5
3
3
2
5
8
8
8
7
6
5
5
4
5
6
7
8
8
6
6
6
6
8
7
7
5
7
7
5
5
6
6
7
7
8
9
8
7
5
5
6
5
5
3
2
3
5
6
6
7
7
7
7
6
6
6
4
4
3
2
3
3
4
3
4
4
3
3
2
1
0
1
1
3
3
2
2
4
4
2
2
2
2
1
0
1
2
1
1
2
1
1
1
2
2
3
2
1
-1
0
-1
-1
1
-1
-2
-1
-1
1
2
0
-1
-2
-1
0
1
1
2
2
0
0
0
1
1
1
1
1
0
1
1
0
1
0
-1
-2
-3
-3
-3
-2
-1
0
1
0
0
1
2
2
1
1
-1
1
2
2
2
1
2
2
1
1
2
2
3
1
1
1
2
3
3
2
2
0
0
1
1
1
0
-1
-1
-1
0
1
1
1
2
2
2
1
1
2
2
2
0
-1
-1
0
2
2
3
3
3
4
3
3
3
2
2
3
4
4
4
5
5
6
3
3
2
3
3
4
4
2
4
3
3
2
4
5
6
5
5
6
5
5
6
5
4
5
7
7
6
8
7
6
6
5
7
10
10
11
9
9
9
10
10
12
12
11
10
10
9
10
11
10
9
9
9
9
9
9
9
7
7
7
8
7
7
8
8
9
7
7
8
7
6
6
7
7
7
7
8
9
9
9
8
9
10
8
7
5
5
6
7
8
6
7
6
6
6
5
6
7
6
5
5
5
8
8
8
7
6
6
5
6
7
7
8
9
8
8
7
8
7
7
7
6
6
6
7
8
9
8
8
8
9
9
9
9
10
10
10
11
11
12
11
10
9
8
9
8
8
8
9
9
10
9
9
9
10
9
9
8
10
11
11
10
9
9
10
11
9
8
7
9
9
11
11
11
9
8
7
8
8
9
11
10
10
13
12
12
12
9
9
10
9
11
12
12
12
11
11
12
11
11
10
9
9
9
10
11
10
8
10
9
10
11
11
10
10
10
11
11
10
11
12
12
12
11
11
11
11
11
11
9
9
9
8
8
8
9
8
9
10
10
9
9
8
7
8
8
8
8
9
9
8
8
9
8
8
8
9
9
10
10
9
8
9
9
8
7
8
9
11
9
8
7
8
10
10
9
10
10
10
9
9
9
9
10
9
7
5
5
8
9
8
7
6
6
6
5
5
5
6
7
8
8
8
8
8
8
9
9
7
7
9
9
10
12
11
9
8
8
8
9
10
8
8
7
5
5
7
8
8
7
8
7
6
8
8
10
8
5
5
4
5
5
6
6
5
4
5
3
4
5
6
5
5
4
5
7
7
6
6
6
6
3
3
2
3
4
4
4
2
4
5
4
2
2
2
4
5
3
2
3
4
3
4
3
4
6
5
2
2
3
3
2
1
0
2
4
4
4
3
3
2
3
4
5
5
3
4
2
2
2
2
2
1
0
1
1
2
3
2
2
1
2
4
4
5
3
1
0
2
2
3
4
3
3
5
6
6
5
5
4
5
4
3
3
3
4
5
4
5
4
6
4
3
2
2
4
5
4
2
1
3
6
6
6
5
4
3
2
3
3
4
5
4
3
3
3
4
3
2
1
0
0
0
0
2
2
3
1
1
1
1
2
1
0
0
1
1
1
3
3
4
4
3
3
2
3
3
4
2
3
4
5
5
5
6
6
5
4
4
7
8
5
5
4
6
8
8
9
9
7
7
7
6
7
6
6
5
6
7
7
7
9
9
9
7
8
8
10
11
10
10
10
9
9
7
7
7
8
10
10
10
11
12
11
11
10
8
8
7
8
9
7
8
9
9
10
11
12
10
11
10
10
9
10
9
11
11
11
11
10
11
11
12
12
12
10
9
9
9
9
11
12
11
12
13
14
13
13
12
10
10
11
10
11
10
10
10
12
13
12
12
10
8
9
9
9
10
9
9
9
8
7
7
7
8
7
8
6
6
7
7
9
9
7
6
7
9
9
8
6
5
8
9
9
9
8
8
8
8
7
8
9
7
6
5
4
5
5
7
9
9
8
8
7
7
8
7
6
6
6
6
6
6
6
5
6
7
9
7
6
5
4
4
5
6
6
5
4
6
5
5
5
4
4
5
5
5
5
5
5
6
5
3
4
5
4
4
5
4
3
2
2
2
3
2
3
3
3
2
1
0
1
2
0
-2
-1
-1
-1
0
1
-1
0
0
0
-1
1
1
1
1
1
2
1
1
1
1
1
3
4
5
3
1
0
1
2
3
1
1
2
3
3
4
5
5
4
3
2
2
1
2
2
2
3
4
5
4
5
5
4
5
5
5
6
9
9
9
9
10
9
8
7
6
5
7
7
6
6
6
5
4
6
6
4
3
6
7
8
8
8
8
8
7
8
9
9
9
9
9
9
11
12
11
10
10
9
10
9
9
8
10
10
11
12
11
11
10
9
8
9
10
12
14
13
12
11
11
11
10
10
9
9
10
11
10
12
11
10
10
10
12
12
12
11
11
11
12
12
13
13
14
14
15
14
15
16
17
16
16
15
15
16
18
19
19
18
17
16
16
15
16
17
16
16
17
17
17
19
17
16
15
15
16
17
19
19
19
19
17
18
19
19
18
17
18
19
19
19
19
19
20
20
19
19
18
17
16
15
15
14
14
15
14
14
14
14
12
12
13
12
13
12
12
12
11
11
11
12
13
14
14
12
11
11
9
10
11
11
11
10
11
10
9
9
10
11
11
9
10
9
9
9
9
9
10
9
8
8
9
7
8
7
7
8
6
6
6
8
9
9
9
7
5
6
6
5
4
4
5
5
6
8
8
8
7
7
7
7
8
9
8
9
11
11
11
11
9
9
9
9
9
9
8
7
6
6
8
8
9
7
7
5
4
5
4
5
5
4
4
4
4
4
3
3
4
5
5
6
7
6
4
5
5
6
7
8
8
6
7
9
7
8
6
7
8
7
8
8
6
5
6
6
7
8
8
8
7
7
5
6
7
7
7
7
8
7
7
5
5
6
7
7
8
10
9
9
8
9
10
10
9
9
10
11
10
10
8
9
9
7
6
5
6
6
6
5
5
6
8
8
6
5
5
5
5
5
5
4
7
9
7
6
7
6
6
6
6
6
6
7
6
8
7
6
5
7
8
7
6
4
6
5
6
6
6
6
7
8
7
7
6
6
5
5
5
5
6
4
5
6
6
7
5
4
4
2
2
0
0
1
3
3
3
4
3
4
5
3
1
3
3
5
5
4
3
4
4
2
0
0
0
1
1
-1
-3
-2
0
1
1
-1
-2
-2
-1
0
-1
0
2
3
3
0
0
1
3
2
2
0
-1
-1
-2
-2
-4
-2
-2
-3
-4
-4
-3
-4
-3
-3
-2
-2
-5
-6
-4
-3
-1
-2
-5
-5
-4
-3
-3
-5
-5
-4
-4
-6
-9
-8
-7
-4
-3
-3
-4
-5
-4
-4
-4
-4
-4
-3
-3
-4
-5
-4
-3
-2
-2
-3
-2
-1
-1
0
0
-2
-3
-3
-4
-4
-3
-4
-5
-7
-7
-7
-6
-6
-6
-6
-7
-9
-10
-8
-9
-10
-10
-8
-7
-7
-9
-9
-9
-10
-8
-7
-8
-7
-8
-8
-9
-8
-6
-5
-4
-4
-5
-6
-6
-4
-3
-4
-4
-6
-6
-7
-4
-4
-2
-4
-4
-3
-3
-4
-5
-4
-4
-5
-5
-5
-6
-4
-4
-6
-5
-4
-4
-4
-5
-5
-7
-8
-9
-9
-8
-5
-5
-5
-6
-7
-7
-7
-7
-6
-8
-8
-8
-7
-5
-6
-8
-8
-10
-9
-8
-8
-9
-8
-6
-6
-7
-9
-9
-8
-5
-4
-7
-8
-8
-7
-5
-5
-4
-5
-5
-5
-5
-6
-6
-5
-4
-5
-4
-3
-3
-4
-4
-6
-7
-8
-8
-6
-7
-6
-5
-5
-5
-6
-7
-6
-6
-4
-4
-5
-6
-4
-4
-3
-4
-5
-5
-5
-7
-6
-5
-5
-4
-5
-5
-5
-5
-6
-5
-6
-5
-5
-7
-7
-7
-6
-5
-4
-3
-3
-3
-3
-4
-4
-3
-2
-2
-1
-2
-3
-4
-2
-2
-1
-2
-4
-2
-3
-4
-5
-4
-4
-5
-3
-3
-3
-1
1
3
3
2
2
2
2
1
0
0
0
1
2
1
0
0
-1
-2
-3
-4
-4
-4
-4
-4
-2
-3
-3
-2
-3
-1
1
0
2
4
1
0
1
1
3
4
3
2
1
2
1
1
1
2
4
2
1
-1
0
2
4
5
5
4
4
4
5
5
5
4
3
5
7
6
5
5
4
4
3
5
5
5
4
5
6
6
7
6
6
4
5
5
6
7
8
10
8
9
9
9
11
11
9
9
9
11
11
11
13
11
12
11
11
14
15
14
13
12
10
10
11
13
12
12
8
6
8
12
13
11
8
8
9
10
10
11
10
10
8
7
7
10
11
11
9
9
9
9
9
11
10
9
10
9
11
11
14
14
15
12
10
8
14
11
18
13
11
15
9
17
12
16
14
14
15
15
16
16
18
16
16
18
19
18
17
16
16
16
15
15
15
16
14
12
12
13
13
15
11
9
6
11
10
11
11
10
10
8
11
7
10
9
10
12
11
13
10
14
11
12
9
11
15
13
16
12
15
12
15
13
15
14
13
14
10
12
11
12
9
9
8
8
7
6
5
3
2
4
4
4
6
5
4
3
0
5
3
4
-2
0
2
3
6
1
3
1
4
-1
3
0
5
3
4
2
2
1
3
7
7
6
6
5
7
10
4
7
2
4
3
4
3
5
1
0
-2
1
1
2
0
-2
-4
-4
-3
-3
-1
-5
-7
-10
-2
-4
2
-4
-3
-5
-2
-5
-2
0
-2
0
-4
-3
-3
-1
1
-3
-3
-7
-4
2
-2
2
-4
0
-5
-1
-5
2
-1
-1
-5
-10
-4
-7
-4
-4
-6
-5
-10
-10
-4
-6
-8
-13
-11
-17
-8
-14
-5
-9
-7
-10
-15
-8
-11
-6
-12
-11
-12
-11
-10
-8
-5
-8
-6
-10
-8
-11
-6
-6
-8
-10
-9
-9
-3
-9
-7
-12
-6
-2
-12
-7
-10
3
-9
3
-15
-2
-6
-5
-10
-10
-5
-13
-2
-14
-5
-13
-2
-11
-10
-9
-14
-6
-9
-12
-11
-10
-5
-10
-7
-15
-8
-11
-12
-10
-12
-11
-13
-5
-12
-7
-13
-11
-9
-8
-7
-15
-12
-9
-3
-7
-9
-13
-6
-1
-15
-2
-16
-2
-3
-9
-10
-8
-2
-7
-2
-11
-1
-10
-2
-2
-11
1
-5
-3
-5
-10
3
-13
-3
-10
-4
-6
-3
-14
-4
-6
-11
-3
-13
-2
-6
-12
-12
-5
-12
1
-13
4
-8
1
-8
-4
-7
-7
-6
-15
3
-11
5
-11
-3
1
-9
0
-14
-3
-7
-6
-12
-11
-8
-16
-2
-19
-11
-17
-9
-13
-20
-9
-13
-10
-9
-10
-18
-3
-13
-10
-10
-11
-8
-15
-16
-6
-11
-12
-10
-20
-10
-14
-7
-13
-12
-9
-1
-14
-13
-2
-10
-1
-11
-8
-6
-3
0
-6
0
-9
-1
-6
-2
-6
-10
4
-8
-2
-10
-5
-3
-7
-9
-12
-3
-10
-1
-19
0
-13
-5
-11
-18
-2
-13
-10
-13
-9
-16
-6
-21
-16
-12
-15
-16
-19
-17
-16
-26
-13
-30
-17
-25
-25
-22
-26
-27
-29
-22
-37
-23
-35
-23
-38
-29
-39
-22
-39
-29
-42
-31
-27
-44
-26
-44
-22
-49
-27
-40
-25
-39
-41
-32
-33
-27
-34
-25
-23
-25
-20
-29
-12
-18
-9
-15
-10
-3
-4
4
0
9
2
19
13
22
28
24
32
37
25
51
30
51
33
55
35
67
47
55
58
44
72
44
62
43
69
34
70
32
49
48
26
50
26
22
22
13
10
11
-15
-1
-18
-47
-32
-51
-72
-57
-80
-95
-101
-117
-129
-134
-138
-161
-180
-179
-193
-201
-214
-229
-244
-219
-250
-269
-256
-260
-263
-274
-259
-284
-254
-272
-249
-254
-230
-209
-212
-182
-158
-132
-111
-63
-51
4
32
60
106
150
188
226
257
311
333
369
413
432
461
482
493
514
523
522
541
523
526
506
484
474
451
414
387
353
309
261
227
189
122
91
49
-14
-37
-92
-144
-163
-180
-273
-232
-302
-390
-315
-358
-458
-440
-440
-499
-513
-498
-539
-576
-537
-628
-586
-615
-643
-580
-599
-626
-547
-524
-544
-531
-550
-367
-337
-361
-381
-280
-172
-144
-168
-90
44
80
75
41
174
287
280
262
293
354
396
341
334
420
442
409
368
336
386
395
338
330
317
302
282
221
209
223
202
162
147
111
99
83
61
69
78
69
9
54
5
80
79
74
104
87
107
157
175
167
248
198
291
252
257
333
329
326
343
302
308
337
227
280
211
208
116
112
32
-35
-45
-124
-190
-232
-357
-375
-390
-531
-602
-590
-638
-804
-790
-711
-819
-819
-716
-893
-837
-792
-749
-665
-682
-663
-607
-555
-525
-395
-383
-224
-182
-176
-92
-62
77
199
210
227
336
343
380
410
460
591
566
514
530
538
585
601
534
551
549
476
451
399
409
451
361
295
255
228
264
206
161
153
141
129
89
61
104
135
107
85
65
139
145
152
155
162
203
210
193
232
251
264
273
229
217
237
210
221
157
63
102
63
-11
-128
-25
-139
-294
-244
-412
-414
-410
-619
-663
-723
-806
-773
-900
-876
-788
-831
-915
-1017
-978
-826
-709
-766
-779
-785
-613
-603
-549
-475
-289
-139
-247
-213
-132
92
230
231
244
373
375
422
454
502
703
705
601
609
589
685
756
654
658
654
572
543
487
462
549
474
365
290
223
232
258
161
158
96
5
37
-33
10
11
-1
-15
-44
-67
-6
61
68
93
80
130
152
182
244
300
357
317
314
330
377
390
413
350
268
274
194
277
153
113
109
-36
-145
-83
-217
-328
-256
-553
-481
-674
-862
-717
-850
-975
-970
-1036
-963
-1052
-995
-1062
-1135
-1101
-772
-904
-989
-847
-801
-548
-605
-630
-407
-147
-213
-132
-139
60
366
308
278
474
522
635
617
587
807
904
784
783
771
807
931
778
747
774
702
662
602
502
581
544
422
343
263
263
333
165
136
82
119
83
27
-38
48
112
41
1
-27
139
157
169
99
166
286
283
277
322
350
446
391
353
331
427
377
287
216
266
206
92
172
28
-125
-134
-136
-390
-407
-391
-668
-811
-815
-1024
-973
-1235
-1178
-1281
-1342
-1173
-1186
-1297
-1327
-1340
-1283
-830
-1079
-949
-964
-891
-517
-551
-568
-212
-49
54
54
-20
353
696
604
651
714
829
994
854
922
1144
1205
1070
996
902
1052
1085
914
887
828
721
632
505
486
551
442
306
214
62
168
128
53
-11
-106
-77
-64
-96
-92
-17
22
22
-10
-1
178
261
297
266
301
423
509
564
527
651
649
646
610
615
622
618
484
384
377
311
145
141
-29
-123
-309
-417
-447
-723
-831
-941
-1123
-1284
-1390
-1602
-1605
-1762
-1641
-1706
-1716
-1578
-1619
-1703
-1756
-1539
-1016
-1031
-1115
-1096
-885
-348
-314
-403
3
375
473
459
323
817
1283
1262
1174
1197
1333
1522
1401
1368
1596
1640
1444
1237
1109
1181
1200
1008
867
723
579
446
357
323
250
135
-56
-144
-186
-184
-208
-211
-292
-382
-306
-321
-92
-167
-130
-64
55
162
217
319
457
624
558
650
758
871
1043
919
938
987
950
969
771
766
724
541
368
255
65
85
-163
-418
-657
-915
-943
-1097
-1446
-1650
-1889
-2039
-2125
-2482
-2348
-2275
-2513
-2143
-2169
-2109
-2010
-2295
-1906
-1085
-996
-1085
-1045
-882
-11
204
-11
556
976
1174
1296
1004
1448
2183
2134
2032
2015
1855
2127
2039
1886
2111
1931
1599
1428
1111
1079
1060
847
667
517
100
-77
-169
-280
-198
-353
-557
-710
-750
-815
-583
-596
-559
-559
-577
-475
-212
-127
100
314
337
495
507
781
1057
1238
1190
1255
1238
1467
1410
1510
1341
1379
1204
953
824
672
581
384
132
-258
-539
-761
-986
-1286
-1490
-1923
-2126
-2619
-2694
-2903
-3146
-3248
-3485
-3199
-3193
-3043
-2926
-2566
-2207
-2289
-2267
-1642
-657
-364
-359
-360
314
1202
1306
1482
1883
2407
2688
2525
2498
2930
3251
3121
3001
2715
2588
2386
2107
2071
1982
1454
925
471
318
300
-27
-313
-605
-899
-1232
-1349
-1359
-1213
-1315
-1447
-1439
-1390
-1189
-1021
-697
-432
-304
-262
-18
438
790
1134
1123
1498
1605
1773
1878
2093
2324
2328
2104
1931
2024
1915
1817
1501
1222
1022
642
326
-5
-358
-506
-1025
-1335
-1883
-2195
-2631
-2847
-3184
-3556
-3759
-4259
-4278
-4567
-4241
-4183
-3955
-3989
-3492
-2503
-2242
-1932
-2269
-1440
164
891
988
900
1452
2555
3266
3061
3535
4029
4171
4184
3671
3742
3970
3711
3333
3003
2228
1711
1193
785
757
56
-747
-1293
-1674
-1786
-2007
-2513
-2501
-2439
-2553
-2671
-2811
-2363
-1859
-1391
-1289
-960
-595
-118
638
1157
1775
1893
2210
2431
2910
3122
3233
3403
3403
3191
2896
2705
2673
2729
2116
1741
1302
1057
778
380
-101
-212
-694
-1119
-1491
-2057
-2079
-2582
-2848
-3155
-3591
-3673
-3939
-4110
-4149
-4360
-4566
-4551
-4396
-4273
-3765
-3591
-2986
-1958
-1246
-692
-453
-511
544
2144
2812
3364
3000
3199
4081
4436
4449
4700
4513
4312
4027
3108
2746
2436
1900
1587
839
-266
-1055
-1752
-2124
-2124
-2649
-3205
-3489
-3842
-3756
-3617
-3536
-2964
-2589
-2306
-1901
-1537
-703
217
1150
2060
2341
2748
2972
3744
4600
4720
4690
4144
4015
3956
3702
3327
2964
2495
1985
1293
761
558
363
82
-331
-691
-991
-1257
-1452
-1667
-1644
-1750
-1897
-2100
-2472
-2572
-2700
-2754
-2633
-2882
-2944
-3399
-3515
-3604
-3316
-3378
-3329
-3438
-3425
-2603
-2549
-881
-74
401
258
-499
572
2656
3784
3870
3215
2754
3554
3746
3692
3935
3739
3258
2559
1438
915
643
10
-231
-537
-1487
-2432
-3445
-3568
-2821
-2703
-3024
-3316
-3210
-2697
-2298
-2028
-1318
-356
211
543
749
1222
2130
2941
3709
4168
4041
3649
3568
3780
4245
4017
3316
2546
2005
1629
1360
1020
755
413
-119
-564
-800
-857
-756
-634
-609
-666
-927
-1230
-1118
-1033
-639
-758
-879
-1346
-1673
-1937
-1845
-1819
-2148
-2307
-3453
-3108
-3957
-3659
-3795
-3800
-3496
-3447
-3648
-2853
-1053
368
1028
-285
-754
1242
3272
4473
3982
3015
3512
3985
3784
3727
3666
3357
3011
1751
978
422
-538
-1249
-1346
-1546
-1943
-3240
-4350
-4051
-3339
-2965
-2900
-2990
-2453
-1700
-1361
-863
-31
786
1745
2232
2513
2825
3247
3767
4588
4838
4473
3853
3375
3378
3260
2730
1942
1389
785
271
-103
-437
-544
-812
-1078
-1112
-1067
-1105
-1025
-809
-338
-128
-250
-597
-705
-437
-172
-94
-459
-885
-1577
-1522
-2176
-1904
-2530
-2895
-3511
-4084
-4502
-4395
-4344
-4285
-3586
-3519
-2428
-498
36
874
92
7
2448
4063
4985
4685
3637
3647
4282
3646
3920
3586
2791
2144
821
-317
-763
-1843
-2508
-2443
-2831
-3287
-4146
-5006
-4366
-3464
-2973
-2368
-1874
-1218
-203
135
867
1964
2834
3678
4138
4136
4253
4228
4308
4661
4704
4078
3169
2323
1728
1428
821
92
-230
-783
-1033
-1239
-1544
-1473
-1415
-1207
-699
-462
-258
-142
125
586
973
1031
867
483
457
410
322
-3
-1058
-1517
-2252
-2516
-2889
-3570
-4306
-4964
-5588
-5789
-5341
-5049
-4608
-3925
-3701
-1379
513
1614
1855
1188
2187
4743
5931
6437
5834
4833
4841
4363
3784
3624
2651
1454
380
-1070
-2056
-3145
-4412
-4687
-4487
-4574
-4806
-5426
-5380
-4276
-3195
-2175
-971
17
1221
2182
2763
3710
4618
5291
5884
5968
5690
5172
4449
3949
3744
3148
2209
1327
201
-444
-1214
-1810
-1921
-2055
-2053
-1915
-1837
-1599
-1365
-1014
-228
673
1300
1520
1572
1808
2153
2417
2220
1812
1379
912
546
-10
-807
-1674
-2651
-3365
-3961
-4573
-5187
-6014
-6537
-6857
-6504
-5823
-5048
-4507
-3754
-2557
-116
2774
3889
4102
3062
4252
6293
7811
7798
6783
5481
4753
3687
2705
1815
526
-762
-1952
-3127
-4238
-5495
-6758
-6721
-5998
-5152
-4782
-4865
-4325
-2910
-1369
118
1592
2920
4368
5277
5699
6095
6359
6490
6555
6043
5295
4183
2917
1885
1030
38
-790
-1531
-2157
-2525
-3140
-3258
-3091
-2630
-1948
-1235
-503
160
666
1267
2105
2965
3514
3705
3701
3688
3549
3139
2438
1744
1056
383
-408
-1406
-2285
-3106
-3863
-4726
-5637
-6374
-6782
-7035
-6829
-6473
-5963
-5489
-4824
-4079
-2372
-885
621
3551
5160
6845
6147
4881
5903
7035
7785
7558
5657
4195
2720
644
-357
-1294
-2488
-3280
-4456
-5461
-5771
-6995
-7308
-6448
-5349
-3520
-2573
-2029
-568
510
1798
3424
4626
6244
7105
7018
6915
6404
5795
5175
4204
3375
2428
957
-430
-1680
-2671
-3251
-3493
-3425
-3183
-3157
-3134
-2505
-1574
-455
682
1578
2694
3444
3987
4385
4729
4900
4761
4483
4001
3570
2787
1874
968
62
-698
-1503
-2313
-2974
-3704
-4295
-4922
-5278
-5573
-5499
-5685
-5715
-5414
-4966
-3825
-3486
-2695
-2140
-1114
52
906
1892
3328
5514
6395
6508
4466
4005
4275
4680
4462
3363
1832
765
-1027
-2243
-2890
-3665
-4034
-4368
-4446
-4215
-4412
-4923
-4271
-3122
-1349
46
736
1626
2507
3178
4003
4599
5196
5958
5946
5729
4888
3508
2371
1369
693
265
-744
-1760
-2596
-3396
-3692
-3949
-3540
-2467
-1389
-734
-185
204
1224
2377
3389
4587
5041
5260
5041
4630
4302
3870
3075
2539
1825
1340
589
-335
-1115
-1663
-1950
-2212
-2518
-2843
-3096
-3194
-3565
-3431
-3702
-3382
-3405
-3186
-2777
-2505
-2299
-2392
-2291
-1995
-1433
-926
-663
-33
281
2367
3807
4388
3547
1797
2048
2967
3446
3358
2227
1251
620
-551
-1181
-1745
-2409
-2485
-2308
-2291
-2151
-2955
-3445
-2854
-1953
-512
337
569
1178
1635
2178
2911
3124
3652
4128
4176
4158
3514
2660
1718
876
278
2
-656
-1283
-1775
-2286
-2597
-2843
-2660
-1884
-1140
-266
633
1281
1933
2343
2934
3769
4237
4519
4379
3995
3602
2882
2163
1547
1149
894
528
25
-474
-853
-1131
-1176
-1361
-1418
-1705
-1880
-2083
-2273
-2498
-2674
-2954
-2869
-3274
-3083
-2902
-2991
-2585
-3422
-2635
-2910
-2294
-1826
-1224
108
1887
3926
4583
3870
2195
2628
3465
4461
4318
3396
2358
1561
25
-641
-1777
-2508
-2647
-2704
-2510
-2861
-3844
-4322
-3882
-2891
-1335
-415
372
1216
1885
2620
3228
3523
4170
4760
5137
5101
4276
3295
2194
1193
315
-343
-1155
-1725
-2346
-2711
-3174
-3681
-3845
-3398
-2477
-1389
-391
641
1349
2289
2983
3789
4503
4859
5442
5369
5104
4239
3235
2444
1933
1577
1126
447
-111
-708
-1001
-1298
-1561
-1822
-2073
-2241
-2291
-2257
-2494
-2724
-2839
-2900
-2584
-2887
-2469
-2489
-2175
-2087
-2380
-2306
-2416
-2230
-1702
-1197
-455
574
2024
3886
4344
3668
2252
2477
3042
3772
3296
2426
1441
455
-625
-1547
-2442
-2959
-3021
-2725
-2452
-2621
-3101
-3280
-2703
-1617
-317
641
1460
2245
2970
3559
3796
3868
4083
4368
4488
4176
3266
2098
859
-223
-1020
-1707
-2396
-2896
-3229
-3353
-3448
-3534
-3394
-2902
-2046
-846
487
1779
2963
3670
4326
4709
5111
5446
5690
5758
5218
4265
3008
1948
1099
453
-106
-604
-1055
-1340
-1699
-1899
-2119
-2168
-2164
-1950
-1800
-1547
-1507
-1468
-1513
-1485
-1374
-1303
-1128
-1182
-1262
-1386
-1512
-1738
-2169
-2703
-2732
-2625
-2023
-1909
-1195
103
2309
3233
2594
1120
1151
2085
2973
3097
2568
2022
1451
660
39
-790
-1574
-1691
-1340
-780
-962
-1827
-2483
-2456
-1797
-879
-216
285
935
1542
2048
2228
2131
2249
2731
3157
3254
2605
1704
908
245
-175
-687
-1311
-1552
-1549
-1560
-1741
-1949
-1960
-1685
-1255
-779
105
916
1869
2580
3125
3511
3640
3802
3868
4081
4106
3591
2810
1917
1266
818
344
12
-250
-337
-449
-597
-768
-901
-916
-919
-842
-921
-945
-1115
-1051
-1160
-1060
-1402
-1499
-1615
-1322
-1369
-1414
-2058
-2190
-2500
-2903
-2837
-3754
-3370
-2907
-2203
-1550
-284
1434
3291
2948
1912
2093
2790
3594
3937
3411
3354
2724
1663
1111
-80
-986
-1407
-1507
-1211
-1578
-2532
-3046
-3337
-3114
-2465
-2031
-1307
-405
378
1258
1727
2095
2719
3219
3649
3876
3805
3484
2915
2194
1530
651
-186
-715
-1043
-1291
-1761
-2097
-2374
-2405
-2457
-2162
-1759
-815
487
1347
2065
2574
3005
3273
3965
4204
4475
4603
4064
3379
2914
2114
1365
852
363
18
-126
-464
-912
-1201
-1492
-1682
-1686
-1757
-1694
-1508
-1230
-1182
-1148
-1113
-901
-971
-603
-549
-231
-305
-393
-949
-1587
-2532
-2899
-3300
-3193
-3040
-2881
-2263
-2349
-834
681
2235
2767
1611
2008
2560
3067
3776
3230
3088
2783
1953
1717
753
-341
-987
-1333
-1379
-1476
-2235
-2776
-3016
-3049
-2485
-2069
-1603
-922
-205
731
1593
2060
2512
2798
3140
3458
3652
3447
3068
2521
1926
1315
570
-144
-553
-967
-1167
-1392
-1821
-1968
-2134
-1979
-1569
-972
-275
576
1268
2048
2411
2706
2867
3185
3479
3560
3430
3052
2597
2167
1684
1276
811
348
218
80
15
-303
-653
-798
-897
-864
-875
-866
-785
-616
-549
-332
-412
-461
-599
-550
-391
-305
-676
-966
-977
-1539
-2074
-2750
-3155
-2995
-3485
-3212
-2923
-2971
-2437
-2129
-333
930
1984
1917
1844
2858
2746
3124
3201
2884
2922
2387
2011
1619
452
-394
-833
-1177
-1377
-1615
-1858
-1930
-1960
-1893
-1581
-1390
-1132
-617
121
878
1458
1819
2172
2384
2432
2461
2335
2327
2040
1608
1317
823
290
-113
-497
-663
-893
-1160
-1108
-908
-946
-673
-419
48
556
910
1475
1916
2175
2482
2636
2802
2727
2542
2354
1980
1729
1506
1304
1099
774
556
548
593
570
453
529
433
487
292
128
170
59
168
185
-25
-79
-532
-796
-1085
-1352
-1393
-1689
-1899
-2244
-2397
-2783
-2838
-3470
-3430
-3450
-3040
-2417
-2106
-1893
-1284
-1207
-146
826
1648
2838
2487
3124
2780
2813
2906
2384
2595
2083
1670
1425
449
42
-620
-1068
-1088
-1425
-1287
-1454
-1395
-1277
-1199
-980
-859
-503
-190
66
579
878
1364
1679
1710
1935
1728
1885
2020
1866
1852
1542
1384
1141
744
500
211
88
28
128
-80
-24
-81
-149
118
49
472
631
864
1115
1316
1601
1646
1888
1986
2124
2303
2276
2353
2283
2104
2066
1906
1806
1632
1462
1232
953
631
373
86
-272
-329
-403
-391
-498
-760
-693
-908
-950
-965
-881
-663
-473
-413
-512
-872
-823
-1197
-1123
-1348
-1454
-1495
-1561
-1530
-1674
-2041
-2089
-2002
-1681
-1467
-1246
-522
-157
347
994
859
1427
1393
1607
2195
1920
2598
2333
2353
2459
1769
1697
1042
828
754
287
308
-82
-250
-342
-841
-581
-801
-583
-396
-347
161
141
519
932
1066
1231
1471
1818
2095
2080
2192
2114
1808
1777
1545
1447
1060
869
756
546
470
144
-7
42
18
211
344
510
790
843
1138
1409
1555
1855
2053
2278
2389
2420
2621
2649
2629
2529
2313
2156
1988
1817
1652
1405
1199
814
549
522
350
206
59
32
-10
-94
-56
-89
-86
104
141
284
411
346
628
657
657
669
326
457
166
37
-134
-426
-439
-628
-710
-788
-724
-607
-743
-571
-600
-406
-328
-226
142
75
541
658
827
1125
1201
1414
1515
1510
1568
1655
1609
1508
1638
1519
1392
1395
1115
964
906
683
831
737
764
718
585
585
606
688
637
786
880
1012
1226
1413
1507
1646
1774
1890
1904
1852
1843
1685
1744
1557
1435
1299
1035
1052
832
847
817
767
693
626
679
610
870
903
977
1334
1253
1550
1761
1712
1900
1912
2003
1895
1850
1842
1793
1607
1555
1313
1160
854
908
717
451
630
441
542
473
454
535
366
460
589
721
765
726
1032
683
873
807
522
719
533
149
136
-34
-571
-874
-679
-1027
-1050
-1340
-1836
-1694
-1282
-727
225
782
1191
1400
1283
904
857
802
931
1144
997
834
834
875
927
1338
1653
1902
2000
1903
1923
1871
1995
1893
2054
2175
1605
1627
1663
1145
1089
939
617
340
161
87
-7
15
102
169
129
60
-153
-648
-1112
-1277
-1432
-1064
-692
-374
249
30
203
369
160
313
168
-8
-28
-16
-418
-526
-427
-1282
-1322
-1404
-1797
-1696
-1444
-1947
-1834
-1430
-1929
-1850
-1423
-1916
-2100
-1796
-2303
-2454
-2604
-2687
-2852
-2874
-2852
-3064
-3143
-3195
-2803
-2954
-2680
-2615
-2507
-2659
-2353
-2502
-2424
-2050
-1895
-1616
-2023
-1338
-1427
-1353
-1207
-1351
-1722
-1676
-1768
-2243
-1770
-2445
-2541
-2561
-2952
-2749
-2807
-3158
-2232
-3320
-2900
-2317
-3267
-2283
-2229
-2448
-2116
-2073
-2084
-2345
-1822
-1847
-2290
-1819
-2202
-2138
-2451
-2356
-1933
-2432
-2241
-1993
-2332
-2196
-2087
-1597
-2080
-2223
-1296
-2434
-1634
-1066
-1646
-1513
-981
-1627
-1454
-1020
-1384
-1292
-1084
-1687
-1718
-1618
-1534
-1357
-865
-529
-669
-110
-356
477
249
544
984
571
683
886
579
506
982
392
384
844
176
404
917
289
534
538
55
233
411
-95
397
328
-382
405
108
-112
474
344
216
8
510
-305
-142
566
-472
192
43
-364
-180
-208
-227
-390
-222
-949
-859
-618
-1388
-1086
-1331
-1472
-1385
-1577
-1167
-1397
-1454
-1013
-1134
-1206
-934
-531
-1187
-212
-539
-703
-84
-486
-266
-540
-95
-199
-367
-74
-88
-370
20
-295
-261
244
-598
311
-111
142
106
-207
649
-309
545
463
117
1203
68
825
1005
168
520
796
-133
-186
502
-456
-417
528
-515
-460
407
-187
-690
535
-222
-603
566
-224
-100
213
-20
-35
443
342
273
780
821
424
990
662
603
918
770
948
343
1121
461
99
1230
229
134
1141
260
-158
1036
295
-22
748
874
-147
1050
949
-106
1265
348
615
455
548
457
461
168
381
257
-400
643
-538
80
136
-969
606
-1102
-439
-129
-715
-434
-514
-237
-673
-99
-190
-504
-181
69
-125
-617
939
-364
-463
941
-543
-177
181
-146
-799
243
-442
-648
-139
-674
-669
-252
-277
-748
-488
-328
-397
-632
-73
-484
-314
31
-229
-111
262
-666
207
-23
-223
-174
-144
136
-497
-171
168
-208
-563
275
98
-572
534
262
-800
504
-33
-162
216
679
-569
204
403
-779
549
-381
7
-30
-404
75
-437
-29
-193
-172
109
-65
66
-25
535
-271
411
261
-90
-116
161
-48
-352
-65
-291
-446
-318
-650
-645
-510
-830
-373
-654
-555
-847
-61
-1137
-334
164
-1065
423
-118
-393
206
65
-317
-309
577
-403
-392
484
-961
2
-290
-798
-125
-1077
-390
-636
-749
-360
-528
-163
-983
350
-513
-563
568
-597
147
175
-341
182
85
-527
283
-286
-709
566
-937
-220
55
-1006
79
-792
-568
-144
-685
-152
-334
-484
-553
-16
-442
-355
139
-449
-369
-389
-276
-268
-475
-117
-313
-467
-339
-156
-720
-269
115
-435
-127
179
-77
-524
195
-96
-312
-103
143
-19
-336
177
123
-1157
475
-304
-1061
617
-635
-920
148
-799
-647
-80
-423
-654
147
-521
-923
-39
-855
-480
-88
-672
-619
-232
-786
-480
-366
-446
-767
385
-877
-258
-84
-680
-245
109
61
-729
678
-529
-458
609
-560
207
-586
307
-1004
-185
-531
-322
48
-1215
367
-898
-865
195
-382
-462
85
199
-791
-60
517
-859
215
232
-152
-297
344
-230
-281
-443
372
-565
-724
794
-1335
-64
23
-988
117
-646
154
-127
-805
1311
-1573
531
604
-582
107
1182
-809
-145
1399
-1372
535
562
-453
-167
805
-1112
-190
290
-826
-222
336
-560
-135
-230
434
-805
-236
1151
-1488
683
211
-598
382
-189
165
-515
495
-476
-122
-74
-269
27
-398
297
-629
-77
134
-850
939
-684
-518
1042
-1167
265
260
49
-89
463
-179
-100
486
-298
312
404
-55
-386
1086
-1063
68
553
-538
-286
753
-893
-312
341
-457
-619
722
-201
-693
1229
-948
123
648
-586
625
875
-837
1037
316
-437
640
643
-266
472
569
-500
244
493
-412
-376
1232
-885
-187
1157
-996
265
494
-157
27
334
405
-130
220
749
-141
243
811
338
-123
307
750
-807
710
182
79
431
-439
570
-253
-276
577
54
246
-235
1124
-511
301
284
821
-535
650
1436
-2265
2111
-514
-362
599
473
-628
576
-75
-83
39
-219
557
28
-173
555
56
259
49
491
731
-449
805
510
156
-24
1490
-941
984
178
-179
930
-712
696
119
-418
628
315
-410
282
1109
-978
670
1109
-581
767
903
-364
941
29
731
-7
303
1011
-910
1318
-242
-229
959
-89
106
819
-89
367
588
211
101
1324
-41
629
1381
75
718
54
1819
-1253
1511
587
57
-28
1531
-573
-64
1485
-955
1064
51
548
182
579
362
265
892
161
541
1037
-259
1042
737
47
911
314
457
121
936
-504
1074
-22
-116
1027
-310
725
131
336
589
260
318
734
1002
-256
1743
38
201
1752
-733
1546
65
1047
-23
677
1131
-643
1070
549
-351
953
384
394
289
726
214
239
1408
-400
972
862
74
661
1405
-758
1600
478
-146
1345
633
-13
613
981
-366
733
836
33
263
1349
-601
1065
440
14
1164
475
447
1622
-439
1436
465
522
1594
-414
1964
20
957
373
1066
182
610
1415
-462
1007
491
529
-454
1859
-433
156
1674
-603
976
903
34
950
772
402
510
1657
-156
797
2069
-1244
1963
483
817
440
904
684
401
592
684
300
427
451
1149
-736
1699
-81
330
971
21
1270
-27
1072
842
-414
1872
76
616
1156
499
1069
138
1632
-14
761
1064
559
562
1172
232
548
940
416
665
951
380
895
773
45
1321
35
1298
343
726
894
341
765
306
1293
-13
1079
889
640
439
803
703
690
233
1411
63
934
450
689
669
428
1082
580
332
1569
231
460
1465
490
462
1434
472
644
1301
-68
1480
245
773
726
1180
-50
1488
284
643
1201
-277
1762
288
-16
1821
363
-190
2191
65
259
1828
-34
1111
78
1561
-78
777
957
461
386
728
1251
-479
1809
49
726
696
834
530
876
717
1085
619
765
970
716
914
566
1361
392
1433
443
1233
821
574
852
979
452
1247
695
529
1700
-284
1554
597
597
1312
535
817
1308
33
1046
1037
474
207
1962
-415
984
1263
-213
1451
704
12
1746
354
483
1175
1097
454
989
1467
321
1210
1077
915
997
865
1053
639
1261
607
722
697
1639
-686
2404
12
371
1612
341
594
1050
1003
-138
1871
42
1308
669
1252
583
833
1142
676
388
1998
-130
1393
615
689
812
576
715
1154
83
1107
496
676
896
700
990
435
1442
142
1105
1099
632
582
1477
672
890
607
2495
-1006
2259
570
171
2214
-390
2168
354
902
1534
-23
1774
687
316
1911
104
968
1296
894
57
2116
-76
920
948
923
-11
2025
601
-418
3254
-1215
1331
1636
-118
1338
1185
1135
1088
433
1701
531
826
1323
880
954
862
1499
360
1378
1419
-203
1825
953
72
1673
1149
367
1014
1773
-194
1517
1202
405
1168
1017
1275
80
1714
781
525
788
2044
-240
747
2483
-478
905
1710
560
188
1907
766
272
1466
1126
173
1570
828
875
808
1133
1206
298
1269
1175
573
725
1545
409
836
1167
796
486
1286
1115
233
1517
1077
283
1780
1058
154
1928
697
912
970
1859
-11
1861
1115
151
2274
58
1261
1410
583
904
1554
267
1490
742
793
918
1172
680
725
1630
184
1342
1026
950
902
1187
874
1135
1269
472
1578
1364
748
1910
395
1362
931
1238
399
2084
730
659
1882
347
1507
107
2203
155
1537
1317
521
1739
578
1383
996
1207
733
1737
25
1863
1055
610
1136
1761
351
1170
1598
528
1073
1041
1365
302
1626
987
659
1251
1625
137
1671
1282
644
903
2052
-120
1442
1416
257
1501
869
1016
794
1113
870
1177
965
868
1633
427
1082
1511
841
710
1821
670
1222
1291
626
1655
977
755
1708
972
676
1724
726
576
1805
442
832
1528
550
1068
1356
697
1225
999
1178
1007
1065
824
1610
746
1034
2009
752
321
2372
566
670
1440
1606
796
434
2920
-186
925
2280
146
1210
1827
705
983
1885
542
1496
733
1815
923
674
2159
493
1196
1538
829
978
1295
1515
-182
2580
274
973
1322
1494
67
2232
633
1034
1811
357
2150
285
1625
1138
1254
943
1624
858
898
1947
431
1144
1568
524
1050
1062
1261
816
950
1390
864
849
1543
857
902
1671
620
1510
1004
1363
1374
765
1833
950
981
1563
971
1278
834
1384
1105
455
2027
325
1201
1436
405
1164
1305
1033
682
1986
527
1113
1449
1071
1100
1176
1524
824
1385
1524
681
1437
1440
706
1168
1715
424
1435
1391
346
1987
340
924
2108
75
1865
1253
1019
943
1764
943
729
2082
558
1424
1674
440
1897
1061
528
1922
949
372
2021
1276
199
2018
1290
473
1382
1918
460
1101
1868
1131
744
1820
1068
1020
1378
924
1417
983
944
1502
975
703
1346
1069
838
1139
1597
241
1880
860
1159
969
1638
921
788
2544
-23
1931
1457
675
1589
1090
1447
1099
763
1823
336
1652
777
1083
1336
406
1972
353
1165
1679
551
977
2051
206
1413
1851
490
1233
1812
742
864
1808
936
706
1559
1121
864
950
1621
895
384
2222
165
777
2101
339
962
2012
585
1155
1284
1412
857
1393
1518
836
1436
1550
763
1540
938
1347
824
1359
1002
1275
682
1296
1179
776
1165
1144
1296
514
1786
635
1296
1168
1087
964
1694
880
1340
1204
1000
1258
1070
1203
1371
991
910
1666
765
850
1608
748
1157
998
1429
1011
688
1735
904
886
1251
1420
986
1188
1188
1379
817
1304
1375
598
1863
565
1555
846
1622
631
1052
1769
346
1222
1200
1198
701
1400
1107
941
1125
1212
981
1177
915
1277
928
1354
1224
746
1291
1324
704
1170
1485
1154
644
1526
1299
519
1496
1234
990
1210
1373
777
1173
1303
982
573
1889
730
597
1738
1110
346
1747
985
820
1226
1209
913
1001
1414
1020
1116
1138
1394
791
1433
1216
903
994
1721
432
1570
1081
1061
1489
646
1569
1122
587
1304
1482
355
1551
1170
966
1020
1111
1098
1306
645
1622
814
1215
1267
573
1823
716
1392
1059
1080
1334
704
1549
956
1092
1166
1081
1201
844
1413
806
1187
1112
1374
702
1226
1455
565
1110
1503
1180
463
1970
969
620
1497
1242
746
982
1665
560
1264
1364
662
1237
983
1219
804
1075
1476
409
1529
1166
847
1224
1165
810
1262
1245
554
1644
926
909
1335
1003
772
1368
1265
374
1498
1190
819
936
1336
1033
559
1450
1058
747
1283
1289
811
1230
1074
948
1135
1357
893
977
1507
781
1086
1108
1076
969
1009
1285
737
1196
1205
811
1120
1437
387
1269
1358
748
989
1227
1190
555
1646
688
1041
1042
1151
1335
161
2054
1060
486
1468
1296
945
603
2018
542
1096
771
1835
262
1297
1595
356
1495
751
975
897
1201
1009
838
1296
1068
1044
547
1604
720
915
1124
1025
1258
674
1214
1541
538
1052
1426
605
1243
1189
700
960
1463
506
1157
1272
793
832
1516
534
1162
1149
593
1642
452
969
1650
539
1103
1207
1205
588
891
1556
631
946
1327
871
1006
803
919
1271
592
1018
1407
585
1250
1157
577
1379
801
710
1288
1038
417
1528
1201
164
1748
619
1060
1114
764
1258
894
950
881
1061
1107
623
1319
893
733
1191
776
1168
967
810
1112
923
730
1084
839
956
873
916
923
716
1402
769
1105
1280
911
820
1172
1305
556
984
1470
741
735
1386
821
832
1016
1059
767
837
975
804
941
1010
757
1222
693
1050
1146
477
1223
1003
1052
820
965
1343
486
1024
1165
838
565
1080
1142
809
949
1147
760
892
1055
805
1186
668
1183
975
855
991
1078
634
1282
1052
594
1174
1027
789
984
1000
936
554
1208
867
701
778
1175
860
566
1209
1026
404
1157
1208
350
1287
895
822
901
971
955
651
1252
856
608
1134
827
890
633
1146
910
658
1084
1012
786
939
1111
532
1271
756
675
1012
1234
550
919
1359
591
629
1056
1045
453
927
1038
665
850
902
1012
451
1159
1046
587
1018
983
751
892
940
683
955
877
798
934
1125
630
1020
1144
504
1144
745
920
789
990
954
819
894
936
1056
399
1321
958
468
1339
917
596
1099
1056
588
843
1178
527
869
1102
502
812
1057
638
623
1193
539
874
631
1098
805
487
1250
829
834
1022
932
953
915
873
979
621
978
916
650
763
1155
389
976
1071
445
977
491
1087
755
709
972
742
954
604
1060
805
599
1049
592
1017
853
800
785
1111
497
765
1101
281
1147
863
535
766
1057
284
1022
882
429
1142
768
759
945
803
605
1093
821
875
761
829
909
826
514
877
976
477
642
1175
419
806
724
1050
818
582
995
671
916
797
846
552
1217
648
525
1107
644
827
684
784
909
618
685
810
703
903
377
1042
767
665
869
527
1062
579
892
863
981
637
771
838
790
798
631
1118
646
709
535
853
930
464
566
930
596
577
692
836
850
434
956
715
586
983
792
852
858
808
740
608
850
720
575
711
994
375
886
936
330
986
718
564
930
482
822
650
863
758
503
1121
638
358
1310
460
637
1016
554
924
679
509
762
686
591
648
817
490
602
1007
332
597
1141
527
454
1339
305
776
973
378
954
802
772
803
788
778
536
821
624
685
679
767
790
411
1107
565
574
855
797
737
580
750
673
756
542
707
698
746
573
798
754
467
732
709
550
1007
577
400
916
783
476
648
629
809
523
689
834
440
852
630
827
776
586
597
914
535
701
473
993
816
206
1038
788
354
704
949
456
590
826
606
736
701
641
322
979
651
312
898
645
985
217
823
835
318
917
305
1035
406
355
826
508
340
901
680
757
518
575
938
251
730
700
664
757
512
922
383
566
974
247
883
581
784
280
962
743
139
786
805
527
476
746
434
722
709
562
550
916
526
448
936
449
376
1079
363
877
632
299
943
532
362
875
568
559
666
587
420
533
873
613
637
926
389
688
850
582
548
778
887
312
619
796
419
364
858
696
342
735
632
507
586
584
843
307
820
875
319
662
616
539
439
660
862
455
580
736
692
418
555
765
572
495
756
484
576
775
671
563
534
833
491
566
654
495
922
453
525
804
533
730
597
639
666
564
545
566
741
566
513
645
572
562
498
496
888
431
582
883
394
629
393
846
504
491
607
851
715
250
770
583
558
613
517
661
638
456
603
696
601
518
461
493
682
433
440
832
581
618
432
464
827
328
404
943
575
195
798
745
218
778
526
318
883
610
310
601
905
454
313
833
521
282
872
711
346
693
582
494
440
646
481
559
749
539
487
457
422
722
668
266
527
824
387
439
691
425
573
639
703
215
639
849
316
745
499
515
589
454
721
475
316
470
726
446
329
538
528
647
353
529
441
488
649
552
389
518
591
626
413
707
352
410
628
493
603
476
545
675
625
406
444
505
575
569
554
447
541
590
438
331
564
344
478
522
653
458
400
588
592
429
278
634
623
576
504
543
710
359
494
600
290
606
451
609
491
387
550
529
436
436
524
447
528
496
375
518
483
336
487
590
285
426
633
491
588
383
503
561
381
521
475
591
435
604
500
400
653
348
490
544
535
373
398
613
380
537
453
589
351
391
573
290
496
565
532
494
463
532
593
361
429
586
517
438
487
513
392
459
479
309
566
299
484
409
280
537
354
453
434
346
447
526
585
255
338
643
466
299
472
521
511
437
517
453
294
584
615
367
191
477
544
195
448
626
35
535
707
158
361
480
491
425
437
277
427
391
412
658
331
421
609
370
333
399
311
402
533
410
349
421
365
468
328
421
374
372
506
309
458
571
570
367
444
538
380
345
406
469
634
385
447
473
332
373
307
395
373
286
417
480
281
346
573
322
359
560
281
207
566
394
366
567
470
462
424
458
447
410
493
415
369
481
389
300
473
445
292
401
431
109
387
602
219
313
374
355
284
367
385
209
281
552
406
255
437
502
250
360
494
210
235
531
509
287
381
395
381
469
298
328
408
381
329
418
403
285
420
328
368
410
293
275
507
320
383
411
217
439
424
313
326
368
354
278
437
391
215
435
352
398
363
248
400
234
354
482
144
364
437
292
281
415
330
243
480
476
304
288
521
287
203
449
469
279
292
392
267
266
169
295
364
285
318
366
223
324
406
196
300
344
259
345
476
342
258
333
410
313
217
381
287
190
408
292
320
315
350
388
212
307
250
261
371
346
385
252
346
361
250
281
315
274
406
348
316
250
319
426
252
355
389
188
317
355
206
313
253
376
271
281
293
254
305
410
388
255
368
424
207
301
430
340
426
422
364
333
263
297
266
279
368
290
279
362
371
207
198
376
291
228
383
371
348
331
426
316
221
402
267
251
368
459
208
285
388
285
323
179
314
329
245
364
282
288
275
341
322
244
299
272
324
292
311
318
227
358
413
302
318
292
305
315
308
349
186
309
351
288
359
284
312
282
329
297
220
269
348
479
312
241
319
292
318
267
233
325
295
263
387
270
243
383
272
218
324
314
219
360
385
260
273
270
247
376
287
355
337
296
326
211
268
340
273
283
366
316
269
318
346
317
292
283
301
305
216
258
309
260
276
280
290
141
329
230
200
407
362
282
306
409
307
261
359
326
312
359
283
401
285
343
419
145
286
358
258
198
356
315
145
321
331
233
227
301
311
259
302
294
233
186
302
286
211
316
325
186
356
304
283
304
320
331
238
332
293
237
244
365
278
186
284
337
197
237
308
212
335
364
304
341
239
267
291
207
308
305
349
355
273
346
356
200
212
272
250
305
353
301
311
376
405
181
253
341
191
166
309
356
204
317
354
210
234
253
159
246
340
344
354
275
260
324
212
291
378
241
273
328
204
195
290
312
247
304
348
170
241
304
312
304
239
294
226
194
333
323
263
307
308
278
304
288
245
263
338
269
211
226
208
243
312
272
255
308
237
298
364
277
243
302
255
247
215
241
240
334
355
276
279
261
251
240
219
273
283
253
337
308
225
272
275
278
237
280
244
226
305
270
245
313
299
281
255
264
246
256
298
291
309
285
331
270
238
298
295
257
337
303
279
267
240
307
256
263
218
203
246
256
264
267
296
272
259
274
233
259
281
326
360
312
263
238
229
281
273
245
306
292
221
223
203
235
238
179
307
281
245
295
271
278
234
269
250
269
234
251
253
254
299
260
189
235
286
223
266
287
266
329
250
275
357
229
213
271
234
221
278
284
311
327
258
206
235
278
210
232
258
274
248
294
234
176
279
239
253
287
294
271
281
230
294
261
220
272
286
293
289
274
240
246
250
253
267
232
222
305
278
257
315
271
226
251
193
144
224
312
248
284
272
218
223
194
222
264
285
274
268
312
228
244
258
226
208
250
267
244
250
269
251
220
293
255
224
304
235
252
256
249
262
204
220
194
200
216
235
254
247
283
208
182
269
245
197
250
277
297
226
232
256
213
199
263
282
216
272
310
272
232
311
239
269
269
202
199
253
259
224
247
220
165
178
242
235
256
243
256
231
216
216
199
272
338
332
333
285
250
268
225
251
236
217
239
288
240
240
270
220
228
233
219
155
218
233
244
258
232
220
306
274
247
316
281
262
218
206
245
176
212
271
265
248
211
208
152
235
225
198
258
277
234
230
245
263
277
261
272
267
238
209
226
209
243
255
229
214
224
160
177
179
206
215
226
289
261
243
240
263
273
261
276
237
215
229
204
239
218
251
247
213
172
153
136
172
227
257
265
246
233
211
162
180
223
151
233
264
224
240
269
244
224
250
214
170
223
248
248
308
319
324
282
222
164
135
146
193
211
258
250
248
215
191
213
223
207
226
293
244
218
229
233
260
280
209
233
264
205
233
212
195
197
213
211
227
219
192
217
196
172
168
168
226
230
254
276
225
234
223
222
203
205
202
251
237
259
249
257
235
239
238
170
183
194
178
213
226
234
216
151
189
175
114
220
222
242
287
251
224
217
225
182
212
241
218
239
218
216
191
152
170
191
182
218
187
178
230
179
162
193
173
214
231
212
231
200
218
228
223
201
204
260
180
210
268
219
215
243
272
241
190
198
195
183
178
182
190
181
188
181
160
211
223
205
190
230
175
131
227
213
217
245
248
226
199
206
178
185
170
202
216
189
225
226
169
178
212
159
160
188
203
152
176
220
187
142
228
226
187
201
228
236
220
272
242
241
262
247
251
191
174
166
162
138
171
225
205
194
181
179
163
128
125
165
216
225
186
196
216
193
162
159
203
227
193
232
244
227
262
235
188
208
185
147
162
173
166
142
155
174
195
187
181
168
163
158
186
145
168
207
198
182
191
229
199
187
207
212
161
176
175
197
217
187
217
164
163
179
151
155
140
193
179
167
173
141
146
150
143
149
142
173
144
171
190
163
173
198
208
212
181
161
159
173
180
153
197
191
214
173
157
162
103
136
160
172
147
194
224
173
180
216
169
170
163
192
178
173
166
141
158
111
132
135
160
164
140
158
135
133
144
149
140
165
188
138
169
185
145
155
137
148
175
191
149
174
206
157
118
126
153
123
164
187
168
159
183
131
131
155
127
118
117
174
128
130
175
176
170
136
168
148
122
166
130
130
151
151
147
125
139
123
88
135
168
149
116
142
169
145
162
126
138
125
122
119
95
153
152
194
159
161
153
122
131
147
156
188
177
149
169
140
97
103
135
133
113
115
95
123
119
103
101
159
183
157
197
159
131
115
113
101
156
169
146
154
164
180
126
127
122
125
135
127
145
164
148
138
140
128
123
155
144
142
152
154
136
112
152
172
113
173
154
132
174
127
152
121
113
113
81
121
113
107
110
132
120
96
100
145
141
124
149
131
110
103
123
104
86
119
148
144
140
167
161
153
152
143
109
117
106
127
166
141
173
170
116
108
107
78
65
99
130
74
100
144
125
129
129
83
23
59
101
86
111
162
125
145
137
142
116
83
134
106
108
129
144
150
126
160
110
77
83
92
85
81
111
110
119
138
119
78
78
82
81
105
127
118
141
132
102
111
88
103
122
73
89
93
106
93
105
141
117
109
92
113
105
70
107
122
103
130
106
72
80
56
76
44
64
85
77
83
124
132
85
75
77
93
49
72
82
103
157
130
144
120
83
81
69
49
64
69
58
103
82
77
96
111
87
73
59
15
52
50
73
128
92
108
125
84
61
67
82
61
90
118
111
124
104
117
100
65
55
34
44
66
71
78
103
111
120
120
105
95
94
76
99
86
81
109
97
104
105
81
54
50
40
44
45
61
91
89
84
81
81
69
42
23
48
68
68
61
83
110
85
88
88
73
105
111
92
120
100
115
85
75
77
46
29
34
28
19
68
49
77
113
78
85
75
62
69
66
68
85
82
89
99
78
86
61
60
67
23
66
68
40
72
72
65
67
59
52
64
80
73
65
61
81
101
77
76
85
97
59
82
74
89
94
86
95
68
114
49
31
50
29
39
58
60
45
57
58
17
54
52
21
27
86
95
76
89
82
78
52
83
72
95
118
114
106
77
82
12
19
42
31
72
39
80
112
83
83
78
71
42
82
76
60
99
82
90
66
79
45
6
65
53
31
31
64
47
65
98
78
71
63
73
52
52
70
33
44
79
72
51
32
75
57
49
68
57
82
89
112
93
71
71
55
41
44
60
32
31
38
50
38
35
53
42
52
53
21
19
46
52
75
100
79
80
77
81
46
61
53
51
64
83
66
45
64
31
41
47
35
42
18
15
-9
1
16
3
64
61
44
57
26
43
53
74
59
90
78
57
98
79
76
52
32
43
19
26
29
26
71
69
56
42
36
32
4
27
18
17
33
36
75
84
64
41
35
35
24
24
43
56
69
109
105
68
63
25
40
31
12
33
20
58
62
62
22
40
22
21
39
47
37
18
58
53
39
56
54
35
48
38
36
42
42
48
76
89
57
58
60
51
58
31
24
19
16
56
49
46
43
40
38
48
51
73
74
67
71
81
52
41
39
50
34
25
26
43
50
68
60
62
68
27
19
24
15
43
7
51
21
19
20
27
50
2
34
19
26
24
9
24
47
76
62
40
47
59
48
23
36
16
19
20
28
10
44
61
35
58
67
46
53
58
67
54
33
52
67
39
46
47
25
-2
9
29
-4
0
28
8
29
37
22
-1
40
24
33
43
29
41
25
45
59
36
29
20
31
39
45
49
23
37
35
35
12
21
41
40
48
46
43
17
26
22
19
64
21
10
35
45
40
54
80
48
41
38
23
0
-20
-2
10
2
36
23
11
3
-10
-11
-38
-2
13
46
36
43
70
41
60
55
43
41
38
38
29
38
17
10
14
15
4
16
11
17
28
26
5
9
39
37
49
39
34
23
14
34
39
24
51
41
28
23
19
-1
-17
15
22
12
30
5
7
-8
-19
4
-15
1
19
8
35
31
39
24
21
52
19
52
55
42
51
32
26
20
26
47
55
51
38
8
-36
-51
-19
-31
-15
24
1
4
-9
-39
-17
8
13
19
10
29
33
28
20
41
40
34
34
43
23
9
18
15
3
22
16
-19
17
29
7
-21
3
27
-4
-24
-5
14
-5
1
21
27
42
63
45
36
47
29
6
-21
-27
-33
-38
-18
1
13
0
-8
-11
-1
-9
-27
-26
-31
-2
8
15
15
19
14
19
3
2
0
-5
-5
-19
-13
-35
-22
-17
-1
20
6
19
10
-3
37
13
-7
4
22
5
19
31
25
30
8
-26
0
-14
-13
12
-3
10
17
-34
6
11
-18
-22
-22
8
18
29
13
20
34
23
11
-8
21
-7
-35
-12
-8
-2
-33
-9
-5
-15
-14
-25
-30
-37
-9
-20
-40
-21
0
-8
-21
-17
2
-23
-18
11
-13
-4
3
-2
-1
9
-14
4
10
27
14
16
5
-14
-28
-30
-12
-5
-6
1
-2
19
6
-3
-9
-27
-10
-33
-14
0
-9
-23
-14
-22
-23
-18
-28
-20
0
-6
-47
-39
-42
-43
-41
-23
-32
-25
23
7
-11
3
-13
-31
-35
-27
-21
-19
-13
-5
25
-3
-2
2
-25
-16
-25
-32
-37
-5
-14
0
17
-3
-11
-25
-7
-36
-21
-15
-19
-6
15
0
-6
8
6
-4
-6
7
2
1
-26
-33
-29
-33
-39
-19
-47
-4
-11
-52
-33
-68
-55
-49
-40
-28
-32
-6
9
-20
-22
-16
-26
-45
-24
-10
-30
7
0
-10
1
-3
-24
-58
-38
-19
-36
-30
-41
-39
-19
-19
-25
-27
-44
-20
-29
-42
-9
-25
-19
1
-31
-18
-33
-29
-23
-24
-3
-9
-14
-12
11
-7
-17
-21
-35
-20
-27
-28
-28
-33
-28
-25
-44
-15
-9
-27
-26
-47
-51
-44
-36
-21
-17
-11
-18
-34
-40
-35
-43
-48
-31
-22
-17
-12
-37
-21
-25
-32
-35
-27
-39
-30
-27
-41
-30
-41
-37
-61
-45
-18
-26
-30
-11
-1
6
19
17
13
14
3
-21
-5
-21
-34
-11
-31
-36
-16
-39
-39
-31
-22
-7
-29
-29
-45
-58
-43
-47
-30
-10
0
-19
-22
-8
-18
-35
-28
-28
-30
-22
-32
-3
-4
22
-2
-23
-10
-34
-27
-45
-67
-48
-40
-37
-31
-19
-23
-26
-59
-51
-31
-45
-32
-17
-16
-9
-20
-33
-33
-44
-41
-42
-48
-16
-4
-30
-25
-32
-54
-67
-61
-70
-68
-52
-61
-56
-62
-37
-44
-64
-36
-56
-49
-35
-48
-33
-21
-14
-28
-18
-15
-28
-33
-60
-72
-69
-72
-50
-40
-57
-34
-42
-58
-70
-71
-79
-87
-48
-34
-6
7
-17
4
-18
-28
-46
-58
-38
-23
0
-6
-8
-25
-44
-41
-77
-79
-76
-101
-66
-61
-66
-52
-51
-42
-63
-70
-74
-81
-66
-53
-44
-45
-30
-24
-40
-53
-64
-42
-57
-51
-36
-41
-60
-71
-45
-64
-62
-53
-73
-70
-56
-56
-95
-66
-36
-55
-50
-36
-39
-48
-43
-72
-67
-62
-58
-77
-67
-46
-74
-75
-75
-66
-58
-48
-65
-76
-71
-65
-78
-70
-42
-50
-41
-45
-30
-56
-50
-31
-71
-74
-62
-80
-62
-57
-65
-69
-74
-77
-65
-55
-73
-91
-84
-63
-64
-65
-61
-47
-62
-55
-39
-61
-52
-50
-54
-46
-43
-48
-50
-68
-57
-39
-57
-40
-40
-51
-61
-73
-96
-106
-95
-84
-89
-86
-74
-65
-82
-81
-59
-77
-72
-56
-61
-67
-43
-34
-44
-58
-50
-61
-57
-46
-48
-61
-90
-60
-67
-79
-87
-91
-98
-100
-85
-98
-103
-90
-89
-102
-84
-57
-65
-52
-35
-40
-49
-53
-47
-52
-42
-40
-66
-53
-53
-68
-60
-63
-66
-69
-80
-93
-117
-104
-81
-68
-69
-69
-58
-80
-73
-80
-86
-82
-58
-43
-42
-52
-65
-62
-66
-49
-49
-61
-62
-31
-39
-38
-45
-68
-46
-68
-70
-93
-109
-86
-96
-93
-62
-82
-85
-76
-73
-70
-70
-67
-89
-72
-71
-77
-80
-77
-70
-70
-65
-72
-78
-90
-79
-85
-92
-75
-73
-80
-66
-53
-58
-92
-79
-68
-73
-66
-73
-71
-68
-49
-57
-77
-85
-82
-94
-92
-80
-87
-87
-88
-69
-68
-74
-92
-88
-93
-96
-96
-97
-81
-62
-55
-63
-68
-55
-64
-81
-94
-88
-91
-85
-75
-62
-78
-90
-67
-84
-81
-84
-96
-94
-79
-80
-93
-93
-92
-74
-74
-68
-75
-77
-75
-72
-76
-93
-84
-83
-66
-59
-55
-70
-79
-68
-82
-99
-90
-89
-101
-83
-80
-81
-79
-75
-80
-94
-90
-103
-101
-78
-70
-88
-85
-96
-101
-101
-113
-96
-102
-97
-113
-124
-109
-103
-105
-103
-78
-83
-83
-88
-82
-81
-77
-75
-97
-82
-76
-76
-78
-86
-69
-86
-87
-95
-103
-97
-119
-110
-122
-110
-103
-103
-90
-83
-49
-52
-59
-71
-73
-77
-77
-88
-103
-77
-90
-83
-77
-95
-90
-111
-102
-109
-112
-98
-97
-94
-95
-85
-78
-97
-88
-67
-74
-70
-71
-73
-85
-77
-81
-100
-81
-74
-89
-88
-96
-106
-107
-108
-116
-115
-101
-96
-101
-99
-82
-90
-74
-71
-82
-79
-76
-74
-88
-69
-79
-92
-85
-92
-73
-71
-95
-97
-101
-83
-89
-106
-99
-100
-98
-95
-102
-107
-94
-86
-96
-88
-69
-83
-93
-79
-71
-83
-77
-66
-64
-53
-51
-63
-72
-57
-57
-67
-72
-64
-71
-82
-92
-102
-98
-96
-96
-101
-91
-92
-110
-117
-102
-86
-80
-85
-71
-57
-63
-69
-91
-108
-102
-100
-109
-111
-105
-91
-79
-71
-61
-75
-93
-90
-100
-107
-116
-118
-123
-105
-80
-91
-102
-108
-108
-116
-117
-104
-106
-106
-94
-75
-89
-97
-80
-92
-84
-76
-92
-94
-93
-83
-93
-90
-81
-84
-84
-84
-86
-95
-114
-110
-113
-114
-102
-112
-107
-92
-74
-70
-73
-63
-60
-59
-67
-83
-104
-115
-108
-116
-106
-97
-101
-108
-100
-101
-129
-124
-114
-106
-87
-96
-97
-92
-86
-83
-96
-99
-88
-92
-96
-100
-110
-110
-107
-108
-102
-87
-91
-92
-81
-82
-91
-94
-97
-94
-91
-88
-101
-111
-92
-84
-103
-111
-92
-105
-110
-109
-122
-121
-107
-105
-123
-118
-113
-114
-129
-121
-115
-119
-96
-92
-94
-92
-86
-100
-98
-90
-103
-92
-80
-71
-76
-85
-107
-114
-111
-116
-121
-122
-119
-122
-117
-114
-119
-122
-125
-110
-117
-124
-130
-120
-109
-109
-107
-105
-89
-73
-74
-95
-95
-107
-110
-108
-117
-102
-94
-70
-77
-80
-81
-110
-115
-122
-115
-127
-127
-102
-96
-95
-105
-118
-117
-114
-113
-121
-121
-106
-103
-105
-105
-98
-100
-106
-105
-106
-98
-104
-123
-122
-109
-109
-120
-125
-133
-127
-125
-133
-137
-131
-123
-124
-128
-105
-97
-101
-91
-97
-97
-103
-105
-106
-104
