11
9
10
10
10
12
11
10
9
9
9
9
8
8
9
10
9
10
9
9
11
11
11
11
8
9
11
12
10
8
9
8
8
9
11
12
12
11
9
8
8
8
9
8
7
8
9
6
6
6
6
7
8
8
7
6
7
8
7
8
9
9
7
6
4
4
6
7
9
9
8
7
7
7
8
6
6
7
8
9
9
9
8
7
6
6
6
7
7
7
6
7
6
8
6
7
8
8
8
8
7
9
8
6
6
7
7
8
8
7
7
7
8
6
7
8
9
9
9
8
7
9
10
9
8
8
8
7
7
7
6
8
7
6
6
8
9
9
7
6
6
7
8
10
9
9
10
11
12
11
9
10
10
11
10
10
11
10
10
7
5
7
9
11
12
11
9
9
9
11
12
11
11
11
12
12
13
12
13
13
12
13
13
14
14
12
14
13
13
14
15
15
16
16
15
17
18
19
17
17
16
17
17
18
19
20
21
20
20
19
17
18
19
19
20
19
18
18
19
19
20
20
20
19
20
21
21
21
21
23
23
23
21
19
19
21
21
21
22
22
23
23
22
22
23
23
24
24
22
22
24
25
24
22
20
21
22
21
21
20
21
23
24
25
25
22
21
19
19
20
24
26
27
28
26
23
24
23
24
24
25
25
26
26
26
26
27
27
27
26
26
26
26
26
26
26
26
26
25
25
24
24
23
24
23
21
21
20
21
21
19
20
19
20
20
19
18
17
18
18
18
19
19
20
21
20
21
20
20
20
20
21
21
20
19
18
19
18
18
18
18
18
18
17
17
17
17
16
15
14
13
16
17
18
17
16
17
15
14
14
14
14
15
13
13
13
14
15
14
13
12
10
11
12
12
12
11
11
13
13
12
11
12
11
11
11
11
12
13
12
11
8
8
9
11
13
12
10
9
8
9
8
10
8
8
7
5
6
7
10
9
9
8
8
7
7
7
7
7
7
7
8
8
7
6
6
5
7
7
6
4
4
4
5
5
5
3
2
1
1
3
5
6
7
6
3
3
4
4
5
5
4
3
4
4
4
4
6
8
7
7
7
5
6
6
7
6
6
8
8
8
6
7
7
8
9
9
10
8
6
6
8
8
8
8
8
8
6
6
7
5
7
7
7
5
4
3
3
3
5
5
5
5
4
4
6
6
6
6
5
5
9
11
12
10
10
10
11
11
9
8
9
9
11
12
10
8
8
10
11
11
9
10
10
10
10
9
9
10
10
10
11
10
9
11
12
13
13
11
9
9
11
12
13
13
11
9
11
13
14
13
12
12
11
11
12
13
12
13
12
13
12
12
14
14
14
12
11
10
10
10
11
12
12
11
10
11
10
11
12
11
12
11
11
11
10
10
9
11
12
13
14
14
14
13
12
11
11
12
12
11
10
10
11
12
12
11
10
10
9
10
9
9
8
8
11
10
10
10
9
8
9
10
11
11
10
8
7
7
8
8
7
7
7
7
8
9
8
10
10
9
10
10
11
13
11
11
11
11
11
12
11
10
11
12
12
12
11
10
10
11
11
11
11
9
10
10
11
10
12
13
13
12
14
15
15
16
16
15
14
13
11
10
11
11
12
12
11
11
12
9
9
9
10
10
11
10
10
9
9
9
10
9
10
10
11
11
12
13
12
11
9
9
9
11
13
13
11
12
11
12
11
11
11
11
10
11
12
12
12
11
12
14
13
12
12
12
12
12
11
11
11
12
11
11
11
11
10
10
10
11
12
13
13
14
15
16
15
14
13
13
15
15
16
16
16
17
16
17
17
16
15
16
15
14
14
14
15
16
16
17
17
17
17
17
17
15
14
15
16
16
17
15
15
16
15
14
14
14
12
13
14
14
13
11
11
12
12
13
14
14
15
15
13
12
13
15
16
14
13
12
11
12
12
13
13
13
12
13
13
11
8
7
6
8
9
10
11
10
8
8
8
8
8
9
9
10
10
10
11
10
10
10
9
8
9
9
12
12
11
12
11
12
11
12
10
10
10
11
12
12
12
12
13
12
10
10
9
10
11
12
11
11
10
12
11
9
10
11
10
11
10
8
9
9
9
7
8
8
10
13
12
13
10
9
8
8
8
9
9
9
10
9
8
8
8
8
8
8
7
8
7
8
7
7
9
9
7
6
5
6
7
8
8
8
8
7
5
5
5
5
3
3
4
3
5
4
4
5
5
5
6
8
8
10
10
9
7
5
7
10
12
12
10
9
7
6
6
6
6
4
4
5
4
5
5
5
6
5
5
6
7
8
8
8
9
8
9
10
10
10
10
9
8
5
6
6
6
8
8
6
5
6
5
6
6
6
5
5
6
6
6
6
5
7
8
9
10
9
8
9
10
8
8
7
6
7
10
9
7
6
6
7
7
7
8
8
9
10
10
9
10
11
12
12
13
11
9
10
10
10
10
10
9
9
9
10
8
10
12
10
9
7
7
6
7
7
6
8
8
8
8
9
10
12
13
12
10
9
9
10
10
11
11
11
12
11
11
10
9
9
10
9
8
9
10
11
12
11
12
12
11
11
8
8
8
7
9
10
10
8
8
7
7
7
7
5
4
4
6
6
5
5
5
5
5
6
9
10
10
11
10
11
10
9
9
7
8
6
6
6
7
8
8
7
7
6
3
4
3
4
5
5
5
6
5
6
6
6
7
6
7
9
9
9
8
7
5
5
6
8
7
5
4
3
4
3
4
4
6
7
7
7
6
7
6
5
6
6
8
8
8
8
8
6
5
5
6
4
4
4
4
3
2
1
2
2
4
4
4
5
5
4
5
5
6
8
8
7
6
8
7
8
8
8
7
7
5
5
7
6
6
5
5
6
7
7
8
8
8
7
7
8
9
8
7
7
8
9
9
8
9
9
10
9
9
8
8
9
10
11
9
11
9
11
10
10
8
9
10
11
12
13
13
13
12
13
13
14
15
13
12
13
13
14
14
14
14
13
12
13
14
15
15
14
13
15
15
16
17
17
16
16
16
17
18
19
19
19
19
19
20
21
20
19
19
20
22
22
21
22
19
18
19
19
20
18
18
18
18
20
21
20
20
19
18
19
20
18
18
16
16
16
17
18
18
19
18
16
15
14
15
15
15
15
16
16
15
15
17
18
17
16
16
15
17
16
16
16
16
17
15
15
16
15
16
16
16
16
15
17
18
17
15
14
13
13
13
14
14
16
17
18
16
14
15
15
14
13
14
14
16
14
15
13
14
13
13
12
12
10
8
10
11
11
11
10
10
10
9
11
11
12
11
12
10
12
11
12
11
11
11
11
12
11
12
13
12
12
13
13
13
13
11
10
11
13
13
13
12
9
10
9
9
9
10
10
11
8
8
7
9
9
9
8
6
6
5
7
7
7
7
6
5
7
7
6
5
4
2
2
2
4
5
7
8
7
5
5
5
4
7
8
10
9
8
8
8
8
10
10
9
9
8
9
10
10
9
7
8
8
10
9
9
9
6
6
6
7
9
8
9
9
10
9
9
9
10
9
9
7
8
10
10
10
9
9
9
7
6
5
6
7
7
6
5
5
4
4
5
6
5
6
7
6
6
7
8
9
10
9
7
6
7
10
8
8
7
6
7
6
6
4
4
6
7
7
6
4
3
4
6
7
8
8
8
7
7
8
7
6
6
6
7
6
6
5
5
5
4
6
6
4
5
5
4
4
3
4
4
4
5
6
7
7
6
7
7
8
10
10
9
9
8
6
5
6
9
9
8
6
5
6
6
6
6
5
3
4
5
5
6
7
7
7
6
5
5
4
7
4
2
1
1
0
2
1
1
1
1
2
0
-1
-2
-1
-1
-2
-3
-4
-4
-4
-3
-3
-2
-2
-4
-3
-3
-3
-4
-5
-5
-5
-5
-3
-4
-4
-5
-5
-3
-4
-3
-5
-5
-5
-4
-5
-4
-3
-3
-4
-5
-5
-5
-3
-5
-5
-6
-7
-6
-5
-4
-3
-2
-2
-1
-2
-3
-2
-2
-3
-5
-6
-6
-4
-2
-2
-3
-3
-5
-5
-5
-5
-5
-5
-5
-6
-5
-5
-3
-4
-3
-2
-3
-2
-2
-4
-3
-4
-4
-3
-2
-4
-4
-3
-3
-3
-2
-3
-3
-4
-4
-5
-4
-6
-5
-5
-3
-2
-3
-4
-3
-2
-3
-2
-2
-2
-2
-3
-3
-4
-3
-1
-1
1
0
-1
-2
-2
-4
-3
-3
-2
-2
-1
-2
-3
-4
-3
-2
-1
0
-2
-2
-3
-3
-2
-1
-2
-3
-3
-4
-4
-3
-4
-2
-3
-4
-3
-4
-3
-3
-3
-3
-3
-1
0
2
4
3
3
3
3
2
0
-1
-1
1
1
3
5
4
3
3
2
0
0
1
2
0
1
0
2
4
4
3
2
4
4
5
5
7
8
7
7
6
6
7
8
9
8
9
10
11
10
11
10
9
9
10
10
11
11
10
11
11
12
10
10
10
9
10
11
11
10
11
10
10
9
9
7
6
6
6
6
5
6
5
4
5
5
3
4
5
6
7
7
5
6
6
7
6
6
4
5
3
4
3
4
3
3
3
5
5
7
6
6
6
5
5
6
4
3
3
5
5
6
6
6
6
7
7
6
7
6
6
8
7
8
8
8
9
8
9
10
9
9
8
9
10
8
9
9
7
8
9
10
9
8
8
8
10
10
10
9
7
8
7
8
9
10
11
10
9
9
9
10
12
11
10
9
10
10
11
11
10
11
10
13
13
11
10
10
9
10
10
9
8
7
7
7
7
8
8
8
5
5
6
5
6
5
5
4
5
4
4
4
4
4
2
3
3
4
5
5
4
4
3
3
3
2
3
2
1
3
3
4
4
3
4
4
4
4
4
5
7
7
6
5
4
6
6
7
6
5
4
4
5
4
3
2
4
5
6
6
4
5
5
6
6
6
5
5
5
4
5
5
6
8
6
6
5
6
6
7
7
6
5
7
7
7
8
7
6
7
7
6
5
6
7
10
10
10
10
9
10
9
8
8
9
11
10
8
8
7
7
9
9
8
8
8
8
8
9
8
7
7
6
5
5
6
6
8
8
7
6
5
6
6
5
5
4
5
5
4
6
5
4
3
3
2
3
3
4
4
5
3
1
2
0
2
2
1
2
2
5
5
5
4
4
3
4
4
5
5
4
3
4
4
4
3
4
4
4
3
3
4
3
1
2
1
1
2
3
4
4
2
1
1
1
4
4
4
4
4
3
2
2
1
-1
0
3
4
5
5
5
7
6
7
5
6
7
6
6
6
5
7
5
5
5
3
5
6
5
4
3
1
2
2
2
2
2
2
1
1
1
1
1
1
2
1
-1
-2
-1
-1
-2
-2
-3
-5
-3
-3
-3
-2
-4
-6
-8
-7
-7
-7
-6
-6
-5
-5
-6
-8
-10
-9
-7
-6
-8
-8
-9
-10
-10
-9
-9
-9
-7
-7
-8
-8
-9
-11
-11
-10
-10
-11
-11
-10
-8
-9
-9
-9
-9
-9
-9
-9
-8
-8
-9
-10
-12
-11
-10
-10
-10
-10
-12
-13
-14
-13
-13
-12
-13
-13
-12
-13
-13
-14
-14
-11
-10
-9
-8
-8
-5
-8
-10
-10
-11
-10
-10
-9
-10
-9
-8
-6
-5
-6
-6
-6
-5
-5
-6
-8
-6
-7
-6
-5
-6
-5
-4
-4
-6
-7
-10
-9
-8
-8
-8
-9
-10
-9
-10
-9
-10
-11
-9
-9
-9
-9
-8
-8
-7
-8
-9
-8
-11
-12
-11
-8
-7
-7
-8
-9
-9
-10
-11
-12
-11
-9
-9
-9
-10
-10
-10
-8
-6
-6
-5
-6
-7
-8
-8
-10
-10
-9
-9
-10
-10
-11
-12
-11
-11
-12
-13
-14
-13
-12
-11
-11
-11
-12
-12
-12
-10
-10
-9
-11
-11
-10
-8
-9
-12
-12
-14
-14
-14
-13
-12
-11
-9
-9
-11
-11
-11
-10
-10
-9
-9
-10
-10
-11
-10
-9
-8
-7
-7
-9
-8
-7
-7
-7
-7
-7
-7
-7
-8
-7
-6
-7
-7
-8
-9
-9
-9
-7
-5
-6
-7
-7
-7
-9
-9
-10
-10
-9
-9
-10
-10
-11
-8
-8
-8
-10
-12
-13
-11
-10
-10
-9
-10
-10
-11
-11
-12
-11
-11
-9
-8
-7
-8
-8
-8
-9
-9
-11
-10
-9
-7
-7
-7
-9
-9
-7
-8
-8
-8
-9
-9
-9
-9
-10
-11
-10
-9
-10
-10
-11
-12
-12
-11
-11
-10
-10
-11
-10
-10
-10
-9
-8
-7
-6
-5
-6
-6
-6
-6
-6
-5
-4
-4
-4
-4
-3
-2
-3
-2
-3
-3
-3
-3
-2
-3
-5
-4
-1
-1
-1
-1
-2
-1
1
1
2
0
0
2
2
3
4
5
5
5
5
5
4
4
3
4
4
4
5
5
6
6
6
8
7
7
5
3
4
4
4
5
5
3
2
2
5
7
8
7
6
4
3
5
7
7
7
7
7
9
10
11
9
9
9
11
9
9
8
8
7
9
6
4
5
6
7
6
6
7
7
8
7
6
5
5
5
6
6
5
4
4
5
4
4
2
1
2
3
3
3
2
4
4
4
3
1
1
2
2
1
3
4
5
5
4
4
4
4
4
6
4
4
3
4
4
4
5
4
4
4
5
4
4
3
1
2
2
1
1
1
0
0
2
2
3
3
2
1
0
0
1
2
3
2
0
1
1
0
0
-1
0
-1
0
-1
0
-2
-4
-5
-3
-2
-2
-2
-4
-6
-7
-6
-7
-8
-9
-9
-7
-5
-6
-7
-8
-8
-7
-7
-7
-8
-8
-8
-8
-9
-8
-7
-7
-8
-8
-10
-12
-11
-11
-10
-12
-11
-11
-10
-11
-11
-11
-10
-10
-10
-11
-11
-10
-10
-9
-10
-10
-10
-12
-14
-13
-13
-13
-12
-13
-13
-14
-13
-12
-12
-13
-12
-11
-10
-11
-12
-12
-12
-11
-11
-10
-10
-11
-11
-9
-9
-11
-10
-9
-9
-9
-9
-8
-9
-9
-9
-9
-9
-9
-9
-9
-9
-8
-8
-9
-9
-9
-8
-8
-8
-9
-10
-12
-11
-10
-10
-12
-11
-10
-8
-8
-9
-8
-10
-10
-11
-10
-11
-11
-11
-12
-12
-12
-11
-9
-7
-10
-11
-11
-9
-7
-7
-8
-9
-10
-10
-10
-9
-8
-9
-10
-11
-11
-8
-7
-6
-8
-9
-10
-9
-10
-10
-9
-8
-9
-8
-10
-10
-10
-9
-8
-7
-8
-7
-6
-4
-5
-5
-8
-7
-7
-7
-6
-6
-6
-6
-5
-4
-4
-4
-4
-5
-5
-5
-6
-5
-5
-4
-3
-3
-3
-3
-4
-4
-4
-5
-5
-5
-5
-5
-3
-3
-2
-3
-3
-4
-4
-4
-5
-6
-5
-5
-5
-5
-4
-4
-3
-3
-4
-5
-7
-8
-7
-7
-7
-8
-8
-7
-6
-4
-6
-7
-7
-8
-7
-8
-10
-11
-10
-10
-11
-12
-13
-10
-9
-9
-9
-10
-11
-12
-12
-12
-11
-11
-11
-12
-11
-10
-9
-10
-10
-12
-13
-15
-15
-16
-16
-15
-16
-18
-18
-18
-18
-16
-16
-16
-18
-18
-19
-20
-18
-18
-19
-21
-21
-19
-17
-17
-16
-17
-18
-19
-20
-19
-18
-16
-16
-17
-17
-17
-17
-16
-17
-18
-19
-18
-18
-18
-18
-18
-18
-19
-20
-17
-19
-18
-18
-20
-21
-21
-20
-21
-21
-21
-20
-20
-21
-21
-21
-19
-19
-21
-22
-22
-21
-23
-22
-21
-20
-20
-20
-20
-20
-18
-18
-20
-21
-21
-21
-19
-19
-20
-21
-21
-18
-20
-22
-22
-23
-23
-22
-21
-22
-23
-23
-23
-23
-24
-24
-25
-25
-25
-23
-25
-25
-24
-24
-23
-24
-25
-24
-23
-22
-24
-24
-25
-23
-22
-22
-23
-24
-24
-25
-23
-22
-21
-21
-21
-21
-22
-19
-17
-16
-17
-17
-19
-18
-18
-17
-17
-16
-17
-15
-16
-15
-14
-14
-14
-13
-11
-12
-12
-12
-13
-13
-12
-12
-12
-11
-10
-9
-9
-9
-11
-10
-8
-8
-7
-8
-9
-9
-8
-8
-8
-6
-8
-8
-8
-10
-10
-8
-8
-8
-8
-8
-8
-8
-8
-10
-9
-10
-10
-9
-10
-9
-8
-10
-11
-10
-9
-8
-8
-8
-9
-9
-9
-9
-8
-8
-8
-6
-7
-8
-7
-7
-8
-7
-8
-10
-11
-10
-9
-9
-8
-9
-9
-9
-10
-9
-9
-11
-11
-12
-11
-11
-9
-10
-12
-13
-12
-12
-11
-10
-12
-13
-13
-12
-12
-12
-11
-12
-11
-11
-9
-10
-10
-9
-8
-7
-7
-6
-6
-8
-8
-8
-8
-6
-6
-6
-5
-5
-6
-4
-4
-3
-2
-1
-1
-2
-1
-3
-3
-4
-5
-3
-4
-3
-3
-3
-3
-3
-5
-3
-2
-2
-1
-1
-1
-3
-3
-2
-2
-2
-3
-3
-6
-6
-5
-5
-5
-6
-7
-10
-9
-9
-9
-9
-9
-10
-11
-11
-13
-12
-10
-12
-12
-13
-14
-14
-12
-10
-10
-11
-11
-13
-12
-9
-8
-10
-10
-10
-9
-7
-6
-5
-6
-9
-10
-9
-8
-7
-8
-11
-12
-12
-12
-12
-11
-11
-11
-11
-13
-13
-13
-14
-13
-12
-13
-12
-10
-9
-9
-10
-11
-12
-10
-9
-8
-8
-6
-7
-8
-7
-8
-10
-8
-6
-5
-4
-3
-3
-2
-1
-1
-3
-3
-3
-2
-2
-4
-2
-4
-2
-1
-1
-2
-3
-3
-4
-4
-3
-2
-2
-2
-1
-1
-2
-3
-3
-4
-4
-2
-2
-2
-3
-3
-3
-3
-3
-3
-5
-5
-4
-4
-5
-5
-5
-5
-5
-4
-6
-6
-7
-8
-7
-7
-7
-7
-7
-8
-8
-9
-9
-9
-11
-12
-11
-11
-11
-11
-11
-12
-12
-12
-12
-11
-11
-12
-11
-10
-10
-9
-9
-12
-12
-12
-11
-12
-13
-13
-14
-15
-15
-14
-15
-15
-17
-18
-17
-15
-15
-16
-16
-16
-17
-17
-18
-17
-17
-17
-17
-16
-18
-17
-16
-17
-18
-19
-18
-17
-16
-15
-17
-17
-16
-17
-17
-17
-16
-17
-15
-16
-15
-15
-15
-15
-17
-18
-19
-17
-17
-17
-17
-17
-17
-18
-18
-17
-16
-17
-17
-18
-19
-17
-19
-21
-20
-22
-22
-23
-24
-24
-23
-25
-25
-28
-27
-27
-25
-24
-24
-24
-25
-26
-28
-27
-28
-28
-28
-27
-26
-26
-28
-28
-28
-25
-25
-25
-25
-27
-26
-27
-27
-28
-27
-25
-24
-24
-25
-26
-26
-26
-25
-23
-21
-22
-24
-25
-24
-23
-23
-23
-24
-24
-24
-25
-24
-24
-23
-23
-24
-24
-26
-26
-26
-24
-26
-27
-26
-25
-25
-23
-22
-24
-25
-25
-24
-25
-26
-27
-28
-27
-27
-25
-25
-25
-24
-25
-25
-25
-25
-25
-25
-25
-25
-23
-24
-22
-24
-23
-22
-21
-20
-20
-18
-16
-17
-18
-18
-17
-16
-15
-15
-16
-17
-19
-18
-19
-19
-20
-19
-20
-21
-21
-22
-22
-22
-22
-22
-22
-22
-23
-24
-24
-25
-27
-27
-28
-26
-24
-26
-25
-24
-24
-23
-23
-23
-23
-23
-23
-23
-22
-22
-22
-21
-23
-22
-21
-21
-21
-22
-22
-22
-21
-21
-21
-22
-23
-23
-23
-24
-24
-23
-24
-24
-25
-25
-24
-23
-24
-24
-24
-24
-24
-23
-23
-21
-20
-21
-21
-23
-23
-21
-20
-20
-20
-20
-19
-19
-20
-23
-22
-21
-21
-21
-20
-21
-22
-23
-23
-22
-23
-22
-23
-22
-24
-24
-24
-22
-21
-22
-22
-21
-19
-18
-19
-18
-17
-17
-16
-16
-16
-15
-17
-16
-15
-15
-14
-16
-17
-18
-20
-19
-19
-18
-17
-18
-19
-19
-20
-19
-18
-17
-19
-19
-20
-20
-20
-22
-20
-20
-20
-22
-24
-24
-25
-23
-22
-21
-20
-20
-20
-20
-20
-20
-20
-19
-18
-19
-21
-21
-21
-21
-20
-19
-19
-19
-20
-19
-19
-21
-20
-19
-21
-22
-23
-22
-20
-19
-18
-18
-17
-18
-19
-19
-19
-19
-18
-18
-18
-19
-19
-18
-20
-20
-20
-20
-19
-18
-18
-18
-18
-18
-17
-17
-17
-17
-17
-17
-15
-15
-15
-15
-15
-13
-15
-14
-12
-11
-11
-10
-12
-12
-12
-12
-10
-9
-10
-9
-8
-10
-7
-8
-6
-5
-5
-3
-4
-3
-4
-3
-4
-4
-5
-4
-3
-1
-2
-1
-3
-4
-4
-4
-5
-7
-7
-9
-8
-7
-5
-4
-5
-6
-6
-7
-6
-6
-6
-5
-6
-7
-7
-6
-6
-7
-6
-5
-6
-5
-4
-4
-3
-3
-4
-4
-4
-5
-5
-4
-4
-5
-5
-6
-6
-5
-3
-2
-2
-1
-2
-2
-1
-1
-1
2
2
-1
1
4
4
6
6
5
3
2
3
3
3
3
2
3
4
4
4
5
4
4
4
4
2
2
5
5
5
4
4
6
7
5
4
5
5
5
6
6
8
8
8
9
10
9
7
8
8
8
10
11
11
11
11
10
8
7
6
7
9
9
8
7
7
6
5
5
2
0
-1
0
1
1
2
1
2
2
1
0
-1
-1
0
0
0
0
0
-1
-2
-1
-1
-1
-1
-1
-1
-4
-5
-5
-4
-2
-2
-3
-5
-6
-6
-5
-4
-6
-7
-7
-7
-6
-5
-6
-5
-5
-4
-3
-4
-6
-6
-5
-4
-2
-2
-2
-2
0
-1
-4
-4
-3
-2
-1
-1
-3
-5
-6
-6
-7
-7
-7
-7
-9
-9
-9
-9
-9
-7
-9
-9
-9
-8
-9
-8
-7
-7
-8
-7
-8
-8
-7
-6
-6
-4
-5
-6
-8
-8
-8
-9
-6
-6
-6
-6
-6
-7
-7
-7
-7
-6
-5
-6
-7
-10
-10
-11
-10
-10
-12
-13
-12
-12
-12
-13
-12
-14
-14
-16
-16
-17
-16
-15
-14
-15
-16
-15
-14
-13
-12
-14
-15
-15
-14
-15
-15
-15
-15
-17
-15
-14
-14
-14
-14
-15
-16
-16
-17
-16
-16
-16
-17
-17
-17
-15
-13
-11
-12
-11
-11
-10
-9
-7
-7
-7
-7
-6
-6
-4
-4
-5
-5
-5
-4
-4
-4
-5
-7
-7
-7
-9
-8
-7
-5
-5
-7
-10
-12
-10
-10
-9
-11
-13
-14
-13
-13
-14
-14
-13
-13
-12
-11
-11
-11
-10
-9
-8
-9
-10
-9
-8
-6
-6
-5
-4
-4
-4
-3
-2
-3
-3
-3
-3
-3
-2
-3
-2
-1
-1
0
-3
-2
-3
-2
-2
-3
-5
-6
-6
-5
-5
-5
-5
-4
-5
-4
-7
-9
-8
-6
-6
-6
-7
-7
-8
-6
-6
-5
-5
-7
-7
-7
-7
-7
-8
-8
-7
-6
-6
-7
-7
-7
-7
-7
-7
-9
-8
-6
-5
-5
-5
-5
-6
-5
-5
-5
-3
-2
-2
-2
-3
-3
-3
-1
-1
-1
-1
-2
-2
-2
-1
-1
-3
-2
-2
-2
-3
-3
-4
-5
-4
-5
-5
-7
-6
-5
-6
-5
-7
-8
-9
-10
-8
-7
-8
-8
-8
-9
-8
-8
-7
-6
-6
-6
-8
-10
-8
-7
-5
-5
-5
-7
-6
-5
-6
-6
-7
-7
-7
-6
-5
-6
-6
-6
-7
-7
-9
-8
-7
-9
-9
-11
-10
-9
-9
-10
-12
-13
-14
-13
-12
-11
-11
-12
-12
-11
-11
-12
-13
-15
-15
-14
-16
-16
-15
-15
-14
-15
-16
-16
-16
-15
-15
-15
-14
-15
-14
-12
-12
-12
-13
-15
-13
-13
-11
-10
-9
-9
-10
-11
-10
-8
-8
-7
-7
-7
-8
-7
-6
-3
-3
-4
-6
-7
-8
-6
-6
-6
-9
-10
-8
-7
-6
-7
-7
-8
-9
-10
-10
-11
-11
-9
-9
-10
-9
-9
-8
-8
-6
-9
-9
-11
-10
-9
-8
-9
-6
-5
-4
-4
-6
-7
-7
-7
-5
-3
-3
-3
-3
-3
-5
-6
-5
-4
-3
-4
-3
-4
-4
-2
-2
-4
-7
-7
-5
-2
-2
-1
-3
-4
-5
-5
-4
-4
-6
-6
-5
-6
-6
-6
-5
-4
-4
-7
-8
-7
-8
-9
-8
-9
-9
-8
-8
-7
-6
-7
-6
-6
-6
-6
-6
-6
-5
-5
-4
-5
-5
-3
-3
-2
-2
-3
-4
-4
-3
-4
-3
-2
-2
-4
-5
-5
-4
-2
-2
-3
-4
-4
-4
-3
-2
-2
-2
-2
-3
-4
-5
-5
-5
-6
-4
-4
-4
-4
-3
-4
-4
-4
-5
-6
-6
-5
-5
-5
-4
-4
-3
-4
-4
-5
-6
-6
-8
-9
-9
-8
-5
-5
-4
-5
-6
-6
-6
-6
-7
-8
-7
-8
-6
-4
-3
-4
-4
-4
-5
-6
-6
-6
-5
-2
-2
-3
-4
-4
-5
-4
-3
-3
-6
-4
-5
-5
-6
-7
-6
-6
-7
-7
-9
-9
-9
-9
-7
-7
-8
-9
-10
-9
-8
-8
-9
-8
-7
-8
-8
-8
-9
-7
-6
-5
-7
-7
-6
-5
-4
-3
-5
-4
-4
-4
-5
-6
-7
-7
-7
-5
-5
-6
-6
-7
-5
-5
-5
-5
-7
-7
-6
-5
-5
-5
-6
-6
-6
-7
-5
-6
-7
-6
-6
-5
-5
-4
-4
-3
-4
-3
-3
-3
-4
-3
-2
-2
-1
-1
0
-1
-2
-2
-3
-4
-2
0
-1
-2
-1
0
0
-1
-1
-2
-2
0
1
0
0
0
-1
0
0
1
0
-1
1
0
0
0
3
3
3
2
1
2
3
4
1
0
0
1
1
1
0
0
-1
-2
-3
-3
-4
-5
-5
-5
-6
-5
-4
-4
-6
-7
-7
-6
-4
-5
-4
-4
-5
-4
-4
-5
-6
-7
-7
-6
-6
-6
-8
-9
-8
-9
-10
-9
-9
-9
-9
-8
-8
-8
-9
-9
-10
-10
-9
-9
-8
-8
-7
-6
-6
-6
-5
-4
-4
-4
-6
-6
-6
-5
-4
-6
-6
-6
-6
-5
-5
-6
-7
-8
-8
-7
-6
-7
-6
-6
-6
-7
-6
-7
-6
-5
-6
-5
-6
-7
-8
-9
-9
-8
-8
-7
-8
-8
-8
-8
-6
-6
-6
-3
-4
-3
-2
-4
-4
-2
-2
-3
-2
-1
-3
-4
-6
-7
-7
-5
-5
-6
-8
-9
-9
-10
-8
-8
-7
-9
-10
-9
-10
-10
-11
-9
-10
-10
-10
-10
-9
-7
-6
-6
-8
-8
-8
-7
-7
-7
-6
-7
-7
-7
-8
-9
-9
-9
-11
-11
-11
-13
-12
-11
-11
-11
-12
-12
-11
-9
-8
-8
-9
-9
-7
-8
-6
-7
-7
-5
-6
-7
-6
-5
-4
-5
-4
-5
-6
-4
-4
-3
-1
-1
-1
-2
-3
-2
-2
-1
-2
-2
-2
-1
-2
-3
-4
-3
-4
-3
-3
-4
-4
-3
-3
-1
-1
-2
-3
-2
-1
-1
0
0
0
1
1
2
3
3
6
7
7
6
6
7
8
9
7
5
4
5
6
7
6
7
6
5
5
5
4
5
4
4
4
3
4
4
4
6
7
7
8
7
5
5
3
3
3
4
4
4
4
4
4
5
5
3
2
2
2
1
1
1
1
2
1
0
0
1
2
3
3
2
2
3
3
4
3
2
1
4
3
3
6
7
9
8
7
4
5
6
7
8
8
9
9
9
10
10
8
7
7
6
6
6
6
6
6
4
3
2
1
2
4
4
2
0
1
4
4
4
2
2
3
4
4
6
6
8
9
7
7
9
9
10
10
8
9
10
11
10
10
8
7
6
6
6
7
6
6
5
7
6
5
3
4
3
3
4
3
3
2
2
2
2
3
3
2
1
1
0
-1
0
1
2
1
1
0
0
0
0
0
0
-1
-1
-3
-2
-2
-3
-1
-2
0
1
0
0
0
0
0
1
2
2
4
4
2
2
3
4
6
7
7
7
5
5
8
9
10
7
7
7
9
11
11
12
11
11
10
9
9
10
10
10
10
8
8
9
9
8
6
6
8
9
10
10
10
10
10
11
11
12
14
14
13
14
15
15
15
15
16
15
15
16
16
17
17
18
17
17
18
17
14
14
14
16
16
17
16
14
14
15
15
16
17
18
16
14
14
14
15
15
15
12
13
13
14
13
15
14
13
13
12
12
11
11
10
10
10
11
13
14
11
10
10
12
12
13
11
10
11
11
12
12
14
13
13
13
12
12
14
16
16
16
15
14
16
16
17
18
17
17
18
18
20
21
23
21
21
22
21
20
20
20
20
18
18
17
16
15
14
15
14
12
13
12
13
13
13
13
13
11
12
12
14
15
14
13
13
16
17
17
17
16
14
13
13
12
12
13
13
15
14
14
14
13
13
14
16
15
15
14
14
15
16
15
14
14
13
12
10
10
9
9
9
9
7
9
12
10
10
7
5
4
6
6
6
4
5
4
5
4
2
0
-1
-1
-2
0
0
1
-1
-2
-3
-5
-5
-4
-3
-3
-3
-4
-3
-2
-1
0
-2
-4
-4
-5
-4
-2
-1
-1
0
0
2
0
-1
0
2
3
3
2
2
3
2
1
-1
0
-2
-3
-3
-2
-2
-2
-3
-4
-5
-5
-6
-6
-5
-6
-5
-5
-3
-5
-5
-4
-2
-2
-2
-2
-1
-1
-2
-4
-3
-1
0
-2
-2
-1
-2
-2
-3
-2
-1
0
-1
0
1
1
1
1
1
1
2
2
0
-1
-1
-2
-1
0
1
0
-1
-1
0
-2
-2
-1
-1
-3
-4
-2
-3
-2
-3
-3
-4
-7
-4
-4
-3
-3
-4
-3
-4
-4
-5
-4
-5
-4
-4
-4
-4
-5
-5
-4
-5
-5
-4
-4
-4
-4
-3
-2
-2
-1
0
0
-1
0
0
-1
0
0
2
2
2
3
2
1
1
1
1
2
2
1
0
1
2
1
1
0
1
1
1
1
2
2
1
-1
-2
-2
-1
0
-2
-1
-1
-1
1
2
1
-1
-1
-1
1
2
3
2
2
1
1
1
1
2
2
2
1
1
-2
0
-1
0
-1
0
1
1
1
2
2
3
3
4
3
2
2
1
2
2
1
1
2
2
3
3
2
2
2
3
2
1
2
1
3
3
3
2
1
0
1
1
-1
-2
-2
-2
-3
-3
-3
-3
-5
-5
-4
-5
-4
-4
-3
-3
-2
-3
-3
-3
-3
-1
-1
-1
-2
-3
-3
-2
-2
-1
-1
-2
-3
-3
-4
-4
-5
-3
-4
-2
-1
-2
-1
-1
-1
0
-1
0
0
1
0
-2
-2
-3
-2
-1
-2
-4
-3
-1
-1
0
0
-1
0
0
-3
-1
1
0
1
2
2
1
0
2
2
1
2
1
-1
-2
-1
0
1
0
-1
-3
-3
-1
1
2
2
1
2
1
1
2
3
4
5
4
2
2
1
3
4
5
4
2
0
1
2
2
1
1
0
0
1
1
1
3
4
3
2
2
0
0
-1
-1
-1
1
1
1
1
4
3
3
2
1
1
4
5
6
6
6
6
5
5
7
8
11
10
9
8
7
7
8
10
9
10
9
10
10
11
11
10
10
11
12
13
13
14
15
14
13
14
13
13
14
13
14
15
15
16
16
16
14
13
12
14
15
16
15
15
16
15
14
15
15
15
16
17
16
16
16
15
16
15
16
16
16
15
15
15
15
15
15
15
15
15
15
17
17
17
16
15
14
17
19
17
16
13
12
12
12
13
13
12
12
12
11
10
11
12
11
9
9
8
10
11
12
12
11
12
14
12
10
9
8
9
9
9
11
11
11
13
11
9
9
10
9
7
6
6
7
6
7
7
5
6
5
7
7
6
5
6
8
9
10
10
10
11
11
11
10
10
11
11
11
10
11
10
10
10
9
8
7
9
9
8
9
8
7
6
6
8
7
7
8
8
8
8
7
5
5
6
6
5
4
4
5
6
4
3
4
5
6
6
3
4
2
3
3
4
5
6
4
3
3
4
5
6
7
4
6
6
5
5
4
3
2
2
2
1
1
1
1
0
1
2
2
3
4
3
4
2
2
3
3
3
3
4
4
4
4
5
5
5
5
5
4
5
5
5
4
5
6
5
4
4
4
4
5
4
5
3
4
5
5
5
5
6
6
7
6
6
5
8
9
9
8
8
8
9
10
10
8
9
9
10
11
10
11
13
14
15
14
12
13
13
14
11
11
9
12
12
11
10
7
8
7
8
8
10
9
10
8
9
9
10
9
8
7
7
10
11
10
8
7
6
6
7
7
9
10
7
5
3
5
6
8
8
7
7
9
8
6
7
7
7
7
5
4
4
7
7
5
5
5
6
7
6
5
4
4
4
3
2
1
1
0
2
3
2
2
1
0
0
-2
-3
-2
-1
1
0
0
-1
-2
-3
-1
-1
-3
-4
-4
-3
-3
-4
-4
-5
-3
-3
-4
-4
-3
-2
1
0
-1
-2
-1
-1
-2
-3
-4
-3
-1
0
2
2
1
0
-2
-3
-1
-1
-2
-3
-5
-2
-1
0
-1
-1
-2
-3
-3
-3
-2
-2
-2
-3
-5
-5
-3
-2
-2
-2
-4
-5
-5
-4
-5
-4
-5
-5
-3
-5
-5
-6
-7
-6
-6
-6
-6
-6
-5
-4
-6
-6
-6
-6
-6
-8
-8
-7
-6
-5
-4
-4
-5
-5
-4
-6
-5
-4
-3
-2
1
1
2
4
2
2
0
-1
1
0
2
2
3
3
1
0
1
0
0
0
0
-1
-1
-1
-1
-1
-1
-2
-3
-2
-1
-3
-2
-2
0
0
-1
-1
-2
0
1
0
1
1
3
3
1
1
0
2
4
4
3
1
0
-1
2
5
4
6
6
5
5
5
5
9
10
9
6
5
6
7
8
9
9
8
8
8
9
10
10
9
8
7
7
7
8
8
8
6
7
7
7
8
7
5
4
4
5
6
5
5
6
6
7
6
5
3
2
2
2
3
2
2
1
1
2
2
2
4
3
3
1
1
1
2
3
2
0
0
1
2
2
3
4
3
2
1
-1
0
3
1
0
0
-1
0
-1
0
0
0
1
1
1
0
0
-1
0
0
-1
-2
-2
-3
-3
-4
-2
-2
-3
-2
-3
-4
-3
-3
-2
-3
-3
-3
-3
-2
-1
-1
0
0
-3
-4
-5
-3
-3
-3
-4
-4
-4
-5
-5
-5
-3
-3
-3
-5
-6
-6
-5
-5
-6
-5
-6
-4
-4
-4
-5
-5
-4
-4
-4
-6
-6
-6
-7
-9
-11
-10
-9
-8
-9
-10
-10
-12
-11
-12
-11
-10
-10
-9
-9
-10
-10
-11
-10
-10
-8
-9
-7
-9
-10
-10
-10
-7
-8
-8
-10
-10
-10
-10
-10
-9
-10
-8
-9
-9
-9
-10
-8
-9
-11
-10
-10
-9
-7
-7
-6
-6
-8
-7
-6
-6
-5
-5
-4
-5
-5
-6
-5
-6
-6
-6
-5
-6
-6
-7
-8
-5
-6
-5
-6
-8
-6
-6
-4
-4
-5
-6
-5
-4
-4
-4
-6
-6
-6
-5
-4
-5
-6
-6
-7
-5
-5
-6
-6
-6
-5
-6
-6
-6
-5
-2
-1
0
0
-1
-2
-1
-1
-3
-2
-3
-1
2
-1
-1
-2
-2
-1
-2
-4
-2
-4
-2
-1
-3
-3
-3
-3
-2
-2
-2
-3
-3
-3
-3
-6
-4
-5
-6
-7
-6
-4
-4
-3
-4
-5
-6
-8
-8
-8
-8
-6
-6
-6
-7
-8
-7
-6
-7
-7
-8
-7
-7
-7
-8
-7
-7
-7
-5
-6
-7
-6
-6
-6
-6
-8
-9
-9
-6
-5
-5
-8
-8
-7
-6
-5
-7
-7
-10
-10
-10
-7
-6
-4
-6
-6
-6
-7
-8
-9
-7
-7
-6
-8
-8
-9
-8
-7
-7
-7
-8
-10
-10
-9
-10
-10
-9
-10
-10
-10
-12
-12
-12
-11
-9
-10
-12
-13
-14
-13
-12
-15
-13
-13
-12
-11
-11
-11
-11
-13
-12
-12
-14
-12
-12
-10
-9
-9
-8
-9
-8
-9
-10
-10
-9
-10
-10
-10
-10
-9
-9
-9
-10
-11
-10
-9
-10
-9
-9
-7
-6
-8
-9
-9
-8
-7
-9
-8
-10
-9
-9
-8
-8
-9
-8
-10
-9
-10
-9
-8
-9
-8
-9
-8
-9
-8
-9
-8
-8
-8
-8
-10
-9
-10
-8
-9
-10
-9
-8
-8
-9
-9
-9
-9
-10
-9
-8
-8
-8
-8
-6
-6
-6
-6
-4
-6
-5
-6
-6
-2
-4
-3
-2
-4
-3
-3
-3
-1
-2
-2
-3
-5
-4
-5
-6
-6
-5
-5
-5
-5
-7
-7
-8
-8
-7
-6
-6
-7
-7
-6
-7
-7
-6
-7
-6
-5
-6
-7
-7
-6
-6
-6
-8
-7
-5
-4
-3
-5
-4
-4
-3
-3
-4
-3
-5
-6
-3
-4
-3
-4
-5
-4
-5
-5
-6
-5
-6
-2
-4
-5
-6
-5
-5
-6
-7
-8
-6
-7
-5
-6
-5
-6
-5
-4
-4
-7
-8
-8
-7
-8
-6
-6
-7
-7
-8
-8
-8
-7
-5
-5
-7
-9
-10
-9
-7
-6
-6
-9
-8
-8
-7
-6
-6
-6
-6
-4
-3
-3
-3
-4
-3
-4
-2
-2
-1
0
0
0
-4
-3
-4
-4
-4
-4
-2
-1
-1
0
1
-1
-1
-1
-1
-1
-2
-4
-3
-3
-2
-1
-2
-2
-4
-4
-5
-4
-5
-4
-4
-4
-4
-5
-4
-6
-4
-5
-4
-5
-4
-5
-4
-3
-2
-2
-2
-3
-3
-5
-5
-4
-2
0
-1
-1
-3
-5
-4
-2
-3
-1
-3
-4
-4
-4
-2
-1
0
0
-3
-4
-4
-4
-3
-2
-2
-4
-5
-3
-4
-3
-3
-4
-2
-3
-4
-5
-3
-3
-4
-4
-4
-4
-6
-5
-6
-6
-6
-5
-5
-5
-4
-3
-3
-5
-8
-8
-8
-6
-6
-6
-3
-5
-6
-5
-5
-4
-4
-4
-5
-8
-6
-3
-2
-1
-2
-2
-4
-3
-3
-1
-1
-1
-1
-3
-1
-3
0
1
-1
-1
-4
-4
-2
-1
-3
-1
-1
0
-1
-4
-3
-6
-6
-4
-4
-5
-5
-7
-7
-6
-6
-5
-8
-8
-7
-8
-6
-6
-5
-5
-5
-5
-8
-6
-8
-6
-6
-8
-5
-6
-3
-3
-6
-5
-6
-5
-5
-5
-9
-6
-6
-6
-4
-4
-3
-5
-4
-5
-4
-4
-4
-5
-5
-4
-3
0
0
0
-2
-4
0
0
-1
-1
-3
-3
-3
-2
-3
-4
-3
-5
-5
-6
-7
-5
-2
-3
-5
-6
-6
-8
-8
-8
-8
-8
-8
-6
-7
-7
-10
-8
-10
-9
-9
-10
-8
-9
-9
-11
-10
-8
-6
-6
-7
-9
-6
-5
-5
-6
-7
-6
-4
-3
-4
-5
-6
-5
-7
-8
-7
-8
-8
-7
-8
-8
-8
-6
-6
-5
-3
-4
-3
-7
-6
-8
-7
-6
-7
-6
-6
-7
-8
-7
-7
-7
-8
-8
-9
-11
-13
-11
-11
-12
-14
-14
-14
-14
-15
-14
-15
-15
-15
-16
-15
-15
-14
-13
-14
-16
-17
-16
-16
-13
-15
-16
-15
-15
-12
-15
-15
-16
-15
-15
-14
-15
-14
-14
-15
-12
-14
-12
-12
-12
-12
-16
-15
-16
-15
-15
-14
-15
-19
-16
-18
-15
-14
-18
-16
-18
-16
-17
-18
-18
-18
-19
-17
-16
-19
-17
-19
-18
-18
-21
-21
-20
-20
-18
-17
-18
-18
-18
-19
-15
-16
-15
-13
-17
-14
-14
-13
-12
-14
-15
-13
-12
-12
-12
-14
-12
-10
-10
-11
-13
-12
-10
-9
-11
-10
-11
-11
-10
-10
-10
-10
-10
-10
-13
-13
-13
-11
-10
-12
-12
-14
-15
-15
-16
-16
-16
-15
-16
-15
-20
-20
-19
-20
-18
-21
-20
-19
-20
-21
-19
-19
-16
-18
-20
-20
-20
-18
-17
-16
-17
-16
-19
-19
-18
-18
-16
-15
-14
-14
-15
-15
-12
-12
-11
-10
-11
-9
-8
-9
-9
-9
-10
-10
-9
-10
-11
-11
-15
-12
-13
-13
-12
-14
-16
-17
-16
-13
-14
-15
-16
-17
-14
-15
-14
-15
-16
-14
-15
-15
-15
-16
-14
-14
-15
-17
-15
-16
-12
-12
-12
-12
-14
-10
-9
-9
-11
-12
-10
-10
-10
-12
-7
-9
-9
-9
-10
-9
-13
-11
-9
-11
-13
-10
-12
-7
-9
-10
-9
-11
-11
-11
-10
-11
-9
-11
-10
-11
-12
-12
-12
-12
-12
-15
-14
-17
-16
-15
-13
-14
-15
-13
-17
-10
-18
-14
-13
-16
-11
-17
-13
-13
-15
-12
-13
-12
-14
-14
-14
-13
-13
-14
-8
-11
-10
-12
-15
-12
-15
-12
-11
-10
-12
-11
-11
-8
-5
-7
-7
-8
-7
-9
-7
-6
-6
-7
-7
-5
-8
-6
-8
-6
-6
-9
-7
-8
-7
-8
-8
-8
-9
-8
-9
-8
-8
-11
-7
-6
-9
-7
-11
-10
-10
-15
-8
-11
-8
-8
-11
-9
-12
-12
-11
-9
-9
-9
-11
-11
-10
-9
-10
-9
-11
-10
-11
-14
-11
-14
-9
-9
-7
-6
-9
-8
-7
-7
-4
-6
-6
-4
-7
-5
-6
-8
-4
-6
-2
-5
-3
-3
-5
-3
-9
-9
-10
-9
-5
-9
-6
-7
-8
-6
-8
-5
-3
-6
-4
-8
-8
-7
-9
-4
-6
-5
-5
-7
-4
-4
-7
-5
-2
-6
-3
-4
-5
-1
-4
-2
2
-1
6
3
3
3
0
2
1
4
3
2
3
1
2
1
-1
-1
-5
-2
-3
-6
-5
-4
-4
-2
-5
-3
-6
-8
-6
-9
-6
-6
-3
-6
-7
-8
-8
-6
-9
-9
-8
-11
-6
-8
-8
-4
-9
-5
-7
-5
-3
-2
-5
-2
-2
-3
2
-1
-1
1
0
5
3
3
6
7
8
11
8
9
15
13
18
16
15
18
16
19
17
17
18
20
17
17
15
16
16
18
18
19
19
13
17
13
17
15
12
13
12
10
12
11
9
11
7
8
5
4
3
5
0
-1
2
-2
2
-4
-9
-3
-12
-7
-8
-12
-6
-18
-12
-19
-16
-19
-18
-17
-25
-19
-28
-21
-22
-26
-20
-25
-26
-30
-27
-27
-26
-26
-27
-22
-26
-25
-23
-24
-22
-21
-24
-21
-23
-24
-14
-18
-12
-8
-11
-4
-6
-8
-3
-5
2
1
6
11
11
17
10
20
17
24
24
23
30
27
35
29
36
34
36
37
35
39
36
38
34
36
33
32
30
25
28
25
16
25
5
15
5
2
10
-7
2
-11
-11
-15
-19
-22
-24
-26
-37
-29
-49
-34
-51
-48
-55
-63
-65
-72
-71
-85
-80
-96
-89
-97
-105
-104
-115
-107
-118
-117
-132
-124
-137
-131
-135
-137
-136
-139
-139
-138
-138
-134
-128
-125
-118
-112
-106
-92
-88
-77
-64
-52
-38
-23
-7
11
28
44
63
79
95
111
127
141
155
168
179
193
198
208
216
218
224
221
222
221
216
213
206
201
190
180
170
159
146
131
118
102
90
74
59
43
25
9
-3
-21
-36
-57
-69
-85
-101
-114
-132
-142
-158
-173
-186
-200
-207
-232
-229
-243
-264
-249
-297
-273
-292
-321
-298
-337
-314
-326
-329
-328
-320
-291
-283
-276
-292
-263
-218
-195
-173
-165
-126
-99
-70
-50
-13
26
48
78
88
118
144
166
190
200
210
215
227
233
238
240
235
230
219
207
196
193
185
165
149
124
111
96
80
68
55
25
-3
-12
-22
-21
-49
-65
-63
-75
-82
-82
-83
-59
-69
-78
-53
-51
-16
-9
-1
21
33
64
86
105
124
146
166
181
189
210
224
251
237
242
250
236
256
226
220
212
183
170
136
120
92
68
28
-12
-23
-80
-87
-144
-173
-202
-251
-260
-314
-325
-367
-382
-420
-431
-454
-469
-462
-507
-485
-475
-433
-461
-453
-458
-416
-326
-365
-301
-280
-240
-173
-173
-123
-64
-7
13
52
73
117
174
185
224
248
255
282
294
300
325
320
307
314
293
284
287
272
259
240
199
184
162
149
124
104
67
54
29
2
7
-35
-23
-47
-68
-54
-91
-80
-67
-71
-65
-65
-63
-45
-17
-12
23
39
43
74
84
131
148
167
187
191
217
222
253
255
254
262
243
250
239
204
206
185
114
145
75
23
86
-133
10
-166
-172
-172
-307
-260
-359
-397
-428
-494
-477
-522
-525
-563
-555
-534
-589
-549
-603
-496
-466
-495
-448
-435
-359
-307
-293
-241
-167
-117
-99
-33
-11
73
124
140
190
212
256
283
319
325
374
361
367
381
366
381
378
362
355
325
295
287
276
244
204
188
140
139
75
55
39
1
2
-57
-64
-75
-94
-90
-112
-104
-120
-105
-116
-98
-43
-59
-30
-28
-4
47
81
95
124
166
168
224
242
266
297
306
316
333
340
350
365
335
328
324
288
294
225
232
160
156
71
68
-13
-34
-111
-139
-208
-282
-269
-406
-400
-444
-565
-515
-634
-598
-631
-662
-622
-685
-652
-694
-684
-570
-592
-556
-533
-512
-419
-377
-341
-275
-197
-140
-110
-43
4
95
150
184
220
267
307
351
371
413
441
437
450
453
458
468
454
438
425
399
361
347
334
296
262
223
177
153
107
72
43
12
-19
-53
-69
-113
-106
-161
-110
-151
-153
-134
-171
-116
-119
-95
-78
-44
-25
-4
60
70
118
158
172
210
250
273
310
350
343
372
383
395
398
387
379
370
341
327
291
241
257
137
143
84
8
4
-124
-104
-233
-280
-271
-472
-365
-572
-561
-581
-734
-594
-742
-711
-662
-832
-726
-783
-746
-630
-703
-631
-627
-550
-509
-449
-374
-330
-222
-197
-158
-54
-5
96
144
171
243
280
324
382
414
454
489
471
504
504
514
522
516
488
478
451
412
417
382
344
317
256
229
190
139
124
63
42
-9
-32
-59
-86
-115
-107
-118
-130
-134
-169
-115
-123
-69
-78
-66
-21
-16
61
71
109
164
172
216
243
285
328
356
361
381
400
410
438
412
431
394
366
359
322
296
290
189
191
102
41
92
-143
13
-236
-218
-278
-416
-363
-562
-501
-643
-669
-691
-841
-665
-816
-734
-809
-925
-787
-854
-660
-767
-708
-663
-615
-513
-535
-406
-340
-232
-205
-166
-63
22
111
167
221
271
329
378
409
477
502
553
530
545
558
560
580
557
554
510
489
454
437
421
369
339
298
224
195
154
155
104
37
8
-34
-28
-44
-96
-93
-90
-146
-109
-129
-120
-62
-90
-77
-54
-15
25
59
87
95
165
169
227
239
285
341
310
372
367
383
427
424
381
361
415
339
328
307
285
176
252
44
154
-26
1
-118
-150
-254
-365
-264
-551
-432
-672
-628
-687
-840
-726
-852
-819
-776
-960
-848
-1044
-754
-808
-825
-730
-818
-622
-616
-535
-502
-359
-305
-252
-187
-126
5
98
143
171
263
318
373
424
469
527
553
549
583
562
635
593
611
579
554
525
512
494
461
436
381
331
288
243
208
211
124
95
34
7
19
-40
-55
-40
-75
-104
-89
-152
-66
-56
-87
-41
-56
-15
47
54
92
125
159
201
206
268
299
329
376
353
408
387
466
439
392
449
376
392
384
306
332
262
226
140
163
8
57
-89
-131
-163
-333
-270
-481
-509
-552
-615
-809
-607
-931
-858
-774
-941
-808
-954
-993
-1008
-776
-844
-863
-736
-815
-656
-535
-632
-403
-386
-257
-216
-177
-64
52
153
172
322
209
475
372
498
609
523
656
587
638
645
661
657
665
651
569
583
545
514
542
409
417
368
289
274
249
228
140
133
15
46
50
-32
-11
-65
-61
-71
-79
-72
-64
-38
-30
-34
-25
57
80
85
157
131
193
271
257
294
357
380
397
430
410
478
475
489
456
400
436
421
362
344
306
222
203
149
52
64
-93
-91
-183
-305
-301
-407
-546
-492
-675
-735
-831
-729
-969
-929
-835
-926
-1025
-866
-1156
-938
-755
-983
-741
-825
-799
-557
-581
-542
-397
-286
-240
-171
-85
-29
180
186
230
349
329
468
490
530
604
649
614
654
635
673
707
648
662
615
585
567
543
512
501
437
358
342
323
211
323
137
97
169
-19
93
15
-34
-8
-36
-54
-58
-49
-55
-10
-26
-33
36
25
101
143
115
203
200
265
327
276
402
430
393
511
423
488
531
477
555
386
494
397
377
416
307
273
204
140
92
148
-157
-50
-116
-479
-179
-459
-576
-495
-773
-672
-928
-758
-1007
-909
-954
-985
-978
-974
-1187
-1005
-771
-1014
-794
-842
-863
-608
-584
-547
-414
-362
-169
-229
-43
-60
176
251
217
403
319
540
516
576
648
686
677
680
720
697
758
712
702
648
622
640
577
570
537
465
400
409
309
273
366
162
178
114
50
121
48
21
-44
-4
-13
-65
-7
-19
-33
6
21
-20
59
163
118
164
205
215
310
368
371
365
451
477
442
512
542
522
546
503
419
516
476
345
427
271
326
142
174
206
-183
50
-119
-382
-181
-563
-327
-668
-754
-685
-905
-799
-995
-982
-915
-1107
-990
-919
-1392
-902
-893
-1003
-809
-943
-855
-626
-597
-555
-440
-343
-255
-147
-63
-60
257
193
290
387
362
571
562
602
686
741
688
761
747
782
797
759
756
709
681
679
602
584
576
535
430
413
341
267
402
159
186
107
62
109
61
11
-38
-49
-15
-76
-39
-43
-60
25
-32
2
38
147
143
145
233
223
299
421
308
414
477
400
587
462
505
607
415
589
355
513
484
333
405
234
282
198
36
132
-163
-130
-146
-367
-353
-533
-621
-657
-736
-925
-834
-1012
-1065
-939
-970
-1122
-969
-1431
-895
-905
-1082
-835
-962
-852
-700
-543
-546
-536
-246
-326
-107
-1
-91
295
241
276
453
398
591
603
685
728
754
755
807
829
804
854
835
781
775
736
703
699
632
598
571
460
425
364
332
341
200
167
42
100
75
9
-18
-87
-88
-79
-88
-89
-89
-67
-29
-76
28
28
105
162
178
195
224
300
380
358
493
455
457
548
502
580
543
532
524
475
422
486
426
314
392
170
134
85
19
-64
-165
-225
-471
-371
-612
-680
-676
-975
-897
-1038
-968
-1085
-1016
-1220
-1024
-1442
-1010
-970
-1163
-879
-1028
-924
-720
-694
-574
-475
-400
-206
-219
-14
-54
285
297
323
478
398
689
630
748
796
845
828
855
893
896
934
920
859
792
810
772
741
694
640
561
475
458
355
320
354
112
178
30
21
45
-71
-43
-143
-152
-120
-160
-134
-110
-116
-65
-62
-18
17
130
145
181
222
211
379
380
403
502
440
532
535
586
568
516
598
485
499
461
391
482
235
309
150
185
-104
98
-160
-377
-136
-701
-399
-658
-1031
-469
-1319
-931
-1048
-1346
-823
-1459
-1107
-1242
-1593
-851
-1222
-1078
-1048
-1135
-758
-804
-605
-648
-413
-243
-262
-34
-27
129
395
366
463
544
582
786
762
814
965
891
985
947
933
1017
888
990
909
800
805
722
726
601
612
429
407
388
228
258
122
104
-73
-27
-83
-139
-119
-236
-253
-201
-204
-216
-183
-165
-164
-78
-55
-29
102
52
299
98
314
346
372
550
441
550
520
623
632
515
619
625
450
599
435
318
497
254
231
96
17
-11
-108
-319
-396
-327
-771
-511
-1016
-856
-1191
-989
-1176
-1414
-960
-1387
-1348
-1094
-1741
-1273
-906
-1387
-909
-1212
-1036
-780
-617
-624
-553
-187
-296
-10
2
117
401
494
538
656
656
808
956
874
1100
1056
995
1095
1009
1042
1108
961
989
890
771
724
690
603
568
459
261
262
146
100
64
-39
-163
-220
-221
-285
-238
-275
-340
-300
-328
-280
-270
-217
-117
-129
-39
19
69
212
260
321
365
446
485
576
660
598
710
673
746
667
626
708
596
547
563
329
392
401
-49
267
-55
-291
-91
-510
-489
-602
-856
-886
-1111
-986
-1652
-1020
-1531
-1610
-1278
-1483
-1467
-1372
-1662
-1615
-1105
-1183
-1075
-1035
-1044
-909
-352
-589
-307
-127
11
201
218
398
567
881
775
1006
916
1051
1135
1204
1283
1255
1234
1091
1209
1062
1103
983
909
848
662
535
432
345
361
160
11
-123
-206
-243
-269
-388
-484
-564
-570
-525
-565
-489
-462
-490
-372
-379
-250
-130
-38
58
60
249
293
434
651
520
726
757
739
962
856
909
946
884
900
761
738
773
608
458
405
238
168
162
-93
-313
-348
-456
-757
-740
-948
-1269
-1049
-1470
-1739
-1414
-1954
-1758
-1621
-2188
-1375
-1771
-1698
-1510
-2051
-1387
-1085
-1022
-897
-1018
-781
-413
-46
-33
48
490
459
775
897
837
1256
1347
1397
1499
1366
1346
1529
1493
1554
1408
1173
1133
1081
971
795
603
544
380
187
-37
-253
-275
-291
-543
-658
-818
-882
-830
-863
-930
-1024
-956
-851
-790
-678
-577
-580
-312
-184
-176
127
193
352
564
631
717
875
1018
1094
1108
1208
1091
1209
1271
1072
1121
991
880
806
619
435
353
300
-50
-46
-532
-484
-646
-877
-1020
-1296
-1456
-1692
-1733
-1832
-2279
-2013
-2416
-2652
-1787
-3028
-2017
-2095
-2197
-1495
-1966
-2064
-1578
-903
-765
-520
-512
-538
193
611
460
1036
1008
1331
1618
1507
1664
1819
1949
2031
2053
1732
1704
1493
1600
1509
1295
902
622
580
326
106
-210
-394
-432
-711
-972
-1382
-1369
-1286
-1410
-1459
-1646
-1800
-1626
-1446
-1346
-1164
-1134
-995
-764
-495
-318
30
218
645
698
763
1102
1172
1598
1641
1587
1654
1665
1753
1777
1650
1615
1401
1300
1186
894
803
610
320
98
-147
-335
-648
-676
-1136
-1248
-1532
-1704
-1868
-2122
-2214
-2368
-2659
-2468
-2771
-2980
-2670
-3080
-2900
-2619
-2630
-2519
-1648
-1850
-1688
-1277
-1537
-526
181
18
422
615
865
1649
1772
1864
2207
2379
2400
2546
2491
2411
2531
2317
2200
1971
1500
1202
1062
816
568
20
-409
-608
-872
-1122
-1474
-1743
-1814
-1950
-2122
-2311
-2397
-2329
-2134
-2030
-1972
-1957
-1699
-1395
-872
-244
-279
102
316
599
1326
1623
1694
2037
2111
2194
2473
2491
2451
2514
2338
2132
2053
1795
1698
1541
1299
1002
642
318
149
-133
-367
-647
-1064
-1193
-1426
-1597
-1782
-2054
-2153
-2399
-2399
-2732
-2745
-2732
-2894
-2701
-3123
-2769
-3010
-2593
-2733
-2195
-2528
-1611
-820
-932
-174
-968
-531
1077
1376
1808
1657
1438
2317
2854
2971
2819
3107
2874
3089
2866
2366
2319
1944
1842
1701
987
186
-201
-510
-360
-720
-1533
-1939
-2134
-2183
-2342
-2559
-2655
-2445
-2222
-2279
-2301
-2214
-1761
-1163
-729
-521
-564
-309
275
1022
1352
1597
1935
2083
2665
2716
2639
3024
3033
3130
2970
2633
2398
2244
2273
1916
1564
1214
766
659
433
116
-105
-338
-567
-848
-1068
-1280
-1444
-1439
-1693
-1612
-1971
-1831
-2103
-2130
-2144
-2340
-2354
-2070
-2225
-2425
-2366
-2739
-2052
-1965
-2061
-1919
-1717
-1332
106
-91
149
-103
-230
1329
2021
2218
2088
1776
2197
2979
2917
2715
2572
2505
2495
2435
1699
1216
902
723
770
243
-686
-1338
-1607
-1426
-1343
-1962
-2361
-2460
-2348
-2158
-2289
-2317
-1849
-1386
-1148
-1064
-1061
-564
118
692
998
974
996
1361
1811
2121
2261
2240
2453
2616
2440
2245
2098
2271
2340
2096
1627
1211
1056
1104
1050
718
407
77
-37
-25
-208
-328
-382
-491
-558
-692
-891
-980
-901
-1002
-952
-1112
-1217
-1239
-1328
-1424
-1601
-1669
-1870
-1813
-1968
-2277
-2083
-2358
-2055
-1894
-2124
-1734
-1587
-381
29
213
-153
-484
846
1722
2235
2307
1714
2137
2622
2752
2795
2584
2392
2358
2265
1766
1169
574
339
496
300
-498
-1364
-1894
-1726
-1441
-1670
-2000
-2225
-2133
-1875
-1803
-1708
-1428
-958
-431
-80
34
67
435
1083
1758
2020
1744
1717
1917
2231
2516
2413
2288
2320
2112
1877
1693
1404
1456
1423
1154
836
388
273
287
338
267
70
-123
-132
-142
-85
-61
-130
-226
-199
-362
-485
-629
-769
-655
-733
-863
-1269
-1591
-1642
-1928
-1907
-2192
-2426
-2530
-2693
-2694
-2838
-2368
-2449
-1931
-1022
-516
225
109
-485
483
1514
2480
3024
2475
2406
2808
2925
3191
3213
2870
2569
2245
1779
1355
625
-47
-160
-199
-607
-1403
-2369
-2612
-2233
-2018
-1959
-2212
-2293
-2060
-1703
-1309
-882
-419
-23
637
970
1162
1361
1602
2271
2768
2694
2407
2135
2088
2167
2178
1884
1752
1485
1210
955
587
393
321
374
363
166
-54
-188
-30
254
491
456
414
411
481
749
683
742
561
572
293
138
-310
-554
-547
-822
-913
-1519
-2040
-2409
-2733
-2680
-2769
-3060
-3295
-3631
-3306
-3014
-2647
-2214
-1691
-131
398
871
424
266
1909
2985
3935
3991
3100
3052
3151
3280
3579
3092
2282
1814
1301
731
-126
-1134
-1577
-1355
-1472
-2096
-3061
-3787
-3412
-2702
-2148
-1893
-1952
-1812
-1204
-541
142
818
1203
1924
2529
2725
2803
2712
2920
3357
3308
2906
2297
1722
1460
1122
844
432
26
-342
-755
-880
-1029
-1063
-921
-719
-517
-325
-316
-39
385
872
1271
1466
1548
1607
1782
1805
1782
1545
1237
1064
605
136
-434
-906
-1140
-1534
-1954
-2406
-3102
-3474
-3942
-3873
-3744
-3968
-3805
-3936
-3367
-2579
-2037
-1266
41
954
1953
2129
1592
2695
3536
4418
4996
4231
3797
3392
2831
2826
2409
1443
610
-134
-773
-1470
-2633
-3473
-3437
-3249
-3150
-3516
-4077
-3879
-3188
-2262
-1284
-684
-247
460
1133
1917
2746
3032
3653
4119
4267
4258
3675
3201
3014
2619
2137
1319
456
-177
-757
-1335
-1749
-2018
-2105
-2047
-2064
-1988
-1790
-1438
-741
-34
595
1045
1439
1823
2372
2695
2936
3048
2958
2885
2580
2048
1575
1009
567
28
-624
-1416
-1966
-2533
-2916
-3120
-3651
-3804
-4264
-4407
-4353
-4079
-3776
-3411
-2944
-2413
-1474
-709
-87
1021
2424
3447
4164
3334
3177
3883
4309
4872
4315
3361
2650
1616
917
473
-421
-1307
-2105
-2643
-3039
-3803
-4663
-4788
-4195
-3477
-2970
-2985
-2684
-1924
-974
172
1249
2014
2704
3171
3599
4126
4286
4301
4338
4129
3704
2982
2025
1306
573
-288
-1010
-1664
-2248
-2572
-3128
-3220
-3117
-2910
-2272
-1884
-1166
-501
121
1001
1840
2566
3220
3511
3914
3988
4066
3796
3429
3016
2369
1904
1133
264
-482
-1225
-1673
-2201
-2855
-3295
-3731
-3812
-3880
-3957
-3816
-3861
-3703
-3369
-2858
-2186
-1592
-1101
-423
39
323
1074
1452
2760
3832
4163
4378
2892
2296
2594
2669
3087
2246
1088
357
-781
-1424
-1758
-2335
-2699
-2956
-3115
-3184
-3550
-3985
-3557
-2570
-1508
-713
-532
-265
335
1037
2029
2902
3347
3649
3545
3421
3309
2889
2508
2239
1815
1351
502
-526
-1297
-2002
-2443
-2518
-2655
-2702
-2935
-3128
-2856
-2021
-1114
2
827
1315
2103
2436
3245
3918
4207
4495
4347
3977
3644
2849
2212
1655
932
458
-307
-996
-1641
-2294
-2633
-2768
-2808
-2882
-3028
-3133
-2941
-2705
-2282
-1937
-1744
-1432
-1174
-749
-290
-36
30
142
211
355
529
734
703
1366
1844
2274
2153
696
215
471
822
1328
687
-1
-416
-1107
-1172
-1053
-1317
-1506
-1689
-1507
-1258
-1517
-1912
-1685
-1005
-208
229
206
316
528
893
1509
1936
2120
2095
1850
1802
1699
1298
936
612
385
155
-319
-824
-1232
-1482
-1801
-1715
-1785
-1678
-1597
-1650
-1260
-794
-406
560
1398
2120
2920
2726
3234
3313
3171
3475
3138
2876
2468
1541
1181
532
-100
-496
-1008
-1205
-1512
-1951
-2133
-2133
-2068
-1888
-1868
-1788
-1602
-1459
-1171
-787
-654
-508
-378
-439
5
-71
-120
-519
-826
-914
-686
-566
-186
-209
533
866
1098
791
-333
257
490
1115
1321
562
376
-79
-486
-89
-270
-533
-805
-1035
-706
-870
-1358
-1642
-1291
-736
-185
-128
-139
47
254
738
1293
1546
1620
1506
1434
1630
1409
1037
722
509
423
125
-438
-790
-1093
-1278
-1243
-1410
-1455
-1563
-1590
-1199
-789
-377
-18
367
1136
1896
2714
2991
3131
3046
2819
2803
2534
2184
1795
1205
817
314
-312
-678
-1144
-1245
-1321
-1460
-1438
-1551
-1467
-1282
-1068
-969
-772
-744
-362
-177
-103
-79
-250
-276
-284
-419
-681
-1242
-1678
-1667
-1601
-1178
-1451
-1213
-506
490
1126
605
-180
142
742
1480
1795
1423
1192
719
487
696
396
-255
-689
-693
-338
-536
-1443
-2040
-1976
-1361
-741
-520
-507
-344
-118
411
992
1329
1470
1559
1833
2147
1933
1402
1020
896
847
608
137
-257
-757
-1251
-1503
-1672
-1693
-1806
-1746
-1519
-1173
-895
-547
-232
222
886
2088
3024
3341
3140
2630
2726
2505
2489
2322
1724
1236
629
291
-30
-562
-850
-1082
-1063
-951
-1048
-1147
-1213
-1071
-744
-701
-656
-572
-372
-102
-150
-256
-455
-679
-700
-941
-1132
-1717
-2019
-2355
-1984
-1688
-1546
-907
-101
1086
1285
625
124
708
1450
2187
2237
1864
1493
915
641
585
43
-562
-830
-811
-670
-1295
-2152
-2509
-2205
-1425
-798
-570
-393
-106
339
1016
1559
1865
2084
2276
2602
2667
2139
1532
1174
1024
813
273
-241
-832
-1464
-2087
-2267
-2231
-2297
-2322
-2333
-1868
-1439
-1035
-389
131
725
1537
2496
3493
3805
3596
3501
3197
3109
2783
2360
1856
1244
835
368
-176
-748
-1111
-1319
-1256
-1233
-1283
-1337
-1268
-1025
-742
-761
-705
-460
-154
186
171
50
-34
-327
-410
-698
-1303
-1661
-2392
-2170
-2025
-1941
-1609
-1808
-352
523
1163
956
-23
721
1281
1961
2439
1852
1782
1305
1003
1110
350
-433
-906
-778
-410
-825
-1754
-2348
-2176
-1578
-950
-596
-338
54
440
1007
1540
1778
1921
2085
2433
2684
2288
1621
1093
770
488
-85
-628
-1030
-1533
-1959
-2373
-2444
-2438
-2478
-2176
-1743
-1156
-651
-224
550
1154
1738
2325
3150
3922
4091
3893
3298
2848
2514
2154
1895
1260
556
90
-305
-602
-1003
-1328
-1462
-1314
-1040
-821
-776
-751
-546
-291
-152
-137
0
204
421
569
318
152
-607
-922
-1286
-1877
-2037
-2825
-2857
-2867
-2886
-2341
-2005
-857
398
956
1177
529
1008
1815
2417
3036
2747
2654
2263
1670
1342
612
-191
-608
-694
-641
-1138
-2013
-2677
-2688
-2230
-1598
-1138
-821
-362
190
805
1343
1667
1995
2346
2694
2901
2582
1982
1363
920
506
-59
-685
-1112
-1474
-1916
-2355
-2653
-2732
-2593
-2344
-1858
-1254
-685
105
698
1317
1664
2312
3276
3779
4262
4024
3660
3242
2448
2304
1710
1112
704
182
-42
-554
-1151
-1332
-1630
-1315
-1043
-930
-784
-862
-624
-478
-510
-330
-162
115
419
224
265
-267
-661
-809
-1434
-1633
-2355
-2844
-2794
-3054
-2354
-2202
-1829
-764
242
1409
1496
919
1497
1956
2562
2980
2797
2721
2195
1629
1407
661
-357
-951
-1136
-937
-1248
-2029
-2632
-2810
-2476
-1835
-1393
-901
-276
382
1109
1591
1817
1998
2200
2647
2956
2680
1992
1302
801
334
-292
-820
-1242
-1610
-2001
-2318
-2547
-2552
-2372
-2055
-1542
-1150
-363
271
977
1708
2239
2791
3391
3799
4049
3924
3427
3060
2438
1861
1464
824
330
-131
-448
-710
-1164
-1341
-1489
-1303
-1144
-978
-770
-563
-373
-205
-327
-221
-141
176
315
358
352
-106
-283
-892
-1155
-1725
-2227
-2584
-2861
-2992
-2759
-2484
-1951
-1382
48
913
1922
1547
1326
2057
2094
2923
3057
2804
2698
1887
1504
1006
-166
-783
-1301
-1248
-1296
-1834
-2418
-2853
-2869
-2332
-1771
-1270
-621
91
852
1507
1842
2044
2213
2446
2809
2814
2363
1809
1259
752
86
-582
-978
-1345
-1565
-1821
-2096
-2296
-2525
-2294
-1864
-1260
-512
157
803
1287
1584
2005
2469
3421
3800
4064
3511
3016
2583
1733
1481
881
484
260
-118
-350
-770
-1297
-1305
-1391
-994
-727
-651
-396
-381
-126
-50
-145
-139
79
223
441
467
283
65
-353
-904
-1151
-1808
-2074
-2501
-2955
-3212
-3183
-2853
-2053
-1757
-736
685
1471
2036
1329
1639
2164
2317
3092
3065
2874
2443
1564
1354
491
-504
-1034
-1315
-1203
-1436
-1997
-2621
-3030
-2811
-2176
-1606
-1064
-385
338
1053
1491
1666
1779
2028
2542
2923
2692
2185
1695
1328
793
226
-216
-629
-888
-1161
-1392
-1759
-2160
-2215
-1952
-1625
-1254
-781
-269
329
920
1565
2203
2539
2820
3062
3122
3055
2678
2286
1800
1443
1157
920
509
165
-130
-379
-574
-806
-776
-726
-586
-462
-392
-509
-607
-770
-651
-458
-243
-56
-48
-92
-292
-470
-856
-995
-1447
-1518
-2042
-2334
-2568
-2647
-2415
-2049
-1844
-989
274
1210
1903
1204
1256
1783
1893
2525
2556
2444
2387
1837
1672
954
-162
-735
-1063
-948
-1083
-1584
-2005
-2446
-2399
-2144
-1913
-1586
-1022
-277
474
996
1263
1429
1713
2319
2620
2688
2414
2271
2109
1536
1019
532
138
-154
-468
-801
-1309
-1778
-1919
-1921
-1981
-1832
-1553
-854
-239
321
952
1239
1775
2185
2652
2863
2800
2699
2679
2439
2140
1786
1431
1132
885
524
278
-146
-370
-528
-718
-792
-894
-936
-926
-1128
-1107
-1201
-967
-785
-535
-369
-352
-359
-456
-504
-627
-822
-1119
-1484
-1674
-1485
-1965
-1436
-1836
-1226
-1097
-1051
820
630
1429
971
1009
1745
1146
1730
1820
1593
1810
1401
1471
743
-123
-309
-694
-742
-885
-1037
-1240
-1536
-1514
-1375
-1430
-1292
-781
-260
317
613
980
1180
1307
1570
1686
1788
1921
2190
2057
1730
1174
801
387
-69
-102
-383
-619
-795
-939
-1135
-1256
-1218
-795
-413
-197
410
593
1102
1397
1571
1769
1750
2058
2220
2322
2099
1925
1796
1555
1304
944
799
570
363
222
-198
-502
-748
-955
-1022
-1206
-1077
-1149
-1010
-1087
-1083
-1003
-1092
-842
-720
-780
-727
-981
-1217
-1302
-1609
-1442
-1453
-1233
-1023
-861
-808
-365
215
577
1182
964
1366
1566
1283
1640
1353
1437
1303
956
1159
570
195
-90
-578
-585
-1009
-999
-1030
-1156
-964
-1064
-901
-819
-543
-140
42
591
837
1192
1516
1505
1651
1610
1706
1825
1525
1496
1215
952
586
95
-127
-511
-542
-490
-502
-607
-625
-744
-377
-402
10
450
800
1236
1413
1634
1804
1785
1983
2001
2031
1966
1886
1754
1494
1182
850
549
323
147
-72
-326
-527
-817
-936
-1054
-1014
-923
-892
-698
-615
-475
-389
-325
-263
-323
-299
-367
-504
-619
-822
-979
-1249
-1361
-1381
-1347
-1294
-1331
-1152
-890
-423
-49
163
646
707
1022
1231
1307
1681
1266
1484
1540
1180
1155
659
493
182
-146
-95
-359
-456
-552
-561
-512
-667
-520
-387
-222
-37
186
485
649
903
981
1143
1167
1275
1513
1361
1379
1159
999
843
640
453
273
161
112
187
-108
-20
-42
-12
181
342
604
626
840
1083
1108
1271
1315
1345
1418
1350
1495
1222
1115
973
760
691
399
505
323
183
5
-95
-220
-195
-43
-26
73
-28
131
112
27
15
-62
5
-121
-129
-297
-477
-652
-923
-887
-1297
-1309
-1368
-1254
-1220
-1257
-1125
-1074
-1012
-732
-270
60
419
723
1072
1022
1012
1153
1031
1076
969
1058
1039
563
665
234
216
-35
-160
113
-195
12
16
-66
98
-25
163
258
358
677
719
983
1019
993
1103
1055
1181
975
941
1129
814
927
562
493
379
276
515
419
486
533
583
630
457
551
585
704
892
890
955
890
802
846
743
768
744
831
813
729
619
482
614
527
550
636
599
648
607
680
656
602
616
661
676
583
480
462
354
227
210
-39
-147
-274
-383
-485
-634
-819
-883
-858
-794
-784
-584
-768
-724
-620
-664
-421
-419
-104
-67
160
221
333
362
280
453
390
598
462
613
540
405
412
308
358
208
285
346
418
434
467
583
641
666
733
814
879
872
880
947
827
867
886
829
838
621
727
658
515
551
511
617
632
646
709
615
638
632
711
640
631
765
727
726
657
595
688
595
663
508
497
583
463
682
475
596
596
647
787
775
733
752
924
846
936
1041
967
1132
934
976
820
723
763
566
584
540
357
209
398
-128
145
50
-331
-120
-240
-56
-376
-195
-40
-363
-42
-293
-337
-96
-410
-124
-222
-459
-295
-334
-263
-379
-241
-306
-101
163
-34
279
137
318
403
424
625
376
510
805
660
942
832
968
926
776
838
764
727
689
635
822
587
532
464
560
555
371
648
564
407
669
406
537
521
416
759
752
694
787
747
762
584
641
656
541
715
522
584
664
292
494
434
401
639
522
841
686
921
881
787
1328
705
1299
1092
1060
1509
744
1610
545
1304
874
681
1451
165
1496
550
564
909
124
495
293
65
632
-45
478
71
166
390
-322
227
-263
514
-383
493
223
-110
483
-150
322
158
-232
440
78
104
429
-156
611
-193
248
352
-266
632
-300
361
232
-243
939
-312
587
242
-221
668
-160
262
83
227
212
68
302
160
-109
142
1
-111
130
-109
-320
-52
-188
-233
-78
38
-103
-211
199
-63
-34
271
-226
111
121
-219
308
-390
241
-250
-57
21
-305
167
-384
356
-321
120
171
-612
782
-721
532
289
-612
1239
-583
235
650
-376
528
285
-45
353
-47
242
-29
9
-237
-78
-122
-571
141
-733
-362
-195
-645
-731
248
-1694
442
-823
-892
386
-1316
471
-1218
370
-995
-460
133
-1472
475
-1109
-225
-589
-410
-911
-168
-773
-686
-159
-645
-357
-408
-138
-633
-92
-333
-227
-506
-67
-317
-346
-9
-477
-244
-369
-420
-441
-565
-423
-718
-383
-897
-531
-674
-922
-287
-1028
-411
-611
-690
-566
-497
-532
-613
-243
-678
-440
-392
-583
-251
-388
-436
-190
-490
-566
-170
-768
-247
-444
-439
-419
-533
-17
-832
-7
-110
-806
500
-994
443
-740
-78
247
-1132
932
-1003
195
-203
-459
197
-639
-130
-94
-975
639
-1316
302
-559
-472
88
-505
49
-579
-45
-641
-31
-547
-51
-343
-394
-51
-481
-486
-207
-834
-256
-344
-403
-344
266
-1045
494
-609
-384
192
-462
304
-174
334
-340
470
-371
199
7
-146
4
-167
277
-760
464
-1154
190
-783
-505
-10
-1079
191
-969
-187
-355
-809
18
-626
-230
-216
-228
-427
-43
-534
-279
-13
-762
150
-851
133
-962
212
-1019
-338
-717
-738
-539
-685
-395
-854
-352
-786
-413
-638
-414
-624
-306
-528
-567
1
-994
187
-842
-134
-728
-218
-672
-271
-636
-550
-734
-399
-815
-652
-520
-701
-277
-753
17
-1006
283
-1058
347
-760
-210
54
-842
443
-905
500
-807
-148
64
-904
527
-599
252
-98
-238
711
-449
935
-44
950
540
755
1226
551
1573
453
1893
576
1575
1307
1205
1125
1303
959
926
1344
527
1307
781
783
1134
234
1478
402
867
1093
686
848
1174
494
919
1041
689
1108
853
984
641
1005
730
740
784
969
594
792
1090
323
1312
461
719
848
415
999
579
1024
412
790
751
268
1171
90
942
317
273
676
72
371
298
82
-5
331
-318
146
-132
-350
-371
246
-708
-153
120
-1017
96
-565
-468
-504
-678
-458
-974
-406
-1006
-942
-378
-1946
-206
-1608
-1114
-634
-1519
-752
-954
-1069
-948
-769
-761
-1194
-124
-955
-523
-447
-584
-400
-597
-301
-584
-451
-400
-618
-696
-398
-976
-505
-598
-869
-373
-860
-400
-874
-225
-527
-681
197
-976
-38
-31
-615
267
-365
-71
-4
-357
288
-416
38
134
-345
316
-214
263
-98
131
128
-137
375
-235
333
182
-384
712
-336
5
538
-422
762
-253
675
-125
477
79
225
120
-14
-315
-470
-412
-1386
-366
-1438
-480
-826
-318
-65
327
59
910
739
448
1477
612
1340
1346
801
1615
988
690
1896
284
1552
1058
981
1075
1057
1146
857
1599
599
1609
1096
1233
1243
1651
1015
1687
1338
1362
1493
1275
1531
1142
1360
1174
776
1770
169
1352
1199
-44
1700
231
849
748
860
493
847
763
214
1012
298
976
149
1075
306
390
1135
-278
884
725
-687
1929
-760
783
732
-825
1995
-1568
2103
-1131
1173
302
-346
1369
-366
219
1277
-902
1440
143
228
822
148
451
391
412
425
38
539
-26
356
219
141
374
21
188
253
86
611
-234
807
-257
560
348
-148
919
-469
571
444
-139
484
133
-61
261
-19
476
-661
916
-522
73
428
-363
216
737
-922
1078
57
-395
1337
-506
760
333
174
503
-24
501
-134
387
-39
-118
-29
-345
-84
-609
-347
-494
-730
-362
-799
-346
-849
-586
-288
-1295
323
-1402
95
-683
-605
112
-1039
252
-710
-279
219
-898
600
-851
351
-368
-375
816
-1325
1135
-864
578
-46
5
712
-504
983
-392
855
380
36
1153
-239
829
370
226
881
72
619
458
483
258
415
406
244
482
162
955
-304
1144
-30
527
700
202
760
322
656
376
211
1134
-500
1147
239
70
777
89
283
610
-76
292
821
-595
847
507
-779
1924
-1206
1297
238
-162
1332
-450
947
362
49
1136
-473
878
293
-70
958
-445
850
62
61
449
184
-16
562
-71
573
132
105
751
-300
723
220
-15
869
-241
478
357
150
1
694
-258
301
288
-152
438
-226
222
393
-664
845
-253
25
227
295
9
-99
937
-481
514
578
-317
1055
-307
808
151
-24
1058
-493
521
313
164
-542
1536
-1515
1237
-328
-4
284
202
-209
385
394
-602
1150
-304
-158
1194
-727
561
657
-503
887
-184
559
-331
966
-647
559
320
-493
836
46
-321
904
-46
-167
1047
-434
541
648
-332
781
299
-86
1002
-570
1303
-603
836
159
87
310
254
186
194
131
189
321
-286
637
-32
0
543
-367
632
-267
683
-97
311
293
278
-335
991
-359
264
430
-184
82
273
-2
-136
535
-474
521
-318
328
-14
-106
319
-61
303
-129
412
250
-218
615
121
59
236
491
-326
687
-38
116
438
-138
488
-147
449
71
293
-9
287
225
349
-191
1014
-556
751
313
-274
1321
-786
966
32
-6
271
224
99
-11
450
-317
628
-563
904
-361
209
884
-794
1221
-225
281
975
-505
1224
101
62
1395
-899
1697
-509
727
667
-622
1437
-879
780
214
-410
922
-399
355
529
-715
1189
-544
315
721
-469
866
-74
456
342
123
842
-303
1033
-72
246
768
-474
773
40
-268
575
-249
31
343
-118
-49
454
-587
604
118
-432
941
-164
-21
886
-399
723
161
47
1065
-915
1699
-785
734
274
55
546
-235
1071
-879
1352
-413
-42
1567
-1343
1462
203
-580
1608
-887
911
189
234
485
-129
1095
-944
1324
-178
2
846
-449
520
504
-485
1001
95
-41
854
32
195
721
197
506
662
339
570
668
158
694
653
-396
1666
-687
848
1023
-880
1562
-195
3
1043
-313
967
-207
1107
-202
607
635
-217
1139
-12
543
983
-207
1166
106
394
827
-6
793
213
672
-269
1084
-325
370
567
-168
862
-158
757
28
463
561
206
623
523
140
681
511
293
510
778
60
774
605
-1
1125
-127
842
208
730
209
603
739
-29
1066
-52
993
491
105
1446
-96
763
774
329
484
647
443
460
483
808
-276
1397
-380
785
455
415
104
1027
148
460
817
542
24
1353
141
439
1416
-10
701
1128
39
866
677
270
696
658
87
976
174
168
1111
-641
1114
300
-238
1311
-31
-46
1467
-500
576
903
-298
948
301
239
800
-120
828
111
287
385
373
43
412
295
-81
402
376
-198
966
-367
1036
-221
873
-121
944
-175
866
417
-125
1343
-581
1128
-72
502
535
-81
862
-235
772
283
12
1179
-555
1179
96
-98
1620
-746
1201
906
-791
2371
-1294
1687
354
-72
1332
-39
464
521
450
-89
896
-167
693
94
370
653
-252
696
841
-813
1684
127
-284
2123
-1016
1592
349
219
1168
358
395
852
831
-326
1545
67
147
1186
224
-131
1739
-753
1065
695
-111
1015
511
289
636
935
-304
1414
371
105
1493
-49
566
1115
-285
1374
-563
1757
-763
1462
14
432
762
220
537
392
679
415
430
879
347
502
921
478
241
1372
-223
888
1204
-1024
2411
-941
978
956
-320
1143
62
757
204
435
1257
-816
2020
-486
842
940
339
772
798
825
162
1601
63
699
1312
-255
1231
102
904
222
475
1069
-588
1369
329
-353
1858
-974
1665
-113
676
653
305
639
882
-42
1593
-233
1256
378
915
384
812
670
240
1112
41
929
555
374
878
185
836
377
635
412
1077
-112
1231
515
63
1074
626
-359
2194
-963
1475
451
119
812
641
-158
1394
-122
615
982
-215
1247
177
345
720
731
-176
1649
-233
728
910
123
899
276
972
-273
1492
-323
934
531
245
513
746
-3
799
462
-51
1199
-121
703
594
558
335
1057
8
1073
530
260
1394
37
848
800
183
1071
63
1015
234
823
124
968
129
456
831
-58
852
772
-301
1631
-252
762
1088
-360
1596
-180
1156
100
1030
321
650
769
409
461
1146
-330
1474
133
579
701
670
210
1165
-147
1178
656
-188
1896
-439
958
854
503
274
1240
242
541
962
389
493
675
756
23
1023
452
378
730
524
434
759
257
932
150
1124
62
1046
444
313
1322
-299
1319
318
472
779
413
392
713
21
1292
-609
1562
-134
550
712
462
137
966
302
224
1166
-214
1089
424
307
975
378
399
984
255
699
984
-278
1603
-141
599
784
359
156
873
325
206
883
-7
559
680
192
461
1194
-666
1712
-577
1262
66
626
844
-218
1674
-780
1581
-183
892
338
380
1026
-282
1271
-262
1098
220
100
1712
-724
1355
472
131
1126
-161
1453
-355
978
1094
-564
1337
819
-963
2255
-729
1013
232
691
272
280
1460
-1057
1785
120
-254
1474
96
-70
2026
-1036
1714
68
285
988
367
374
715
641
321
370
1320
-866
1689
-205
512
641
385
422
480
397
821
-243
1195
292
183
866
908
-311
1582
316
149
1380
-150
977
336
703
702
165
810
442
175
765
217
613
366
435
857
-130
1288
-220
908
490
107
1122
179
430
1154
-295
1089
471
256
785
457
377
618
538
163
994
-285
1423
-392
1156
473
-194
1670
-532
1134
375
761
257
608
1133
-858
2062
-275
-51
2459
-1841
2313
-66
-59
1593
-733
1332
78
321
1374
-713
1543
49
75
1396
-69
473
1226
-141
769
970
21
775
803
218
296
1126
51
250
1556
-840
1184
377
68
671
551
570
-184
1677
-573
877
1007
-392
1390
380
145
1491
-161
865
854
70
819
719
-124
1271
2
761
294
808
134
496
730
-61
1188
-104
767
559
347
371
987
-30
932
356
752
258
828
535
167
1017
251
274
1245
-447
1265
113
387
848
412
26
1331
-217
763
856
-229
1499
-534
1631
-386
1054
581
108
1012
453
87
1279
39
528
874
211
304
1180
-191
745
666
315
198
1489
-646
1395
393
61
1042
473
34
1683
-488
1398
154
700
317
636
619
-49
1466
-498
1109
357
247
537
833
-345
1431
-151
808
717
325
428
1157
-393
1229
303
614
691
67
1585
-889
1661
205
-43
1389
-328
845
599
-85
1376
-548
1366
-228
834
436
239
1274
-521
1584
133
93
1535
-385
852
964
-163
764
968
-252
818
813
-266
975
272
448
466
598
229
689
442
92
1218
35
404
1288
-535
1305
261
404
822
396
276
1131
-448
1429
-262
985
239
503
476
212
1065
-238
812
824
-620
1986
-783
1217
479
78
1174
18
831
526
286
1037
171
466
1057
-219
858
549
188
435
990
-341
998
243
565
152
1169
-641
1771
-704
1464
35
662
601
418
665
209
1031
150
419
1280
-802
1808
-297
353
1345
-962
1838
-254
350
1294
-291
739
784
322
154
1565
-769
1468
200
477
467
1005
-496
1533
-275
888
309
558
450
167
928
-84
846
217
834
-392
1830
-1050
1560
269
-218
1639
-485
1087
401
313
666
377
594
338
582
474
189
768
352
119
1214
-636
1461
-6
11
1520
-516
820
1034
-398
1261
237
318
718
613
178
803
447
259
824
-5
946
-35
800
6
825
20
524
575
19
980
-183
991
169
345
1060
-281
1091
503
-200
1529
-321
761
771
-202
1367
-498
1194
-94
936
-398
1473
-499
620
1234
-1006
1843
-687
1306
-130
628
780
-76
633
1119
-593
1348
354
123
708
847
-456
1372
-103
376
880
-120
788
329
492
324
641
282
505
499
494
61
1109
-270
940
361
281
751
-47
982
228
150
1402
-699
1233
401
-318
1627
-957
1729
-692
1276
154
-146
1887
-1101
1321
921
-662
1104
1035
-945
1578
548
-521
1466
635
-796
1959
-349
113
1304
-445
780
363
586
8
860
2
693
-12
1001
-129
933
396
315
865
132
657
663
-51
1183
-159
854
536
-128
1237
-253
589
932
-634
1770
-840
1531
-408
793
830
-538
1475
-10
254
883
77
869
204
477
1005
-390
1163
307
65
1125
-89
542
982
-345
1152
178
-15
1482
-670
1377
104
407
728
207
538
692
275
231
1306
-674
1618
-398
913
391
311
827
67
763
411
-39
1357
-583
1197
368
83
1010
82
542
685
299
649
441
372
924
-350
1481
-284
742
949
-775
2078
-897
812
1004
-450
1160
-42
991
-396
1337
-212
463
934
-32
595
860
31
625
625
570
-133
1617
-537
1059
550
-158
1044
240
267
669
363
487
169
850
112
294
895
-300
1184
-110
664
502
465
256
728
384
225
850
136
589
468
555
123
893
156
505
451
757
-321
1437
-323
589
935
-135
502
1160
-521
979
694
-427
1506
-318
946
210
552
218
948
-211
918
477
-175
1313
-294
776
512
-25
1052
144
53
1745
-1222
1777
301
-402
1605
-22
289
934
216
556
331
1016
-203
879
457
-139
1263
-381
925
421
142
807
156
568
214
749
-12
838
184
739
166
620
596
47
928
193
293
962
-261
1086
4
553
421
575
133
635
512
16
866
270
202
725
264
388
385
634
146
602
611
65
879
96
792
236
334
1023
-401
1194
5
509
492
342
387
419
454
175
564
619
-275
1648
-589
667
1266
-1190
2015
-439
458
1067
-453
1158
64
201
854
-16
661
165
946
-453
1214
66
89
1097
2
289
1037
-296
1100
-55
897
260
283
1022
-416
1360
-322
1021
4
851
47
637
490
89
641
405
256
349
818
-202
889
261
49
1020
148
60
1474
-610
1053
540
-195
1238
-248
898
268
392
487
386
364
353
593
116
526
542
-8
653
432
206
502
452
257
430
568
192
714
215
647
222
692
552
-148
1302
-448
812
488
116
898
-311
1562
-972
1557
46
-158
1407
-273
173
1690
-1168
1523
287
-120
929
111
751
-176
1096
183
69
814
484
-275
1024
157
23
741
160
551
135
1023
-424
1197
-319
760
395
289
532
856
-549
1540
-247
275
1201
-574
1415
-604
1296
-137
291
724
43
257
583
196
353
314
723
-206
844
65
463
159
786
10
431
725
-112
856
-111
979
-370
1102
-387
1007
-295
983
-40
426
563
32
398
325
495
4
815
-92
844
-201
729
271
398
-25
1029
-278
794
61
742
-46
574
378
219
311
494
141
230
1065
-882
1703
-767
1060
-126
526
420
207
382
477
261
170
661
-168
875
-207
779
34
385
625
-209
678
440
-164
750
149
340
217
700
-133
542
470
-34
638
450
-44
756
307
79
749
-208
831
-9
288
647
16
327
484
82
568
-128
1119
-725
1099
290
-505
1472
-711
831
353
74
698
-109
995
-542
1233
-355
509
790
-662
1603
-785
956
125
86
533
-23
538
289
-14
989
-503
820
167
75
734
43
548
67
633
40
368
406
245
203
743
-305
1161
-417
670
616
-638
1458
-738
1155
-293
829
-79
523
344
101
618
-21
654
41
447
385
287
106
803
-386
839
-67
532
319
135
623
81
388
250
377
292
304
357
486
-95
890
-356
889
171
199
646
234
196
405
389
71
712
-173
610
606
-674
1495
-550
302
862
-345
656
382
169
242
667
77
250
739
-128
774
-254
1226
-519
756
266
356
-239
1228
-555
756
258
223
118
725
-304
745
214
20
876
-426
1126
-468
981
-196
543
333
136
714
147
112
1043
-488
820
354
-101
840
-81
463
293
98
625
-19
421
364
158
409
243
680
-506
1383
-453
375
900
-506
1040
-274
868
-266
832
88
147
807
-155
668
378
-49
925
-451
980
-158
691
46
493
413
-92
877
-225
679
268
251
391
500
-11
678
196
405
128
658
-112
812
-90
439
533
-282
1021
-377
978
-246
880
-351
1065
-299
662
615
-465
1205
-195
77
1166
-609
743
458
-252
771
-90
526
-30
780
8
147
1018
-547
549
834
-902
1661
-618
598
710
-477
1051
-342
788
-194
848
-115
712
151
292
295
215
473
-110
1041
-386
1051
-503
1032
-152
252
585
212
350
-28
965
-197
61
1253
-766
874
236
-21
653
-98
900
-577
1200
-226
394
330
366
125
498
295
145
713
-200
589
347
105
394
296
339
200
381
320
230
518
-172
1035
-230
245
992
-553
760
449
-406
989
-16
120
590
287
55
747
-259
834
-284
848
-196
725
30
444
386
-66
938
-305
443
499
-332
794
116
213
509
167
227
386
325
261
321
559
-53
636
241
58
538
123
233
543
-69
540
121
142
550
-88
583
25
218
584
-182
527
471
-301
791
431
-593
1479
-541
349
980
-733
1143
-362
603
72
204
512
-152
757
-208
679
-4
342
536
-72
356
449
-55
359
571
31
273
495
-10
585
97
407
407
-192
824
-493
936
-204
606
153
93
780
-520
889
193
-30
379
717
-675
1156
-101
198
478
174
541
-417
1502
-912
990
350
-430
942
-144
266
292
307
6
545
35
456
-71
774
-445
943
-420
937
-371
747
5
26
797
-500
1126
-452
756
146
123
513
188
64
688
-135
159
820
-385
513
394
-31
249
474
40
265
298
210
281
91
481
166
44
635
-88
398
218
211
314
217
98
582
-127
404
410
-239
893
-424
769
-88
602
-175
638
43
56
604
-173
547
125
419
-51
813
-539
950
-236
309
372
60
368
37
445
97
-61
936
-620
877
251
-314
1002
-290
421
411
63
142
797
-702
1371
-549
448
439
-302
991
-703
1095
-365
262
610
-309
625
122
-164
757
-406
874
-154
310
593
-417
732
42
278
147
490
75
215
234
358
-6
591
-209
647
-137
361
223
-208
917
-604
867
109
-73
735
-160
80
786
-623
1024
-290
670
-54
324
556
-622
1268
-585
463
485
-345
781
-43
152
322
111
74
467
-125
533
109
-50
747
33
-556
1758
-1387
1005
504
-626
880
201
-25
89
921
-640
534
663
-639
818
282
-390
670
407
-719
1120
213
-702
1381
-551
307
650
-290
398
417
-107
74
909
-650
593
608
-652
1114
-462
672
-319
516
167
-247
924
-419
584
-85
485
-186
450
273
-9
369
484
-514
1134
-665
870
-215
307
311
-2
454
-98
450
-106
395
-19
332
22
399
36
294
192
188
87
64
424
-149
282
446
-186
528
50
254
-66
507
-14
263
362
-110
608
-323
598
-272
485
22
101
640
-497
834
-188
229
104
501
-383
