8
9
11
11
9
7
5
6
6
7
4
6
10
9
9
10
12
12
11
9
7
11
11
9
8
8
9
8
5
2
4
7
9
9
9
9
12
13
11
11
9
11
15
15
14
13
13
12
11
10
8
9
8
6
6
6
7
7
5
6
9
9
9
9
9
9
8
9
9
8
8
6
7
11
13
12
11
10
11
12
11
11
11
8
6
8
8
10
12
13
12
12
11
12
12
9
6
5
6
8
11
11
10
9
6
9
10
11
10
8
5
4
7
8
10
12
10
10
10
9
11
12
10
9
4
3
1
2
5
8
9
8
6
5
7
5
4
3
6
5
5
8
7
8
7
4
5
4
5
8
7
5
4
5
5
7
7
7
6
6
4
4
4
5
4
6
8
8
8
7
6
4
6
9
6
3
1
2
4
6
6
5
4
2
1
2
4
4
3
2
2
1
0
0
0
2
2
1
1
2
3
5
5
3
2
1
0
2
3
4
4
5
4
6
6
6
6
4
3
1
1
1
1
1
2
2
0
2
2
2
2
1
0
-2
-1
1
2
2
4
3
2
3
5
6
8
5
5
5
6
7
7
6
6
7
7
6
5
3
3
4
5
5
4
4
7
7
8
8
4
5
8
7
6
5
2
2
4
4
6
6
5
5
4
4
6
7
6
6
6
9
9
10
9
7
5
6
7
7
10
11
11
9
5
6
8
8
8
5
1
5
8
6
4
5
7
7
5
5
4
3
2
1
2
3
6
8
7
6
7
5
6
8
6
5
2
1
1
4
4
2
2
2
4
2
1
3
2
4
3
3
7
8
9
6
4
7
8
8
8
5
4
3
2
3
3
4
3
4
4
6
6
4
5
4
4
4
5
7
7
4
4
6
6
5
5
7
7
8
7
5
4
3
6
4
2
4
4
4
6
4
3
3
3
3
5
3
4
6
7
8
9
8
3
1
1
3
8
9
9
9
8
9
9
7
9
7
5
5
4
6
3
3
2
4
8
9
8
8
11
11
11
11
9
7
9
10
10
10
8
7
5
5
3
3
6
6
4
6
6
4
6
7
8
9
9
13
14
13
15
15
14
16
17
16
16
15
12
14
14
14
13
14
13
12
11
10
9
8
9
9
12
13
10
12
12
12
14
12
11
12
10
10
7
6
6
7
6
9
8
7
6
6
6
7
8
7
7
8
9
10
12
12
12
12
11
11
11
12
12
12
12
14
13
14
12
11
13
13
11
10
11
13
13
11
9
7
7
6
6
6
9
10
8
9
8
7
10
10
12
12
11
11
9
11
12
10
11
11
10
9
7
7
9
12
10
9
9
10
9
10
10
9
8
8
6
6
8
12
12
8
7
8
11
13
11
12
12
13
13
12
11
8
7
7
11
11
14
12
12
8
5
4
4
7
10
10
8
7
8
11
11
9
9
9
8
10
10
8
9
10
10
11
9
8
8
9
7
7
8
8
8
6
6
8
12
12
11
11
11
12
13
12
15
15
15
13
9
9
11
15
16
14
9
5
6
7
10
10
8
7
7
5
5
6
7
9
6
5
11
11
12
11
9
10
13
12
12
12
12
9
7
8
9
10
8
5
4
6
7
8
6
7
9
8
7
6
3
6
10
10
10
11
10
8
8
6
5
3
4
6
7
8
9
9
6
6
9
7
10
11
10
10
9
9
10
10
11
10
7
6
8
9
11
10
9
9
10
11
10
8
5
2
2
4
4
4
4
4
4
5
4
3
3
5
6
6
5
5
6
8
9
11
11
9
8
5
6
7
7
7
7
7
4
4
5
3
4
4
4
5
4
0
2
6
7
9
8
7
7
7
6
7
11
13
13
9
9
11
10
10
13
10
9
9
7
4
3
3
5
5
5
7
6
5
5
4
3
7
10
10
8
7
8
8
9
7
5
5
8
7
5
5
5
6
7
7
8
9
10
6
2
2
4
8
10
9
7
4
4
4
5
6
8
7
6
5
3
4
3
3
3
3
5
3
2
1
-2
-1
0
-1
0
0
-1
-2
-1
1
2
2
-1
-2
-3
-1
1
0
-2
-3
-3
-4
-2
-3
-4
-2
-2
-1
0
0
1
-1
-3
-6
-6
-3
-1
-3
-6
-6
-4
-2
1
-1
-2
-3
-4
-3
-3
-7
-6
-5
-4
-4
-6
-7
-5
-3
-4
-4
-3
-5
-5
-7
-11
-8
-7
-8
-7
-7
-6
-5
-8
-7
-7
-9
-10
-12
-13
-12
-10
-12
-11
-7
-8
-10
-9
-10
-12
-12
-14
-13
-12
-13
-12
-10
-8
-6
-5
-8
-7
-8
-10
-10
-10
-13
-13
-13
-12
-10
-10
-11
-9
-7
-10
-11
-13
-12
-12
-14
-13
-11
-13
-11
-9
-11
-11
-13
-15
-15
-12
-12
-13
-14
-14
-14
-15
-16
-14
-11
-11
-12
-14
-14
-15
-14
-15
-14
-16
-15
-14
-14
-13
-11
-11
-9
-6
-6
-9
-8
-10
-12
-13
-11
-9
-7
-4
-6
-10
-12
-11
-12
-12
-10
-12
-12
-10
-12
-12
-11
-12
-10
-8
-8
-8
-12
-14
-14
-12
-7
-8
-10
-10
-12
-10
-7
-8
-9
-10
-9
-9
-12
-12
-12
-10
-11
-9
-9
-10
-8
-4
-2
-1
-2
-2
-2
-3
-4
-4
-4
-2
-2
-4
-3
-4
-4
-5
-7
-7
-7
-6
-6
-4
-4
-4
-6
-7
-8
-7
-5
-3
-3
-3
-3
-1
2
-1
-5
-6
-5
-2
-1
-2
-3
-2
0
-2
-4
-5
-5
-3
-2
-3
-3
-2
-1
1
2
-2
-1
-1
-1
-1
-2
0
-1
-2
-4
-6
-6
-4
-4
-6
-6
-8
-7
-5
-6
-4
-5
-6
-5
-5
-4
-2
0
0
2
0
-1
1
-1
-1
-1
-3
-3
-3
0
0
-2
0
2
3
2
0
-2
-2
-2
-3
-4
-3
0
0
-1
-1
0
1
4
6
4
3
5
5
4
5
7
7
5
3
0
1
2
3
3
3
3
3
5
2
1
2
3
3
4
2
2
4
5
6
6
6
6
6
4
6
7
8
6
5
6
5
6
4
1
1
1
1
0
0
0
2
2
0
2
6
7
8
7
6
5
4
6
5
6
10
8
5
6
6
6
6
7
8
7
3
1
3
5
6
3
-1
0
4
7
8
7
5
7
9
8
8
10
11
8
8
6
8
10
10
8
6
5
6
8
8
7
7
5
2
1
4
6
8
7
6
7
6
6
5
6
9
8
8
8
7
9
11
12
11
9
6
4
5
7
8
6
6
5
1
1
0
1
2
0
-1
2
5
10
8
6
7
9
11
12
10
10
12
12
12
11
10
11
11
10
9
6
3
3
4
5
8
10
11
9
6
5
4
3
4
3
4
7
7
4
6
6
3
4
3
2
3
4
5
6
6
7
6
4
3
4
1
4
4
2
3
3
4
4
5
3
3
3
5
8
9
10
11
8
9
10
8
8
8
8
7
3
4
4
3
3
2
4
5
5
6
4
4
5
5
6
2
2
5
4
4
2
1
2
4
7
8
6
6
4
2
3
5
9
8
6
4
3
4
2
1
3
5
2
2
2
1
-2
-3
-1
2
2
1
1
1
3
4
3
1
3
3
1
1
1
-1
-1
-1
1
3
3
1
-2
-4
-3
-1
1
3
2
0
-2
-2
1
1
-1
-1
-1
0
-1
-2
-2
0
1
0
-1
2
2
1
-2
0
1
1
2
1
4
4
3
1
0
1
1
2
3
3
1
1
1
0
0
-1
2
3
2
1
1
4
5
3
0
1
0
2
3
2
1
0
1
3
4
6
5
2
1
2
4
5
6
2
-1
-1
-2
0
2
3
4
1
-1
-5
-4
-1
0
2
-1
-2
-1
0
2
5
4
5
5
5
4
3
4
5
6
3
4
4
5
5
5
4
4
3
1
2
5
7
7
7
3
5
4
4
6
6
4
4
2
0
2
2
2
1
-2
-3
-1
-2
1
1
1
3
3
3
1
1
2
0
0
-2
-3
-2
-2
1
2
0
-3
-2
-1
0
-1
-1
-1
-2
1
3
3
2
-2
-5
-4
-4
-2
-3
-2
-2
-4
-5
-6
-5
-2
-3
-2
-3
-3
-3
-4
-5
-7
-9
-8
-6
-3
-4
-6
-10
-11
-9
-9
-9
-9
-10
-9
-9
-10
-6
-10
-14
-16
-15
-12
-10
-10
-11
-14
-16
-16
-14
-12
-11
-11
-12
-12
-8
-4
-4
-8
-9
-7
-9
-8
-9
-11
-7
-8
-11
-13
-14
-16
-13
-13
-14
-13
-14
-15
-16
-17
-15
-12
-12
-13
-11
-10
-11
-14
-15
-14
-13
-12
-12
-15
-17
-15
-13
-14
-17
-18
-20
-20
-19
-20
-19
-19
-17
-19
-18
-17
-15
-15
-15
-16
-16
-15
-15
-18
-17
-14
-14
-16
-19
-18
-18
-18
-18
-16
-15
-16
-15
-16
-14
-13
-16
-18
-17
-15
-16
-17
-17
-17
-16
-15
-15
-15
-17
-16
-18
-20
-17
-18
-18
-17
-18
-16
-14
-17
-18
-19
-20
-21
-20
-17
-16
-15
-17
-17
-16
-15
-13
-13
-15
-15
-13
-14
-14
-14
-9
-9
-9
-8
-7
-6
-8
-11
-14
-16
-13
-12
-11
-12
-14
-15
-14
-13
-11
-12
-16
-12
-12
-13
-12
-10
-10
-7
-8
-8
-7
-5
-4
-3
-7
-8
-7
-6
-6
-7
-9
-9
-10
-10
-10
-10
-7
-10
-10
-11
-13
-10
-10
-9
-8
-8
-9
-9
-8
-6
-6
-6
-4
-2
-2
-2
-4
-5
-5
-3
-2
-2
-3
-3
-3
-5
-6
-4
-2
0
-2
-2
0
-2
0
0
0
0
-1
0
0
2
4
1
0
-1
-1
-2
-3
-2
-2
-3
-4
-2
-2
-1
-1
-4
-3
0
1
2
1
-1
-3
-2
-3
-1
0
3
5
4
3
2
-1
-1
1
2
1
2
3
4
6
7
5
5
6
7
6
5
4
5
6
7
6
3
3
1
1
5
6
6
4
4
3
2
4
5
9
11
11
7
6
5
6
9
6
4
3
2
2
2
6
7
4
3
3
6
8
7
4
4
4
6
6
5
5
6
7
7
6
7
6
6
6
4
2
1
3
2
4
6
8
7
2
1
0
1
6
6
5
5
6
7
8
6
7
6
4
2
1
1
3
4
5
5
5
3
2
3
4
5
6
6
7
8
7
3
3
3
3
5
3
2
4
4
4
4
5
3
3
1
3
5
7
7
7
5
4
4
3
2
3
3
4
5
4
4
4
6
6
6
4
4
5
6
4
6
7
8
5
3
4
4
4
4
2
2
1
0
2
2
2
4
2
2
6
7
5
5
5
5
8
9
8
7
7
8
8
5
5
7
5
3
3
2
3
7
6
4
0
0
0
2
3
2
0
3
4
4
5
4
2
2
1
-1
3
4
6
7
6
5
2
2
4
3
3
2
3
7
6
8
6
2
1
0
0
2
5
6
7
7
4
3
4
7
7
7
8
7
7
3
4
4
2
4
5
5
8
8
6
5
2
1
2
1
-1
-3
2
6
9
6
5
7
8
8
6
2
3
5
5
5
2
2
4
3
1
0
2
4
4
1
1
0
0
3
4
3
2
2
-1
0
1
0
1
2
3
4
2
1
0
-1
0
0
0
1
0
0
0
-1
-2
-1
0
1
0
-2
-4
-5
-3
-3
-1
0
3
2
-3
-6
-7
-5
-2
-3
-4
-5
-5
-3
0
2
0
-3
-4
-3
-2
0
2
3
2
0
-1
-2
-1
-3
-4
-3
0
0
0
1
1
2
0
-3
-4
-4
-4
-5
-6
-4
-3
-3
-2
-1
-1
-1
0
-2
-1
-3
-1
-3
-4
-6
-5
-3
-3
-3
-5
-8
-8
-7
-4
-2
-3
-4
-6
-9
-10
-7
-6
-4
-5
-7
-7
-6
-5
-6
-8
-8
-6
-7
-12
-12
-12
-9
-4
-5
-8
-9
-10
-11
-11
-10
-10
-10
-9
-9
-7
-6
-5
-5
-10
-12
-11
-10
-9
-8
-10
-8
-9
-11
-12
-11
-11
-12
-12
-13
-11
-11
-12
-13
-15
-13
-9
-7
-9
-10
-9
-7
-7
-7
-8
-5
-6
-7
-10
-10
-9
-8
-6
-5
-6
-9
-10
-8
-8
-7
-8
-10
-10
-9
-10
-10
-12
-14
-13
-13
-12
-10
-7
-6
-7
-11
-9
-10
-11
-9
-8
-7
-4
-4
-5
-5
-7
-11
-11
-16
-16
-14
-13
-11
-9
-9
-9
-11
-9
-8
-9
-10
-12
-13
-12
-8
-3
-2
-3
-5
-5
-5
-6
-4
-6
-8
-10
-11
-11
-9
-7
-9
-9
-8
-7
-9
-10
-11
-9
-7
-7
-7
-8
-6
-4
-4
-4
-5
-6
-5
-2
-4
-5
-1
0
-1
-3
-4
-5
-2
1
-1
-3
-5
-3
-1
0
-1
-1
-1
0
-2
-3
-3
-2
-1
-3
-2
-3
-3
-1
1
-1
-3
-2
-2
-2
0
2
0
0
2
2
1
-1
-2
-1
-1
0
1
-1
2
2
2
2
3
3
3
4
4
4
5
5
6
5
3
3
4
4
6
9
10
10
10
8
6
3
2
4
8
7
7
9
11
11
9
6
5
6
6
4
3
6
7
7
7
5
5
6
5
4
5
4
5
3
3
4
4
5
6
5
6
8
7
6
5
5
5
8
10
11
9
7
6
8
9
10
12
12
10
8
9
11
12
11
7
7
8
9
9
7
9
10
9
9
9
9
12
13
9
11
14
14
11
11
10
11
14
14
11
9
8
7
9
11
11
11
11
9
5
5
7
6
7
7
11
11
10
10
10
11
12
11
12
15
16
14
11
10
11
11
13
12
8
7
9
11
13
13
12
12
10
11
13
12
14
13
8
9
12
15
14
12
10
9
10
9
7
6
7
11
10
8
8
10
12
9
11
7
8
9
8
9
8
8
6
5
5
6
8
9
8
7
5
6
6
4
3
0
1
2
3
7
6
4
5
3
1
3
4
5
4
3
4
6
7
8
7
6
4
4
5
5
6
5
5
4
3
3
2
4
4
3
2
3
4
5
6
6
9
9
8
5
3
3
4
4
3
2
1
1
0
-1
1
2
0
-1
-3
-3
-2
-4
-3
0
2
3
2
3
3
4
4
2
1
2
2
2
-1
-1
-3
-5
-3
-2
-1
1
1
1
1
1
2
3
3
5
3
3
4
1
-1
-1
1
0
0
0
0
-3
-4
-5
-6
-4
-1
0
0
-2
-5
-6
-6
-5
-7
-6
-6
-4
-4
-7
-7
-2
1
0
-3
-5
-4
-3
-1
-1
0
0
0
-1
-3
-4
-5
-3
-4
-4
-3
-5
-2
-2
-3
-4
-2
-2
1
2
2
1
0
0
0
-2
-2
-2
-2
-2
0
-1
-2
-1
-1
1
0
-1
-1
0
-1
-3
-4
-3
0
0
1
1
0
0
1
0
1
1
1
-2
-4
-3
-4
-3
-3
-5
-4
-2
-2
-1
-3
-2
-1
0
0
-2
-5
-4
-3
0
0
1
1
1
1
0
3
4
5
2
1
3
2
3
2
0
-1
1
3
2
3
2
0
0
1
-2
-4
-6
-7
-6
-2
-2
-4
-5
-3
-4
-5
-1
1
3
3
1
-4
-5
-4
-3
-2
-5
-3
0
0
2
-1
0
0
0
-3
-5
-2
-2
-4
-3
-2
0
2
1
-3
-5
-5
-5
-5
-7
-7
-7
-6
-4
-5
-5
-2
-1
-2
-2
-2
-3
-2
-5
-7
-7
-6
-6
-4
-3
-2
-2
-6
-8
-7
-7
-5
-4
-5
-5
-6
-4
-7
-6
-3
-2
-2
-5
-5
-5
-5
-5
-8
-9
-9
-8
-7
-8
-8
-9
-11
-11
-11
-10
-8
-8
-9
-9
-9
-10
-10
-9
-11
-10
-9
-9
-7
-6
-7
-8
-11
-12
-10
-10
-9
-9
-11
-8
-8
-11
-12
-13
-11
-10
-12
-13
-10
-9
-10
-12
-17
-18
-18
-16
-15
-16
-16
-13
-12
-11
-12
-14
-14
-14
-11
-10
-11
-10
-13
-14
-14
-15
-15
-15
-17
-17
-17
-17
-15
-14
-14
-16
-14
-17
-16
-14
-14
-10
-10
-12
-11
-9
-10
-12
-14
-15
-13
-13
-17
-17
-16
-14
-12
-13
-15
-15
-15
-12
-11
-12
-14
-15
-15
-15
-11
-9
-9
-12
-15
-15
-16
-15
-16
-16
-12
-12
-11
-12
-13
-12
-14
-17
-17
-18
-16
-14
-15
-15
-14
-16
-16
-15
-15
-14
-15
-16
-16
-15
-11
-9
-9
-10
-10
-9
-8
-9
-9
-9
-10
-10
-13
-12
-9
-8
-8
-10
-10
-9
-7
-7
-9
-11
-10
-7
-5
-6
-7
-9
-10
-10
-10
-11
-10
-11
-13
-12
-9
-8
-8
-11
-12
-12
-12
-13
-13
-11
-10
-9
-9
-9
-8
-6
-7
-9
-9
-8
-7
-6
-9
-9
-8
-8
-8
-10
-11
-9
-7
-9
-7
-6
-5
-4
-8
-10
-8
-6
-5
-4
-2
0
1
0
-1
-2
-4
-5
-6
-3
-2
3
2
-2
-6
-6
-2
-2
-2
-2
-5
-3
-3
-3
-2
0
-1
1
1
0
0
1
0
1
2
1
1
1
2
2
2
4
4
2
0
1
3
2
1
0
0
1
1
0
1
3
2
3
3
4
7
7
6
3
2
2
2
5
6
6
5
4
0
2
2
4
7
5
6
7
4
4
4
2
-1
0
3
2
4
3
3
5
4
1
1
1
3
4
2
3
5
4
2
3
3
5
4
1
-2
-2
0
-1
1
-1
-3
-2
-2
0
0
-1
-3
-5
-6
-4
-2
-2
-2
-3
-2
-1
1
0
-1
-2
-1
0
0
-1
-1
-2
-3
-5
-3
0
-1
0
-2
-4
-3
-2
-2
-1
-1
-2
-1
0
1
2
2
4
3
1
0
0
-1
1
3
1
1
-1
-2
-2
0
-2
-3
-4
-3
-1
0
-3
-3
-5
-6
-5
-4
-3
1
-2
-7
-8
-6
-4
-3
-4
-2
2
2
0
-4
-7
-5
-2
-2
-2
-2
-5
-5
-3
-3
-4
-3
-6
-6
-4
-4
-1
-1
-2
-3
-4
-3
-1
-2
-3
-1
-1
1
2
2
1
2
3
2
1
0
0
-1
0
0
-2
-5
-3
-2
-2
0
1
3
2
-1
-2
-3
-2
2
3
1
1
1
0
1
2
0
0
-1
0
2
1
2
1
-1
-2
0
0
-2
0
0
-1
0
1
1
3
5
8
8
5
1
0
0
4
3
2
3
4
2
1
-2
0
0
0
-2
-4
-2
0
4
1
0
0
1
2
1
-1
-3
-1
0
1
3
5
5
2
-1
-3
0
2
4
3
3
3
4
4
0
0
2
3
2
1
1
1
2
-3
-4
-3
-2
1
0
0
0
3
6
4
4
5
3
0
-1
0
2
1
0
-4
-5
-2
0
1
-1
-3
-4
-6
-5
-2
1
2
-1
-5
-3
1
6
6
3
0
-1
0
1
0
0
0
-2
-2
-3
-4
-4
-6
-9
-12
-12
-11
-10
-9
-8
-7
-5
-3
-5
-9
-9
-9
-9
-9
-7
-6
-4
-1
-3
-5
-3
-4
-9
-10
-8
-6
-7
-10
-10
-10
-7
-7
-8
-10
-12
-11
-11
-11
-9
-6
-8
-10
-12
-9
-7
-8
-9
-10
-9
-10
-12
-12
-12
-10
-7
-8
-12
-13
-14
-10
-8
-9
-9
-9
-9
-9
-8
-6
-5
-6
-7
-12
-11
-9
-9
-8
-7
-5
-7
-8
-7
-7
-6
-6
-8
-7
-6
-5
-5
-5
-6
-8
-6
-6
-8
-9
-9
-9
-7
-6
-10
-9
-8
-8
-8
-9
-6
-6
-7
-6
-7
-8
-6
-7
-8
-9
-10
-10
-8
-8
-8
-8
-7
-8
-10
-9
-11
-13
-14
-14
-13
-13
-10
-9
-11
-10
-10
-10
-11
-12
-13
-14
-13
-12
-14
-15
-14
-14
-13
-11
-10
-12
-11
-12
-13
-13
-13
-12
-13
-15
-16
-15
-12
-8
-8
-10
-7
-7
-8
-14
-14
-12
-9
-9
-11
-10
-7
-7
-7
-7
-10
-10
-9
-8
-6
-7
-7
-8
-7
-8
-11
-11
-10
-13
-12
-10
-11
-11
-11
-14
-13
-12
-9
-8
-9
-9
-9
-10
-9
-11
-11
-10
-10
-9
-10
-11
-12
-11
-11
-12
-10
-11
-11
-12
-15
-13
-11
-9
-8
-10
-12
-12
-14
-13
-12
-10
-10
-10
-11
-13
-13
-11
-11
-11
-11
-13
-14
-16
-13
-11
-10
-10
-12
-15
-15
-12
-8
-8
-9
-10
-11
-12
-11
-10
-9
-6
-6
-7
-8
-7
-7
-8
-7
-7
-7
-8
-8
-9
-9
-8
-9
-6
-6
-8
-12
-13
-12
-11
-10
-11
-9
-9
-9
-7
-6
-5
-6
-4
-4
-5
-5
-5
-4
-5
-4
-4
-5
-5
-6
-9
-9
-6
-5
-3
-2
-6
-8
-7
-7
-5
-4
-2
-3
-4
-3
0
1
2
0
1
2
2
4
1
0
1
4
3
1
-1
2
2
1
0
2
2
2
1
-1
0
4
5
4
4
4
5
3
4
5
5
3
0
2
-1
1
2
2
3
3
0
0
1
1
2
1
-1
0
2
3
5
5
4
3
4
4
5
6
5
6
6
4
3
3
4
7
7
7
4
1
2
0
-2
-2
0
3
3
3
2
0
0
2
4
7
8
7
4
6
7
8
11
9
5
1
-1
-2
-1
2
2
0
0
-1
3
4
2
2
1
1
0
-4
-3
-1
2
2
3
4
3
5
2
-2
-4
-2
0
1
2
3
1
2
2
3
6
5
5
4
3
3
3
3
2
0
-1
-1
-1
-1
-3
-3
-4
-2
0
-1
0
-1
0
-2
-2
-2
-2
-2
-3
-2
-2
-1
1
2
-1
-4
-2
0
0
2
1
-3
-5
-6
-6
-5
-2
-1
-4
-5
-8
-8
-7
-7
-6
-5
-6
-7
-7
-8
-7
-5
-5
-3
-5
-4
-3
-6
-7
-10
-9
-10
-11
-8
-7
-5
-4
-5
-8
-10
-12
-14
-10
-9
-7
-5
-9
-9
-11
-11
-9
-7
-6
-6
-6
-7
-9
-10
-10
-10
-10
-10
-8
-8
-9
-8
-8
-6
-6
-12
-14
-14
-13
-9
-7
-8
-9
-11
-12
-12
-12
-14
-13
-11
-10
-7
-6
-9
-10
-11
-13
-12
-10
-9
-11
-11
-13
-13
-10
-8
-7
-11
-12
-11
-11
-11
-8
-7
-6
-8
-11
-12
-15
-12
-9
-11
-10
-9
-12
-12
-10
-11
-11
-10
-11
-13
-15
-15
-14
-12
-11
-10
-11
-12
-15
-16
-16
-15
-17
-16
-14
-15
-15
-16
-17
-15
-11
-10
-8
-8
-13
-15
-17
-17
-16
-17
-19
-17
-17
-16
-14
-13
-11
-11
-10
-10
-9
-9
-9
-13
-12
-10
-9
-10
-13
-12
-12
-12
-10
-8
-7
-10
-13
-14
-15
-13
-13
-12
-12
-12
-9
-7
-5
-6
-8
-10
-10
-11
-9
-6
-5
-5
-8
-12
-10
-8
-10
-12
-12
-12
-10
-8
-10
-12
-12
-13
-11
-11
-8
-5
-3
-1
-4
-8
-10
-10
-12
-12
-11
-9
-7
-6
-10
-11
-9
-9
-8
-11
-12
-10
-11
-10
-10
-12
-10
-9
-9
-8
-10
-13
-11
-11
-9
-9
-11
-12
-12
-13
-10
-9
-7
-6
-9
-12
-11
-10
-11
-10
-11
-9
-7
-9
-10
-9
-11
-10
-13
-14
-15
-15
-14
-13
-13
-14
-14
-14
-16
-14
-15
-17
-19
-19
-17
-18
-18
-19
-18
-16
-16
-18
-18
-20
-17
-17
-17
-17
-17
-20
-21
-20
-21
-19
-18
-19
-20
-18
-20
-22
-20
-16
-14
-16
-17
-17
-18
-19
-16
-14
-15
-14
-12
-13
-12
-11
-12
-13
-14
-16
-18
-15
-12
-12
-14
-15
-15
-12
-9
-10
-12
-16
-16
-15
-13
-13
-12
-11
-11
-11
-12
-11
-11
-12
-13
-11
-9
-8
-8
-9
-10
-10
-9
-10
-11
-10
-9
-10
-11
-10
-8
-10
-13
-15
-14
-12
-9
-8
-9
-12
-15
-16
-13
-10
-8
-9
-9
-9
-9
-8
-8
-8
-7
-6
-7
-9
-8
-8
-7
-9
-8
-8
-9
-8
-10
-12
-12
-12
-13
-11
-9
-10
-9
-7
-7
-9
-9
-9
-9
-8
-7
-4
-6
-7
-7
-8
-5
-4
-4
-4
-6
-7
-7
-6
-7
-10
-11
-9
-9
-5
-2
-2
-1
-5
-4
0
2
4
0
-5
-4
-3
-2
0
-1
0
0
-2
-4
-4
-3
-2
-3
-4
-4
-4
-5
-5
-3
1
5
2
0
-4
-6
-3
0
1
1
0
-1
0
2
3
4
6
3
2
1
-1
0
2
0
1
-3
-4
-2
-2
-2
-2
-2
-2
-4
-3
-3
-4
-3
0
0
0
0
0
1
3
4
5
2
-1
1
1
1
1
-1
-1
0
1
2
-1
-1
1
0
0
1
-2
-3
-1
-1
-2
-3
-5
-5
-2
-3
-4
-4
-1
2
-2
-5
-7
-6
-2
0
0
-1
-2
-1
1
1
-2
-5
-6
-5
-3
-2
-3
-3
0
1
1
2
1
1
-2
-1
-1
-1
3
5
3
2
-3
-6
-3
-2
-2
-4
-3
-3
-2
-2
-2
-3
-4
-4
-4
-4
-4
-4
-4
-5
-2
-3
-4
-3
-3
-3
-1
-2
0
0
-2
0
-1
-2
-1
-1
-2
-2
-2
1
-1
-1
-2
-5
-6
-5
-2
1
-1
-1
0
1
1
-1
-3
-2
-1
2
2
0
-3
-4
-4
-1
1
3
3
0
-5
-7
-5
-1
0
-2
-5
-5
-1
-1
-1
-1
-1
0
-1
-1
-1
-3
-4
-5
-3
-2
-4
-5
-7
-7
-7
-5
-5
-6
-8
-10
-10
-6
-4
-5
-5
-7
-4
-3
-3
-4
-5
-8
-6
-5
-5
-3
-4
-7
-6
-5
-4
-3
-3
-2
-2
-4
-2
-1
-4
-5
-4
-5
-3
-1
-1
0
-1
-5
-6
-6
-6
-6
-7
-7
-3
2
5
3
-1
-1
-2
-4
-3
-5
-4
-3
-5
-6
-4
-2
-3
-4
-6
-7
-5
-4
-5
-4
-7
-5
-2
1
2
-2
-4
-4
-4
-5
-4
-6
-3
-3
-4
-4
-2
0
-3
-6
-6
-6
-4
-3
-4
-7
-7
-4
-7
-7
-9
-8
-6
-8
-8
-7
-7
-8
-10
-12
-10
-7
-7
-7
-7
-5
-4
-5
-7
-9
-10
-9
-9
-7
-6
-9
-8
-8
-7
-5
-7
-10
-12
-12
-10
-9
-8
-8
-8
-9
-12
-13
-11
-10
-10
-11
-12
-13
-16
-16
-13
-10
-6
-7
-11
-11
-11
-11
-11
-9
-9
-10
-10
-9
-8
-9
-9
-9
-7
-7
-6
-8
-8
-7
-5
-6
-8
-9
-7
-5
-7
-10
-11
-12
-12
-11
-11
-12
-11
-11
-11
-12
-12
-11
-12
-10
-8
-7
-6
-5
-6
-7
-8
-9
-10
-8
-6
-6
-8
-6
-5
-7
-9
-9
-8
-10
-13
-17
-16
-11
-5
-6
-7
-8
-7
-7
-7
-7
-6
-7
-10
-14
-14
-10
-8
-9
-13
-15
-14
-9
-9
-9
-11
-11
-11
-13
-12
-13
-11
-10
-9
-10
-10
-8
-9
-10
-10
-10
-11
-13
-13
-11
-11
-10
-7
-5
-3
-7
-12
-15
-15
-11
-9
-7
-7
-8
-9
-10
-10
-9
-8
-10
-13
-15
-15
-11
-7
-6
-8
-10
-10
-10
-8
-4
-2
0
0
-4
-4
-5
-3
-4
-3
0
1
0
-3
-4
-6
-5
-3
-3
-4
-5
-3
-3
-1
1
0
0
-1
1
-2
-5
-4
-3
-2
-2
-3
-3
-1
0
-2
-5
-7
-6
-3
-2
-2
-3
-2
-3
-3
-1
0
0
1
-3
-6
-6
-4
-2
-2
-3
-5
-5
-2
0
0
-2
-5
-4
-2
-1
-2
-3
-3
-4
-6
-8
-8
-7
-6
-8
-11
-11
-9
-6
-5
-9
-12
-11
-12
-10
-8
-8
-4
-4
-6
-9
-11
-9
-7
-5
-7
-8
-11
-11
-10
-8
-6
-7
-8
-10
-10
-7
-6
-5
-3
-5
-6
-9
-9
-6
-3
0
0
-2
-4
-4
-3
-3
-7
-7
-6
-4
-2
-1
-2
-1
1
0
-1
-3
-5
-6
-5
-3
-4
-4
-4
-3
-3
-2
0
-1
-2
-2
-1
-3
-2
-3
-4
-3
-3
-1
-1
-1
-2
-4
-7
-5
-1
1
-1
-3
-3
-2
2
2
3
1
-1
0
-1
1
2
3
2
-3
-2
-1
2
3
3
4
4
1
1
2
2
3
0
-3
-3
-2
-1
-1
1
2
3
3
2
0
2
3
3
3
5
3
3
4
3
3
3
3
2
3
1
2
2
2
2
3
5
5
4
6
9
9
7
5
5
4
4
5
7
8
9
7
8
9
12
11
10
8
4
3
3
4
7
10
10
8
8
5
4
4
3
4
4
4
4
3
6
9
10
10
8
6
4
4
7
8
6
6
6
6
8
8
6
6
6
6
5
3
3
3
2
1
1
1
2
2
2
2
1
0
2
2
1
4
3
2
1
0
1
2
2
0
-2
-4
-2
-1
-1
-1
-1
-3
-1
-3
-4
-2
-1
-2
-2
-5
-3
-1
-2
-2
0
-2
-4
-5
-6
-2
0
0
0
-2
-2
-2
-2
-5
-3
-1
-1
2
-1
-2
-2
-4
-5
-5
-5
-7
-6
-5
-5
-5
-4
-3
-5
-7
-5
-4
-6
-4
-5
-5
-6
-6
-7
-6
-5
-7
-9
-11
-11
-10
-9
-7
-6
-6
-4
-4
-5
-7
-6
-7
-4
-1
-1
-1
-4
-6
-5
-3
-2
-2
-3
-5
-4
-3
0
0
-1
-4
-6
-7
-5
-2
0
-3
-2
-3
-6
-4
-6
-8
-8
-4
-3
-3
-4
-7
-9
-12
-10
-7
-7
-6
-6
-8
-7
-7
-6
-4
-3
-4
-6
-6
-5
-6
-4
-2
-3
-4
-7
-8
-11
-9
-7
-5
-5
-5
-6
-9
-8
-9
-12
-11
-11
-10
-9
-11
-12
-12
-10
-9
-10
-12
-10
-13
-13
-12
-14
-14
-13
-10
-10
-12
-11
-10
-8
-7
-9
-10
-10
-7
-4
-5
-7
-7
-11
-11
-10
-10
-9
-9
-12
-13
-12
-9
-9
-8
-8
-9
-6
-8
-10
-9
-7
-8
-8
-9
-9
-9
-6
-3
-6
-7
-8
-6
-5
-4
-3
-4
-6
-8
-10
-9
-5
-5
-7
-7
-9
-8
-5
-4
-3
-4
-6
-9
-12
-10
-7
-7
-8
-12
-12
-9
-10
-10
-12
-12
-10
-10
-10
-10
-11
-9
-10
-9
-8
-9
-11
-9
-7
-8
-7
-8
-10
-10
-10
-10
-8
-8
-10
-11
-9
-9
-8
-8
-11
-7
-8
-9
-9
-10
-6
-5
-7
-8
-10
-8
-6
-8
-9
-9
-8
-11
-11
-12
-10
-7
-9
-10
-12
-13
-12
-11
-12
-11
-11
-14
-11
-7
-7
-7
-8
-9
-7
-7
-7
-8
-9
-8
-6
-6
-8
-8
-9
-10
-11
-11
-9
-6
-6
-6
-9
-10
-8
-7
-6
-4
-4
-6
-5
-4
-2
-1
-2
-4
-8
-8
-6
-5
-4
-2
-2
-2
-3
-3
-1
-2
-5
-7
-8
-4
0
-1
-1
-2
-2
-3
-3
-5
-5
-4
-4
-5
-7
-7
-8
-9
-9
-9
-6
-6
-6
-8
-7
-9
-10
-9
-8
-6
-5
-3
-3
-4
-6
-6
-7
-6
-2
-5
-4
-3
-3
-5
-5
-6
-5
-2
0
-4
-7
-6
-5
-1
1
-3
-4
-5
-4
-4
-7
-4
-3
-4
-4
-5
-4
-2
-2
-4
-7
-7
-4
-2
-1
-2
-3
-4
-3
-5
-6
-6
-1
-1
-2
-3
-3
-1
-1
-2
-5
-4
-2
-3
-2
-1
-1
0
-1
-2
-2
-3
1
3
1
-1
-3
-4
-3
-1
2
3
2
1
-2
-2
-1
-4
-5
-5
-7
-4
-3
-3
-3
-1
-2
-3
-5
-3
0
0
2
4
4
2
1
-1
1
2
4
4
4
5
5
3
0
0
-2
-2
-4
0
1
2
1
-1
1
0
0
-1
-4
-5
-2
0
4
4
3
3
1
0
0
-1
-3
-3
1
2
4
5
3
1
1
1
3
2
2
2
1
2
3
1
-1
-1
-2
0
1
1
-1
0
0
3
5
5
6
3
4
3
6
5
4
2
4
8
10
6
5
3
1
4
6
7
5
3
2
4
6
7
7
5
7
9
9
10
8
8
7
7
6
6
9
10
10
7
7
5
4
3
2
4
8
9
6
6
6
8
9
9
11
11
9
5
4
8
13
14
13
13
10
8
8
7
6
8
5
2
2
6
6
6
6
4
3
4
6
9
9
9
7
3
4
7
6
6
6
3
3
5
4
6
8
9
8
3
0
1
3
3
5
4
5
8
9
11
9
5
2
1
1
4
6
5
5
4
3
2
3
6
6
4
4
4
5
7
5
2
-1
1
3
3
4
3
1
2
4
4
3
2
2
-1
1
2
1
2
4
4
2
2
3
3
5
5
5
2
-1
-1
1
5
6
3
1
0
-2
-2
-2
-2
-2
-1
-2
-2
-1
-1
-1
0
-1
-1
-1
1
2
1
0
0
0
1
-1
-1
-1
0
-1
0
-2
-6
-8
-8
-6
-4
-4
-3
-4
-4
-1
0
2
0
-3
-3
-5
-5
-2
1
-1
-2
-2
-5
-5
0
0
-1
-3
-4
-5
-6
-5
-6
-8
-7
-6
-6
-6
-4
-4
-2
-2
-4
-5
-6
-5
-4
-1
1
2
1
2
0
-1
-1
-3
-2
0
0
0
-1
-1
-2
0
0
-2
-4
-4
-4
-3
-2
-4
-3
-1
-1
0
0
-4
-4
-3
-1
1
1
0
-3
-3
-4
-3
-1
-1
-2
0
-2
-4
-6
-5
-5
-5
-6
-7
-6
-5
-5
-6
-5
-5
-5
-6
-7
-8
-7
-7
-6
-5
-5
-8
-9
-9
-7
-4
-6
-9
-9
-8
-6
-8
-9
-9
-8
-5
-7
-6
-3
-4
-3
-7
-9
-6
-5
-5
-7
-9
-7
-5
-5
-4
-4
-7
-5
-6
-6
-5
-6
-8
-11
-13
-9
-7
-6
-7
-10
-12
-10
-9
-9
-10
-9
-10
-9
-9
-11
-9
-9
-9
-9
-8
-8
-6
-6
-10
-12
-11
-8
-8
-9
-9
-9
-6
-3
-6
-6
-6
-9
-11
-13
-14
-12
-9
-10
-9
-9
-7
-6
-7
-8
-9
-8
-10
-13
-14
-14
-10
-6
-8
-9
-11
-13
-10
-9
-10
-9
-9
-7
-8
-10
-10
-8
-6
-4
-6
-7
-6
-4
-4
-6
-7
-8
-6
-8
-10
-7
-4
-2
-2
-6
-4
-3
-1
-3
-6
-5
-2
-1
-4
-7
-4
-3
-2
-3
-5
-5
-4
-4
-7
-6
-6
-6
-4
0
2
1
-1
-3
-2
-2
-1
0
0
-2
-2
-2
-2
-4
-5
-4
-4
-4
-3
1
3
1
1
-1
-1
-1
-2
-5
-7
-2
1
1
0
-1
1
0
2
2
0
1
-1
-3
-1
1
3
4
2
1
-2
-2
-3
-2
0
5
3
0
-1
-3
-2
0
1
1
1
2
3
3
3
3
0
0
-3
-4
-3
0
3
3
3
2
4
6
7
5
3
2
1
5
7
8
7
4
3
5
8
7
5
6
4
4
4
5
5
7
7
4
3
5
4
5
2
4
7
5
5
4
3
3
2
1
0
1
3
3
5
5
6
8
4
3
6
7
7
6
6
10
13
13
9
8
6
7
8
8
8
8
9
10
10
10
9
9
10
11
9
9
12
13
13
15
11
11
8
9
12
10
8
6
8
12
13
13
13
14
14
12
13
16
15
14
14
12
15
16
15
11
10
11
12
11
12
12
12
11
12
14
16
14
12
10
9
11
13
12
10
11
11
12
13
13
11
12
12
12
12
11
11
13
11
13
14
15
19
20
20
18
15
16
16
13
11
12
14
17
19
20
17
17
17
14
14
12
13
17
19
18
16
16
17
17
18
18
18
17
16
14
15
19
20
19
16
15
18
20
20
17
16
18
19
22
24
23
22
18
19
17
19
21
22
22
20
19
23
24
25
22
19
20
21
25
24
22
22
22
22
22
20
20
20
20
22
21
24
25
27
28
26
21
21
21
22
25
26
28
25
22
21
21
25
25
25
23
23
22
22
24
25
24
20
17
18
20
22
22
21
20
23
25
25
24
23
21
22
21
22
24
23
21
18
19
19
20
23
19
19
21
24
24
21
17
18
20
22
20
20
19
20
19
17
15
14
15
15
15
16
15
14
14
15
16
16
16
14
13
13
13
15
13
13
15
15
17
18
17
15
13
13
13
13
14
13
13
13
11
12
14
13
12
12
12
12
12
11
12
12
13
15
14
16
16
13
13
11
11
12
10
8
7
9
9
10
12
11
10
9
6
9
10
9
9
10
12
12
11
9
9
9
9
12
10
6
4
3
4
4
4
4
6
8
10
9
7
5
1
0
3
4
5
5
3
2
3
4
3
5
5
2
2
-1
1
2
1
0
-2
-1
2
3
4
3
1
1
3
3
3
3
5
5
5
5
6
7
6
5
4
3
5
4
2
4
6
4
5
5
7
9
9
8
5
3
6
8
9
10
9
10
12
9
6
6
7
10
9
7
5
7
13
13
11
9
9
8
8
9
9
8
11
10
10
10
11
11
7
6
7
8
8
8
6
4
7
6
5
5
6
8
9
9
13
15
12
9
8
10
14
14
12
9
8
9
12
14
13
14
13
13
14
13
15
14
12
11
10
8
7
8
10
11
11
12
12
12
11
10
11
12
9
6
6
8
12
13
12
10
9
9
9
12
12
12
11
11
9
8
10
14
15
13
14
13
11
11
10
11
13
15
14
12
13
14
16
17
15
12
12
12
13
13
14
14
14
12
12
11
11
12
11
11
12
13
14
14
14
14
14
14
14
17
17
14
15
15
16
14
12
11
16
16
16
14
13
13
13
15
15
15
15
14
13
13
15
15
16
17
15
16
16
17
17
17
17
16
15
14
14
14
16
16
14
13
12
9
9
10
12
13
15
17
17
16
14
13
15
17
15
14
16
17
18
15
13
12
13
14
17
18
19
20
18
18
17
18
18
18
20
20
20
22
21
20
20
18
17
18
16
16
18
16
15
16
17
17
18
18
20
18
18
17
16
16
16
16
17
17
17
18
16
16
19
19
18
18
17
17
15
15
18
19
20
20
15
14
13
15
16
17
17
17
18
16
18
18
20
19
18
19
19
19
20
21
24
23
20
20
17
18
20
20
21
21
21
20
22
23
20
20
20
18
20
22
22
22
22
21
22
20
19
19
19
21
23
23
22
24
21
22
22
19
19
21
21
20
19
20
21
20
21
20
17
16
17
18
19
20
20
17
17
17
19
21
23
23
18
18
18
19
21
21
21
21
21
20
20
17
15
15
15
15
17
19
20
18
16
16
15
17
19
18
15
15
14
13
15
16
18
15
14
12
10
11
12
12
10
10
12
10
11
12
9
7
8
8
7
5
3
3
1
2
3
3
5
6
3
2
1
1
4
3
3
4
3
3
2
0
-1
-3
-1
2
1
0
-1
0
-1
-3
-4
-3
-2
-3
-5
-6
-6
-6
-9
-9
-8
-8
-6
-5
-8
-9
-9
-8
-9
-11
-11
-12
-12
-12
-13
-10
-10
-12
-14
-11
-12
-11
-12
-15
-15
-13
-12
-13
-15
-15
-11
-11
-9
-12
-15
-16
-16
-14
-12
-17
-17
-14
-11
-9
-11
-14
-14
-14
-15
-14
-14
-13
-11
-14
-14
-13
-12
-12
-14
-18
-18
-18
-15
-14
-16
-18
-16
-16
-18
-17
-18
-16
-15
-15
-16
-19
-19
-20
-22
-21
-22
-21
-21
-19
-18
-18
-17
-20
-20
-22
-26
-25
-21
-19
-20
-22
-23
-22
-21
-24
-26
-25
-22
-22
-25
-27
-27
-25
-23
-22
-22
-24
-23
-24
-24
-22
-23
-21
-21
-22
-20
-20
-21
-19
-20
-22
-26
-26
-25
-26
-26
-25
-26
-25
-24
-22
-24
-24
-26
-28
-27
-23
-19
-22
-23
-22
-27
-29
-23
-20
-24
-25
-22
-20
-21
-20
-22
-23
-22
-22
-25
-29
-26
-25
-24
-22
-22
-23
-29
-29
-29
-26
-27
-26
-24
-23
-24
-27
-26
-23
-22
-24
-25
-29
-29
-26
-22
-22
-25
-24
-26
-27
-25
-22
-21
-24
-24
-27
-29
-34
-36
-33
-30
-30
-31
-34
-37
-36
-33
-30
-28
-27
-27
-27
-27
-26
-23
-24
-25
-21
-23
-23
-22
-21
-24
-27
-24
-23
-25
-28
-26
-26
-30
-31
-33
-31
-30
-27
-26
-28
-31
-32
-32
-31
-29
-28
-27
-29
-26
-26
-28
-27
-27
-28
-33
-32
-26
-22
-25
-23
-25
-24
-25
-27
-29
-30
-21
-22
-23
-26
-26
-25
-27
-26
-29
-30
-30
-25
-24
-24
-28
-29
-29
-31
-28
-29
-27
-28
-33
-33
-33
-32
-32
-31
-28
-29
-32
-29
-27
-23
-24
-29
-27
-28
-26
-24
-26
-27
-27
-29
-32
-32
-29
-23
-27
-27
-26
-29
-28
-29
-30
-32
-29
-26
-27
-26
-25
-25
-27
-27
-27
-26
-27
-23
-26
-24
-27
-28
-32
-35
-31
-29
-27
-25
-26
-27
-30
-25
-24
-24
-26
-30
-37
-35
-27
-24
-25
-28
-26
-28
-25
-29
-33
-31
-30
-32
-33
-34
-26
-25
-24
-21
-24
-24
-23
-26
-21
-25
-17
-21
-22
-20
-22
-19
-19
-20
-23
-30
-29
-24
-24
-25
-22
-27
-22
-30
-25
-24
-20
-16
-17
-18
-18
-22
-18
-19
-18
-12
-19
-19
-18
-20
-12
-18
-14
-19
-27
-25
-30
-25
-18
-25
-23
-32
-34
-25
-30
-25
-25
-35
-32
-35
-35
-30
-33
-27
-23
-30
-25
-29
-16
-15
-21
-19
-26
-21
-25
-22
-21
-19
-19
-15
-18
-17
-15
-16
-16
-16
-22
-19
-22
-16
-16
-15
-17
-16
-16
-10
-16
-19
-14
-18
-19
-18
-19
-11
-16
-21
-12
-25
-16
-22
-24
-17
-17
-20
-15
-24
-17
-19
-23
-17
-18
-25
-8
-27
-5
-11
-22
-8
-24
-13
-10
-22
-8
-13
-9
-5
-14
-12
-11
-4
-4
-4
-19
-2
-15
1
-12
-14
-8
-13
-10
-11
-15
-8
-9
-10
-15
-13
-11
-2
-10
-12
-13
-9
-5
-12
-13
-10
-13
-7
-11
-13
-11
-9
-5
-2
-12
-4
-4
-7
-1
-9
-3
6
-9
4
-5
-7
5
-9
2
-2
-11
0
-5
-5
0
-7
1
-2
-10
-11
-8
-11
3
-17
-5
-10
-5
-4
-15
-16
-7
-3
-9
-12
-15
-10
-5
-15
-13
-17
-16
-5
-16
-6
-12
-4
-4
-1
-8
4
2
12
9
7
5
9
7
9
9
8
11
11
14
5
12
9
9
9
3
13
13
9
11
9
11
10
10
19
13
13
15
1
6
6
3
14
3
11
10
6
7
9
-8
11
-6
0
5
-7
6
4
-9
3
-15
-8
0
-17
6
-13
-8
-6
-21
-15
-6
-20
-15
-19
-29
0
-27
-9
-14
-15
-14
-15
-22
-7
-12
-6
-3
-16
-3
-6
-2
-3
1
-5
13
-2
16
12
18
22
26
20
31
24
41
35
46
36
53
43
51
54
51
68
53
62
57
63
62
77
55
77
64
72
77
63
75
76
62
64
61
54
67
47
49
53
34
47
31
37
35
18
21
7
-5
-2
-13
-24
-18
-43
-52
-52
-76
-70
-90
-112
-112
-124
-137
-147
-167
-158
-162
-192
-189
-210
-202
-209
-231
-224
-219
-221
-212
-220
-221
-195
-201
-182
-181
-175
-135
-126
-111
-88
-63
-32
-9
1
54
79
107
137
158
198
228
255
287
322
333
377
390
412
440
448
468
478
466
498
488
478
494
464
473
443
421
417
380
343
338
271
253
194
130
114
42
5
-33
-116
-158
-218
-281
-305
-378
-440
-464
-556
-591
-633
-709
-688
-795
-800
-809
-812
-860
-875
-919
-827
-800
-739
-722
-750
-696
-644
-525
-475
-414
-378
-251
-250
-181
-123
7
106
148
163
209
273
337
400
434
484
487
500
496
510
538
577
561
539
485
473
465
455
437
421
377
328
295
268
273
255
225
221
177
153
147
147
175
162
135
144
161
165
193
181
234
258
265
270
292
309
366
360
369
380
366
371
346
322
336
305
254
183
131
96
63
-15
-111
-139
-268
-294
-450
-489
-587
-650
-753
-816
-925
-867
-931
-1000
-989
-1016
-929
-1015
-1058
-996
-805
-838
-775
-837
-679
-540
-529
-497
-359
-238
-149
-117
-114
73
157
241
286
297
369
471
470
523
565
614
680
631
592
660
679
684
651
599
633
618
551
538
511
501
482
402
368
356
328
309
270
236
225
214
175
177
158
188
194
185
171
200
242
274
284
278
340
363
367
386
389
441
426
410
377
366
326
301
247
259
156
91
22
-82
-70
-218
-277
-368
-458
-553
-633
-840
-794
-895
-1028
-941
-1069
-1129
-1044
-1112
-1125
-1063
-1185
-1019
-914
-964
-946
-895
-751
-598
-641
-582
-370
-330
-228
-188
-138
87
182
163
271
312
386
539
487
539
674
665
728
709
661
808
820
742
769
728
728
758
621
635
674
604
561
494
424
480
447
322
342
274
253
268
170
194
227
181
186
166
146
234
232
224
267
266
328
348
331
380
450
448
438
436
472
505
491
424
436
415
318
296
227
227
114
75
-51
-171
-188
-182
-463
-437
-570
-665
-756
-958
-800
-1128
-1080
-939
-1179
-1300
-968
-1210
-1208
-1119
-1316
-921
-1017
-1048
-960
-943
-765
-623
-729
-577
-317
-369
-204
-201
-169
202
217
176
325
383
480
595
524
638
847
721
819
781
762
939
901
813
875
846
796
861
699
779
801
677
664
586
562
601
580
517
484
442
381
438
387
369
388
366
322
346
303
358
395
328
389
350
329
399
376
418
462
388
385
389
375
412
350
296
277
236
208
49
56
161
-167
-137
-174
-350
-266
-408
-528
-697
-674
-712
-1002
-1006
-1127
-1117
-1192
-1162
-1289
-1248
-1250
-1247
-1326
-1458
-1070
-1068
-1085
-1166
-1062
-839
-748
-774
-629
-396
-324
-240
-262
-127
180
263
311
349
414
575
645
647
745
928
896
935
855
907
1042
1036
1027
991
952
962
983
879
912
934
911
845
749
696
772
762
687
648
588
547
551
469
505
513
482
441
377
361
400
441
399
386
342
356
382
350
410
415
438
338
377
377
354
355
389
263
127
353
14
187
98
64
-136
-88
-156
-286
-396
-381
-495
-878
-550
-982
-1141
-963
-1320
-1376
-1181
-1527
-1315
-1281
-1434
-1449
-1567
-1521
-999
-1248
-1300
-1159
-1125
-855
-848
-877
-604
-219
-329
-340
-213
-105
387
358
270
491
614
595
755
698
921
1202
983
979
1049
993
1236
1196
1097
1179
1139
1042
1119
961
1113
1177
1013
926
914
911
934
866
757
786
767
639
590
597
620
641
519
453
454
469
472
472
351
478
398
377
442
324
500
467
367
337
419
386
420
369
353
245
350
321
34
185
192
-68
-11
-123
-311
-315
-356
-761
-463
-1119
-806
-1221
-1278
-1338
-1476
-1339
-1715
-1309
-1550
-1435
-1566
-1805
-1494
-1027
-1320
-1375
-1141
-1108
-861
-722
-911
-375
-136
-131
-161
-114
229
586
622
526
802
849
962
1011
967
1365
1466
1566
1166
1359
1253
1670
1690
1330
1426
1419
1398
1342
1213
1217
1589
1213
1003
1087
820
1153
1015
725
854
680
538
650
419
488
691
350
305
329
267
479
379
312
286
438
290
257
385
425
380
519
294
279
506
538
368
279
423
116
215
208
-56
95
-154
-227
-554
-418
-633
-915
-636
-1606
-1133
-1434
-1622
-1723
-1912
-2213
-1682
-1997
-1804
-1870
-2097
-2292
-1903
-1417
-1658
-1587
-1592
-1375
-1024
-1024
-1226
-578
-189
-101
-182
-315
58
739
729
784
715
964
1076
1174
1175
1388
1591
1672
1492
1405
1364
1492
1773
1613
1387
1364
1215
1320
1216
1099
1144
1195
907
785
577
648
787
706
411
326
292
304
354
227
244
324
294
130
211
208
414
491
259
387
393
421
563
529
579
741
467
607
630
366
546
545
368
60
230
-147
29
-284
-244
-727
-644
-1116
-1157
-1084
-1972
-1474
-2212
-2284
-2349
-2291
-2877
-2253
-2490
-2131
-2341
-2898
-2791
-1708
-1954
-1689
-1765
-1925
-1152
-735
-1301
-703
-97
131
492
96
20
1173
1550
1242
1513
1311
1666
2296
1718
1806
2280
2292
2361
2188
1620
2098
2316
1956
1921
1550
1508
1670
1396
1042
1178
993
1037
828
420
373
621
435
403
121
129
171
257
168
192
150
455
364
360
420
501
730
822
705
836
917
914
1237
963
1247
1241
1257
1034
989
816
624
901
383
270
-46
-94
-550
-751
-1071
-1054
-1862
-1859
-2305
-3008
-2439
-3555
-3443
-3652
-3690
-3916
-3204
-3746
-3641
-3680
-4078
-2956
-2548
-2836
-2411
-2640
-2067
-1255
-1266
-1337
-234
-60
288
543
31
897
1743
1693
2093
2005
1851
2493
2687
2502
3008
2808
2806
2970
2496
2575
2875
2746
2883
2591
2273
2195
2000
1692
1561
1209
918
636
339
268
234
145
31
-169
-315
-181
-203
-82
24
113
327
420
414
676
954
1072
1234
1200
1167
1381
1284
1497
1522
1397
1300
1205
1004
792
698
565
340
311
-479
-111
-944
-770
-1293
-1605
-2039
-2481
-2493
-3060
-2821
-3587
-2772
-3634
-2627
-2734
-3093
-3199
-3192
-2003
-1222
-1108
-1324
-1065
79
650
940
969
2186
2924
3103
2735
2699
3806
4828
4697
4345
4219
4250
4587
4554
4166
4421
4031
3629
3380
2772
2475
2565
2256
2171
1515
773
667
914
1135
926
550
391
677
896
773
849
869
1191
940
857
724
1000
1601
1745
1774
1803
1853
2224
2739
2657
3179
3009
3042
3026
2773
2840
2697
2545
1999
1570
1084
599
643
5
-724
-976
-1800
-2202
-2931
-3234
-3914
-4329
-5062
-5835
-6191
-6292
-6308
-6334
-6372
-6053
-5423
-5772
-5883
-5494
-4020
-2576
-2345
-2366
-2046
-654
599
1282
1779
3159
4011
4209
4220
3937
5462
6131
6084
5686
5113
4813
4915
4485
4098
4019
3044
2511
1745
738
330
20
-365
-872
-1634
-2709
-2779
-2787
-2914
-2993
-3506
-3532
-3113
-3004
-2971
-2632
-2111
-1365
-853
-880
-323
482
1446
1942
2318
2363
3025
3343
3779
3768
3871
3842
3801
3711
3139
2912
2496
1971
1642
671
228
-682
-842
-2304
-2621
-3678
-4652
-4933
-6204
-7164
-7096
-8679
-8263
-8761
-8510
-8179
-7750
-7873
-6134
-5289
-5100
-4397
-4218
-1927
-55
465
474
1335
2783
4569
5354
5274
6016
6946
7513
7805
7221
6950
7309
7230
6759
5840
4343
3706
3185
2354
1498
109
-1073
-1800
-2556
-3545
-4190
-4965
-5188
-5445
-5741
-5914
-5651
-5507
-4875
-4623
-3783
-3059
-2011
-1168
-144
931
1845
2868
3848
4795
5819
6291
6520
7025
6954
7304
7041
6601
6332
5523
4931
4243
3510
2584
1588
581
-321
-1292
-2106
-3425
-4033
-5394
-6175
-6988
-8088
-8796
-9200
-10539
-10332
-11106
-11441
-10419
-10632
-9867
-8745
-8467
-6344
-4266
-4330
-2750
-2580
-478
2529
3622
3799
4567
5684
7413
8491
7994
8239
9157
9288
8925
7465
5897
5625
5370
4430
2831
559
-1087
-1961
-2888
-3839
-5038
-6246
-6958
-7422
-7890
-7991
-8013
-7377
-6533
-5740
-5232
-4486
-3641
-1952
2
1822
2872
3898
4595
6315
8320
8986
9618
9290
9080
9509
8939
8262
7712
6813
6327
5347
3758
2658
1823
1267
673
-497
-1896
-3109
-3920
-4516
-4963
-5411
-6091
-6615
-7182
-8051
-8440
-8743
-8392
-7951
-8340
-8817
-8827
-7784
-6743
-5527
-4626
-3393
303
934
1667
1432
1532
5629
8061
8600
8696
7707
8480
9838
9685
9562
9258
8426
7548
6314
4440
2937
2338
1050
333
-1200
-3411
-4897
-5839
-6329
-5998
-6366
-6777
-6583
-6433
-5943
-5071
-3890
-2433
-1182
-190
666
2541
3986
5354
7009
8388
9694
10186
9862
9671
10400
10336
10168
9004
7290
6654
5795
4929
3937
2533
1643
966
-70
-868
-1476
-1746
-1738
-2043
-2505
-3189
-3825
-4369
-4215
-4136
-3538
-4220
-4777
-5911
-6431
-5647
-5850
-5775
-6478
-7126
-5920
-5496
-4473
-3283
-2144
627
1314
1781
1252
2224
5062
7086
8159
7695
6935
7331
7377
7322
7256
6810
6483
5366
3399
1728
307
-222
-978
-1722
-2996
-4237
-5442
-6180
-6307
-5704
-5146
-4634
-4148
-3634
-2591
-1553
-545
664
1878
3244
4647
5634
6287
6933
7666
8417
9122
8821
8328
7798
7337
6784
5975
4900
4141
3536
2838
2003
1206
380
148
-205
-390
-602
-894
-792
-869
-955
-1197
-1612
-1946
-2100
-2351
-2474
-2670
-4018
-4066
-5576
-4862
-5827
-6353
-7226
-8244
-7551
-6929
-5581
-3906
-2735
-825
-113
569
1083
2732
5085
7313
8020
8054
7268
7622
7587
8002
8039
7293
6282
4696
2964
1469
70
-942
-1756
-2603
-3699
-4928
-5980
-6577
-6405
-5574
-4710
-3710
-3151
-2353
-1417
111
1326
2618
3904
5224
6207
7444
8130
8252
8356
8501
8571
8628
7915
6949
5604
4690
3732
2835
2415
1720
971
597
-93
-582
-822
-777
-218
59
285
31
-172
-261
-328
-411
-965
-1191
-1506
-1497
-2956
-3431
-5121
-5441
-6029
-7277
-7617
-8361
-8020
-7902
-5880
-4683
-1907
-285
-575
927
1697
4334
6895
7206
8049
8737
8690
8681
7815
7401
7555
6829
5608
3481
1742
-245
-1395
-2297
-3457
-4181
-5361
-5971
-6182
-6257
-6024
-5001
-3900
-2161
-611
493
1606
2780
4122
5621
7032
7651
8917
9245
9311
8779
7809
7571
7239
6454
5603
4019
2575
1358
370
94
-205
-339
-469
-503
-669
-649
-311
450
1269
2144
2477
2529
2393
2039
2036
1550
1331
95
100
-1354
-2004
-3451
-5779
-6522
-8282
-8731
-9685
-9523
-9658
-7939
-6854
-5154
-1512
-675
1428
1992
2732
6675
8428
9772
10410
9926
10331
9869
8847
8190
7501
6252
4601
2462
-19
-2090
-3439
-4825
-5318
-6045
-6852
-6966
-7264
-6624
-5351
-3907
-2243
-216
1634
3400
4764
5618
7177
8398
9308
9780
9950
9957
9426
8515
7433
6503
5405
4096
2952
1716
458
-664
-1398
-1533
-1223
-1102
-630
-362
29
575
1167
2292
3306
4030
4427
4538
4106
3827
3145
2494
2082
394
-44
-1592
-2981
-4693
-6814
-8487
-9302
-11145
-11162
-11476
-10189
-8841
-6749
-4362
-691
1501
3558
4583
6363
8957
11552
12775
13137
12636
11265
10058
8756
7629
6645
4579
2053
-711
-3203
-4997
-6253
-7479
-7929
-8254
-7783
-7395
-6593
-5611
-3698
-1682
938
3447
5903
7414
8591
9338
10155
10477
10701
10746
10770
10017
8043
5659
4045
2684
2015
1242
163
-1006
-2092
-2915
-2955
-2460
-1528
-204
1068
2122
2578
3307
4122
5227
6397
6977
6994
6788
5881
5181
4046
2646
1316
-119
-1300
-2088
-4265
-6446
-9647
-11515
-12122
-12590
-11916
-12499
-11115
-9387
-7108
-3119
551
4184
7930
9080
9744
12084
13997
15342
15785
13974
12849
11491
8584
6332
3486
1229
-832
-3509
-5628
-7550
-9499
-10317
-10732
-10105
-8350
-6861
-5050
-2858
-574
2201
4886
7284
9730
11866
13227
13835
13493
12805
11680
10316
8855
7329
5557
3360
1025
-855
-2291
-3177
-3833
-4074
-3992
-3896
-3329
-2121
-591
1448
3289
5001
6584
7738
8722
9460
9748
9716
9359
8987
8175
6667
4931
2857
1347
-499
-2411
-4089
-5872
-7639
-9465
-11457
-12947
-13045
-13385
-12081
-11910
-10485
-7128
-4025
474
3858
8043
12099
13834
13566
14157
15049
16804
16718
15062
12852
9907
6499
3422
691
-1586
-3795
-6050
-7694
-9452
-10556
-11140
-10719
-9126
-6839
-3986
-1316
1073
3618
6047
8567
11044
12932
14766
15721
15299
14196
12518
10432
8333
6105
4697
3118
649
-1881
-4185
-5182
-5459
-5506
-4810
-3698
-2845
-1449
-159
1962
4365
6198
8585
10432
11522
12161
11751
11379
10965
9745
9134
8047
6376
4577
2137
-7
-1856
-4015
-5414
-6587
-8117
-9133
-11307
-12444
-12710
-12780
-10988
-10403
-8657
-6680
-4360
-429
2772
6317
11662
14035
15993
14916
13622
15100
14974
14544
13120
9585
7298
3509
-32
-1740
-4641
-6160
-7514
-8892
-9028
-9664
-9672
-8574
-6855
-4021
-952
1864
4465
6648
9012
10851
12650
13774
14497
14854
13703
12376
10238
7766
5446
2949
1332
47
-1904
-3850
-5623
-6317
-6061
-5251
-3682
-2016
-567
855
2824
5086
7521
9087
10701
12004
12675
12900
12220
11260
10122
8585
7492
6358
4640
2828
519
-1319
-3103
-4766
-6315
-7207
-8440
-9258
-9983
-11452
-10879
-10855
-9274
-7825
-7420
-6350
-4010
-1294
3097
6127
9499
13560
14569
15023
12991
12440
13263
12954
11992
9825
6267
3642
-75
-2656
-4252
-6111
-6789
-7519
-8104
-8307
-8338
-7867
-6174
-3955
-745
2286
4927
6872
8693
10177
11404
12489
13264
13669
13039
11415
9466
7104
4592
2326
465
-406
-1628
-3097
-4586
-5500
-5434
-4889
-3388
-1664
357
2083
3681
5526
7195
8781
10060
11281
12204
12366
11983
10919
9447
7969
6371
5418
4218
2672
1085
-727
-2449
-4145
-5733
-6629
-7050
-7693
-8449
-9022
-9628
-9491
-8991
-7680
-7122
-5423
-5381
-2286
-240
2895
5922
9797
13396
14564
13582
11366
11389
11810
11642
10264
8032
4861
2617
-914
-3011
-5009
-6691
-6697
-6984
-7069
-7228
-7783
-6944
-5190
-3041
755
3464
5794
7664
8735
10302
11414
12037
12804
12825
11864
10419
8427
5974
3352
641
-568
-1216
-2138
-3268
-4640
-5199
-5246
-4730
-3183
-1146
792
2764
4534
6270
7789
8783
10091
11264
11927
12124
11644
10617
8969
7002
5602
4585
3531
2221
828
-435
-2019
-3660
-5140
-5843
-6244
-6658
-7116
-7643
-8222
-8466
-7865
-7091
-5718
-5438
-4752
-3680
-2382
294
3131
6070
10603
12306
13255
11833
9191
10173
9921
9882
9195
6091
4471
1639
-1783
-3304
-5681
-6144
-5939
-6321
-5837
-6349
-6536
-5532
-4169
-1602
1589
4056
6433
7856
8785
9895
10494
10894
11684
11395
10679
9216
6950
4842
2093
-164
-1379
-2389
-2569
-3245
-4121
-4444
-5176
-4183
-2624
-700
1786
3381
5252
7128
8019
9344
10000
10908
11514
11390
11070
9937
8219
6442
4734
3766
2629
1721
673
-404
-1544
-2825
-4208
-4942
-5749
-5648
-6026
-6147
-6756
-6979
-7200
-6035
-5753
-4443
-4151
-4483
-3119
-2049
996
3776
5641
9846
11396
12168
10559
8188
9343
9075
8917
8183
5281
3965
814
-1830
-3076
-5341
-5472
-5395
-5550
-5011
-5755
-5362
-4440
-3337
-769
1811
4142
6294
7398
8823
9596
9793
10362
10949
10703
9821
8272
6502
4415
1778
-240
-1511
-2425
-2785
-2793
-3481
-3590
-4305
-3611
-2122
-731
1397
3358
5121
7049
7899
8928
9862
10350
10841
10998
10623
9851
8250
6507
5096
3676
2522
1601
673
17
-1068
-2047
-3302
-4112
-4919
-4892
-5076
-5420
-5372
-5871
-5649
-6077
-5153
-4654
-3481
-3236
-3913
-2757
-2633
432
3430
5878
9903
10543
10475
9669
7450
8732
8262
7700
7632
5101
3924
1281
-1760
-3045
-4907
-4860
-4475
-4639
-4480
-4720
-4479
-3944
-2721
-617
1664
4059
5732
7386
8689
8925
9372
9457
9897
9791
8896
7808
5952
3821
1684
-291
-1599
-2358
-2787
-2576
-2870
-3084
-3167
-2717
-1778
-368
1240
3390
5411
7066
8250
8842
9415
9881
10115
10305
9925
8975
7857
5935
4542
2972
1788
1059
247
-192
-860
-1751
-2697
-3885
-4083
-4364
-4059
-3961
-4247
-4183
-4362
-4331
-4264
-3970
-3844
-3066
-2939
-2996
-2911
-2033
206
2356
5912
8057
9502
9248
6883
7153
7243
6925
7579
5861
4833
3652
826
-337
-2584
-3915
-3471
-3709
-3290
-3222
-3565
-3052
-3106
-2335
-347
1091
2976
4790
6144
7123
7431
7238
8038
7958
7762
7451
6522
5378
3597
1944
584
-571
-1151
-1016
-1174
-1064
-1573
-1609
-1241
-877
277
1580
2749
4338
5628
6649
7271
7330
7620
7904
7847
7814
7059
6256
5036
3811
3040
2097
1618
1269
1016
833
298
-531
-1374
-1928
-2077
-2166
-2371
-2806
-3247
-3666
-4140
-4365
-4418
-4387
-4514
-4906
-4301
-5495
-4718
-4105
-2364
609
3669
6423
8957
7460
6747
7510
7044
8385
7999
7511
7302
5215
3731
2170
-1127
-2118
-2890
-2581
-2319
-3545
-3424
-3592
-4446
-3864
-3203
-2158
-263
1437
3985
5280
5474
5918
6675
7509
7945
8440
8555
7682
6666
5422
3964
2395
1241
965
798
336
-501
-976
-1653
-2008
-1613
-942
-101
743
1999
3360
4162
4785
4988
5925
6455
7314
7994
7798
7400
6811
6081
5634
4780
4143
4159
3259
2963
1319
-281
-1517
-2718
-3233
-3480
-4695
-4725
-5710
-5816
-6278
-6686
-6315
-5268
-4999
-4099
-4193
-4462
-3095
-3975
-963
-527
2943
7681
8715
9639
7645
7120
8032
7188
7568
7284
5481
5443
3859
1671
-1120
-4166
-3781
-3078
-3637
-3338
-3827
-3824
-3689
-3943
-2891
-2693
-1243
1509
3706
5409
5595
6244
7097
7172
8109
8364
8103
7289
6297
5707
3989
2422
1116
358
-124
-730
-943
-1543
-2139
-2166
-1896
-1251
-736
330
2072
3411
4447
5079
5770
6313
7113
7929
8334
8311
7853
7616
7020
5935
4764
3965
3336
2492
1718
610
-785
-1722
-2473
-3009
-3679
-4491
-4667
-4876
-5412
-5501
-6023
-5665
-5174
-4475
-4081
-3691
-3556
-2839
-2553
-2058
-451
23
2487
5000
7097
8364
6973
6543
6516
5558
6190
5686
4847
4218
2770
2124
-147
-1886
-2552
-2408
-1804
-1723
-1739
-1802
-1933
-1075
-624
-224
126
929
2799
3868
4665
4986
4929
5155
5325
5544
5415
5204
4785
4898
4472
3272
2512
1284
1101
1018
796
884
699
676
1158
1378
1466
1654
2448
3375
4069
5016
5111
5510
5351
5572
6049
5864
5783
5527
5334
4863
4113
3687
3128
2660
2420
1831
1251
470
-14
-456
-981
-1512
-1947
-2415
-2931
-3293
-3609
-4179
-3979
-4820
-4692
-5088
-4953
-4106
-4064
-3160
-3194
-2466
-1846
-166
1614
3289
4901
5515
5976
6485
5902
6540
5733
5440
5560
4294
4075
2612
1324
613
-579
-893
-1221
-1472
-1353
-870
-869
-819
-710
-649
16
106
1264
2342
2948
3325
3850
4410
4668
5320
5311
5472
4944
4489
4743
3576
2991
2793
2120
1950
1646
1567
1497
1238
1507
1361
1286
1522
1807
2775
2850
3461
3705
3911
4233
4291
5131
4854
5283
5719
5599
5917
5695
5893
5606
5056
4588
3921
3786
3237
3295
2739
2045
1548
712
225
-181
-424
-466
-596
-669
-947
-976
-1077
-1023
-626
-310
96
353
382
1170
1572
2348
3022
3672
4859
5379
6543
5916
6359
5503
6064
5475
4993
6077
4944
5814
5201
5436
5357
4657
5590
4783
5003
4465
4373
4666
4250
4392
4173
4284
4646
4582
5379
5359
5779
6182
6479
6601
6627
6792
7177
6945
6848
6729
6285
6577
6897
7148
6652
5919
5473
4975
5210
5056
5223
5504
5586
5692
5280
5040
4470
4630
6057
6882
7369
6993
7017
6924
7163
7310
7614
7769
6775
6222
6237
6476
6419
6626
6375
6636
6893
6074
6330
6193
5318
4919
5066
4704
5704
6623
5821
4458
2865
3078
4678
6472
7710
8262
7413
5830
4941
4596
3410
2051
1602
922
1459
2422
3355
4532
3630
4754
4190
3938
3698
3045
3400
1690
2821
1744
1299
699
-346
-702
-2741
-2476
-2634
-2590
-2626
-2381
-1658
-2121
-1483
-1360
-856
-67
308
66
-697
644
236
-784
-849
-486
98
510
134
858
930
4842
5075
801
2598
3960
2304
735
-100
-877
-1057
-901
-706
-778
-643
-561
-1537
-1167
-279
-35
1212
2628
3916
6474
7002
5712
6681
6565
5966
5023
4967
3497
1558
1048
-1047
-1801
-1225
-2249
-1918
-798
-2081
-1356
-627
-1434
-1216
-679
-258
-443
-436
-253
-1579
-2696
-3232
-5076
-5361
-6517
-6950
-6536
-6180
-6663
-6437
-6576
-7088
-7689
-7782
-7555
-8781
-8817
-8920
-9580
-9821
-10129
-10792
-10508
-10357
-10160
-9308
-8874
-8166
-7442
-6576
-6185
-5740
-5572
-5476
-5276
-6014
-6553
-6672
-6738
-5982
-5982
-5595
-5070
-4913
-4220
-4328
-4106
-4050
-4097
-3677
-2996
-2337
-2409
-2297
-1241
-1907
-1478
-913
-383
-381
163
806
262
1317
1120
1396
1749
1626
1124
1817
1190
1001
819
841
518
414
996
831
659
1486
183
1221
513
270
941
147
917
284
760
487
1283
673
924
1474
1075
1708
748
1579
918
450
1284
537
396
-46
519
-320
-119
-403
-536
-242
-1967
-116
-1274
-1353
-273
-2380
-345
-2182
-744
-970
-1782
174
-2381
842
-1797
937
-953
-636
435
-1907
421
-1244
-1041
-1100
-1138
-1016
-1776
-623
-1454
-940
-893
-1281
-872
-1239
-1013
-2081
-82
-2390
-342
-1232
-1352
160
-2556
561
-1129
-980
-677
-620
-1723
-1099
-1720
-2596
-42
-2486
-1039
-927
-1915
-1609
-1949
-958
-2166
-642
-1211
-1405
389
-1450
32
283
-432
248
837
531
844
615
1295
214
1518
678
142
2192
-888
974
98
191
399
-166
1301
-922
176
736
-933
1309
-795
479
0
-174
81
-374
1252
-1264
1155
980
-292
888
473
-152
771
-636
-29
840
-1622
86
-90
-1735
532
-1016
-1383
-98
-1594
-524
-765
-773
-1755
-125
-954
-646
251
-1280
227
669
-1124
728
-923
-784
277
-1064
335
-561
-1135
115
-1175
-1067
-2089
-882
-1995
-804
-1133
-1842
-581
-1973
-1299
-716
-1565
-1122
-257
-607
-1565
739
-837
-742
368
-71
-875
133
129
-1071
932
-645
-727
-441
-553
-708
-1092
602
-2057
-31
-349
-1402
152
-771
-24
-1173
1685
-2105
719
1356
-2149
2235
-547
343
-273
1749
-860
244
2415
-2201
1616
-47
-938
167
-621
157
-1099
855
-1164
-159
70
-1381
555
-526
-523
628
-51
-735
1710
-646
262
578
701
666
-539
2751
-813
527
1396
-887
1216
-687
1191
-1522
861
-268
-1728
2292
-2319
794
-383
179
117
1055
788
379
909
1075
-1027
2584
-63
825
1243
1348
369
237
1787
-804
2255
-704
1275
-195
121
647
-195
-87
374
-519
-409
1294
-745
856
598
436
-262
2060
-1138
1929
425
403
1808
-637
2141
-344
921
1346
-328
1463
208
675
866
377
693
411
919
492
23
2082
-1284
2875
-1537
2855
-325
1291
1886
-971
3600
-653
1161
2837
-1043
2498
788
659
904
1672
166
1053
3128
-2200
3991
-705
1148
685
1875
-543
1717
840
725
1580
2006
-186
3473
-336
2251
1703
825
2083
1596
1673
1223
2158
1094
917
2288
-177
3243
-1155
3620
-489
2456
444
1786
1130
-221
3325
-871
3108
1062
1925
956
3156
635
1984
4241
-598
4073
2038
846
2663
2086
60
2882
972
432
1638
694
488
598
1719
-741
1248
401
-534
2038
-1535
1638
94
59
1060
-283
1247
-376
806
194
-643
566
-364
162
-1474
736
-2071
-740
-252
-1435
-2435
428
-3280
-950
-1309
-1686
-926
-1240
-66
-1423
398
-911
-749
77
-1964
-1159
-1117
-2957
194
-930
-1273
896
-1692
497
-1078
-146
-955
509
-494
-159
1025
-413
730
841
-717
2467
-646
1669
439
1617
120
1738
2086
-149
1605
2612
-820
3022
692
1658
11
3794
-1204
2165
1897
-76
1744
2306
-107
2204
1325
947
1852
898
1984
1093
2048
922
2518
824
2042
1912
1843
1419
3212
709
2149
3102
-365
3498
1165
1453
2221
1276
2327
191
3182
339
2100
1557
974
2867
765
2118
2409
196
3986
144
3410
1818
2103
2185
2914
1699
3136
2404
2054
3453
1130
3306
1915
4144
-67
5690
503
3114
3066
2207
2907
2872
2647
3746
1380
5001
1861
2958
4296
2056
3878
2839
4101
2101
4041
2875
2249
4213
1899
2792
3180
2044
2819
2420
3335
1525
3622
2838
2035
3983
2687
2542
4092
2377
4453
3041
4326
3879
4443
3297
4807
4239
3391
4842
3516
4238
4087
2610
5687
1198
5545
3282
2282
6605
-11
6880
1228
4933
1596
4682
1783
1489
4203
-1570
3868
-980
1646
-409
1319
-1472
1388
-681
-6
-443
464
-1248
559
-656
93
-480
945
-812
-127
1551
-1028
29
1441
-362
668
836
1088
528
349
2290
-402
2397
204
1664
1577
1265
1627
1477
1414
2047
464
2871
764
1912
1517
1132
1308
624
1367
-322
2045
-33
851
1420
-75
1788
455
1940
526
2966
416
2304
3307
-116
4348
1120
1676
3322
940
3109
1039
3715
83
3911
-96
2409
2483
-490
4022
-84
1682
2088
550
2213
1181
2258
576
3719
-690
3723
1114
1115
3588
887
854
4290
-566
2359
2195
634
2511
582
2296
1597
222
2689
988
1369
405
2996
94
1644
2822
-253
2518
1532
326
1853
2531
-694
3239
1405
-402
3823
-596
2779
958
2319
-21
3999
3
1212
3514
-800
3460
32
3158
-109
2802
876
1366
2342
274
1513
2487
-401
2530
1328
919
1518
2186
823
1552
2040
1385
892
3051
800
1736
3219
223
2966
988
2536
1082
2009
3815
-1700
6868
-2432
4425
1939
703
4281
-317
4793
-84
3696
1357
1441
4144
-845
4795
1073
1833
2505
2396
1660
828
4585
-1591
4264
957
2038
1136
2906
277
3428
652
2373
2573
650
3781
670
3158
1304
3388
670
3280
2756
684
3352
2303
389
3283
1244
2488
2007
1313
3124
-502
4409
-925
4231
438
3643
2
4038
342
2569
1950
2022
2094
1069
3037
154
3029
1833
718
3283
1107
1468
1216
2158
1766
27
4315
-1263
3603
-238
3554
-449
3206
1448
803
3456
388
2712
1168
3019
-251
4185
37
2777
2639
708
3117
1268
1112
3680
9
3487
1125
2894
-201
4679
-875
2785
3193
-577
3480
1611
1256
1066
3888
-1580
3865
667
717
2231
1972
133
2448
2712
-1927
5941
-1094
2070
3604
-118
2639
1089
2856
-1500
4835
-453
985
4061
-1341
3406
545
1201
1111
1957
559
1522
2737
-724
3680
663
1216
2596
1527
1018
2988
447
2939
-173
3825
-712
3384
693
1570
2032
1037
2294
710
2614
864
1736
1780
1620
1116
2365
2050
1253
3197
435
4659
-874
5505
258
3412
2803
1332
4254
669
3646
1514
4397
-462
4251
1992
1396
2722
2099
3073
593
3752
2116
1390
3392
2285
1975
2859
2617
1305
2947
1840
2052
1333
2805
1653
487
3893
-510
2201
2926
161
2328
2663
838
1749
2872
1247
2014
3373
1085
2613
2571
1135
2644
2759
1622
2267
3185
1006
2569
3011
483
3561
2479
1595
3405
2311
1294
2673
1426
2274
1496
3748
678
5075
-134
4102
1297
1938
2101
1207
2736
315
3020
632
2527
212
3227
419
2725
1037
3680
387
4075
1697
3002
2675
2886
3312
1558
5019
548
5009
375
5230
113
3614
2521
1044
4099
341
3213
1724
2085
1620
2037
2718
371
3032
2023
1483
2695
1990
1882
2738
1265
2596
2172
1272
3355
295
4041
655
2878
1626
3225
571
4328
1068
3391
2944
2001
3438
2282
3133
2412
3690
2316
3673
2322
3417
2531
2858
2725
3073
2801
2980
3453
2679
2803
3722
2254
3760
3201
3446
3415
3313
3423
2983
3449
2643
4059
2531
3355
3494
2290
2532
4819
71
5662
1431
3173
3601
1788
3721
2326
3118
2269
3374
2280
2197
3135
1546
2483
2196
1115
2321
170
1925
-537
2076
-1061
1625
-662
2356
-896
2844
-696
1522
775
1232
573
2913
86
2020
1936
601
2202
1025
4106
-180
4579
1264
963
2513
917
328
2412
408
569
1426
2110
-1981
4197
320
-473
3609
1630
-991
4839
210
1148
3335
917
906
2144
1983
-286
3910
-109
1868
1308
775
1921
555
1382
1810
490
2747
570
2362
803
2039
827
938
3092
-1992
4221
-1543
1658
579
389
1349
1545
118
2361
1464
535
3122
1364
2576
2275
2839
3553
1444
5319
1088
5161
1627
4526
1754
3806
2099
2877
2494
2256
2591
2017
2293
2359
1285
2371
2333
1011
2830
1625
1200
2276
707
3063
112
3343
1056
1419
2923
-681
4325
-2314
5223
-1298
2220
2171
-31
2619
-472
3643
-931
2130
1802
266
2233
115
3102
-466
3115
1573
980
3049
790
2768
852
3734
426
2946
3012
1024
3305
2062
2338
2408
3000
2042
3082
2449
2787
3159
1429
5599
-66
5431
3014
2989
4116
5259
3307
5016
6333
3341
6541
4993
4274
4816
5856
3499
6126
6079
3635
7788
5750
6806
8005
7979
8905
8110
11301
7698
10487
8171
7270
5921
6340
3265
3836
2988
2635
1201
2174
1002
-144
2809
-363
2501
-2394
2880
-1810
-40
1164
-1156
147
992
1219
672
3466
3041
1693
5378
895
3816
891
2590
1195
584
3246
-990
3464
-297
2346
136
1338
2122
-1725
4151
-1263
1498
402
260
76
266
345
-754
1119
-1542
230
555
-1764
1311
-1191
144
251
-1415
1295
-1000
1040
-1230
1970
-2255
1902
-1454
1061
-1376
1309
-588
-1076
2547
-2652
1059
686
-57
-1451
3396
-1415
372
2820
-1162
647
2122
-709
1611
1385
250
1690
835
1376
525
1886
839
1122
1832
336
1748
620
1324
929
1367
800
1902
1114
1413
1518
2794
-642
5578
-1363
3826
2536
239
4145
1077
3087
1591
3706
750
4476
1313
3113
3570
1273
4070
1059
4287
528
3128
2020
1241
4110
-451
5799
-962
4262
2341
1429
3911
1869
3799
2462
3778
2494
4960
1088
5866
2455
3273
6314
3352
6555
5487
4528
4697
4272
2754
4176
4385
1510
5432
1494
4360
3376
5501
5857
7180
8166
8118
5906
7074
3041
4408
1409
2976
329
315
1446
-861
-492
825
-894
-1196
-646
-434
-2404
-578
-856
-1929
-771
-1499
-1187
-1088
-1603
262
-2451
961
-1441
-62
-19
160
-374
-202
369
-932
344
-382
-241
442
-146
-99
47
-363
87
-838
172
-323
-386
-999
1889
-2120
1497
119
573
76
696
570
-998
1525
-725
-462
1268
-824
49
940
-72
86
842
915
-501
1999
-349
1302
-243
3133
-1887
3800
-342
2154
647
1974
1222
872
2012
1000
1211
2311
709
1380
1922
1082
570
2353
122
2229
679
1660
1270
235
2036
238
1810
812
604
1749
48
1614
-61
1947
-1289
3219
-1809
1487
1503
-1784
2151
140
1291
-857
4487
-1157
3443
1402
1338
119
1510
145
1806
4685
3047
4115
5029
2457
888
2757
-219
1203
-1033
1965
-2007
-90
-369
-791
-567
655
-935
-915
2714
-1620
3354
1079
2042
100
240
1006
-2282
3326
-3231
3291
-336
781
561
1927
-323
1262
2571
-1547
2678
308
81
1194
1284
-1329
2604
-169
279
1478
1640
-1363
4037
-1229
1829
1536
234
969
978
885
-520
2361
-1783
1692
-607
378
488
145
615
-369
1399
-1044
849
-348
391
-603
976
34
-140
1349
-1341
1794
-1569
1688
-948
466
313
292
-891
1399
-1147
-669
1982
-3235
2236
-289
-1707
2322
-1276
489
-714
1569
-2366
1561
-212
-1627
1695
-918
10
-531
2373
-2471
1401
2260
-2604
2877
1064
-707
1618
1154
-723
1223
1051
-1060
1913
-1836
180
-1960
-1099
-4012
-1315
-4846
-1631
-2889
-1309
-1061
-803
471
587
2612
1237
3211
-586
3085
-1216
2192
-347
2242
2174
-905
5067
-1616
1799
1500
-514
555
2508
-1815
2664
1941
-554
3889
2219
1385
4103
1744
3362
2833
2017
3017
2991
1741
3109
2065
3510
537
4493
426
3199
1250
2589
1605
2631
1936
963
3652
178
1986
1361
2028
262
2432
1255
254
2464
805
-147
3182
-1365
2580
803
1258
1437
1157
1104
1600
301
1875
721
673
2389
-1174
3512
-1439
2883
-599
2763
-50
3324
815
4118
1648
3940
3187
2368
3809
1622
4107
1102
3674
895
2938
232
1074
1898
-100
2069
1181
445
2109
221
1098
1596
674
1199
433
2196
-1084
3319
-1069
2680
482
443
2383
403
-94
3257
-895
1418
1208
712
-302
2363
-1096
3029
-1666
2046
1054
-1348
2037
325
374
15
2897
-2322
3100
-293
346
1013
1047
-240
517
2110
-760
685
2241
-2194
2537
-952
195
700
-684
739
-387
-383
-15
-710
-893
238
-811
-863
-804
-311
-1349
-620
-795
-1672
726
-3173
672
-1385
-1611
-717
-948
-1228
-1379
211
-2491
585
-674
-2320
530
-1069
-1341
-184
-333
-1361
-83
-861
333
-2592
1710
-2653
-230
-1445
-205
-3294
385
-1537
-2497
-24
-1796
-2528
15
-3228
-935
-1954
-2692
-958
-3280
-1413
-3386
-884
-3941
-716
-2179
-3489
689
-3454
-1606
-655
-1863
-2506
87
-1065
-1815
2
-2497
-1379
-2010
-860
-1067
-469
410
-1637
-247
-469
-1875
-195
-1576
132
-2832
215
-1669
-2014
345
-3339
-337
-2555
-1849
-1847
-2863
-781
-2165
-1223
-1932
435
-2743
-1112
931
-2777
-670
807
-2886
623
-2054
201
-2518
774
-2046
-696
-303
-767
-1154
-224
331
-2312
1176
-1047
-389
-510
-257
-318
-370
-445
139
-479
-157
710
-1716
1162
-1086
-436
-286
144
-1150
128
162
-1430
847
-1199
-663
188
-864
-858
165
-211
-1505
1921
-2751
1186
-33
-1242
687
65
-892
-316
1125
-1632
366
176
-216
-1673
2085
-1255
-791
1396
-771
-1596
2005
-1221
-386
1169
-1043
-70
754
-1240
412
-263
284
-747
941
-754
437
-548
622
-475
-993
1435
-1585
478
-542
-111
-1526
1216
-2375
543
-1409
-71
-942
-615
-313
-982
-1262
944
-2374
858
-1789
863
-2496
640
-1497
-1158
-868
-1359
-845
-1950
-128
-1761
-1051
-761
-1836
-675
-1386
-255
-1557
-574
-921
-1270
-101
-2056
1108
-2191
221
-265
-1199
-143
424
-1699
1333
590
-2402
2529
-627
-535
1218
1626
-830
2339
1430
-174
687
2431
-3280
3407
-1134
-524
857
916
-1214
1719
754
-693
2745
-1063
2047
-52
1274
40
1547
121
1705
-672
2983
-1230
2197
702
715
687
1436
264
944
992
889
1015
621
712
2246
-1611
2933
197
155
949
1193
359
-422
2627
-1491
1738
-379
1679
-1840
2285
-276
-620
1719
-263
-192
556
729
-981
983
497
-484
1790
-1475
2111
-934
1882
-1187
2399
-615
1473
709
1868
196
2162
1892
256
3808
-145
2929
968
3670
-1190
4301
-1151
2096
-950
1205
-2008
1625
-1060
476
1433
801
210
2265
1513
-53
2264
-4
2932
-2648
4536
-1942
2056
866
1910
1030
1075
2868
-152
2071
1681
623
989
1985
1118
383
3698
974
2719
1496
2681
773
1796
1541
533
2604
-494
1821
1499
-300
884
1402
-418
1233
154
639
275
478
598
417
1849
1014
1425
2363
984
1598
1066
1098
-775
1913
-2628
1887
-777
-851
754
393
-609
431
1287
-624
773
1519
-298
607
859
-712
578
-767
-307
-1100
-244
-1139
-178
-1479
-612
-110
-2262
-248
-1265
-996
-1137
-119
-1720
-539
-594
-488
-2093
360
-1895
-2219
1043
-1184
-1640
2455
-1084
278
459
1087
-1195
1109
555
-112
206
955
-1077
1168
190
500
668
1237
284
1501
1450
1713
2871
2145
4005
324
3573
-878
1671
-917
-922
691
-1661
-604
515
-1786
-349
-646
34
-1742
44
-57
-1924
332
-171
-2213
674
-581
-1157
-346
450
-1841
117
286
-795
-766
1024
-1304
18
1
-647
158
-791
344
-852
-83
-1168
1071
-2278
1113
-776
-1119
235
-445
-939
-190
191
-1593
1017
-1110
-191
725
-1395
161
491
-527
-866
1399
-786
-26
517
-222
-4
-80
1038
-939
1594
-227
392
12
1688
-1138
932
954
-522
1115
-212
1770
-1561
4332
-3454
4320
-1360
1336
598
1737
-509
2397
610
1157
2383
162
2530
1080
1089
1956
1805
-348
4197
-851
2171
1107
1725
-625
2757
1847
1629
2555
6504
3564
6640
7784
5592
5302
6439
6019
3610
6828
4951
4850
6598
4819
5198
4734
5573
1718
4698
3427
784
3517
2363
829
2456
2095
496
2930
840
2455
530
3972
-371
3417
1411
2221
1394
1564
1852
1051
102
2890
-567
1134
1822
-572
1702
3
2616
-2533
3995
-1244
336
1152
409
-469
889
2001
-1344
2421
44
245
1719
-323
1130
1423
-289
2117
702
775
1148
2498
-414
3985
-112
3405
656
2942
1226
546
3072
-223
1894
1001
775
258
1428
-444
818
228
-1212
1794
-1990
1072
-1577
1135
-2159
1256
-1012
-1171
547
-1236
-350
-857
166
-1936
698
-933
-243
-456
1490
-1801
1033
766
-628
-770
2623
-1941
744
1027
-820
916
-1108
1821
-2309
1671
-1320
-169
-357
-1490
-154
-2033
-1494
-358
-1297
-637
-1425
1169
-2391
-907
71
-1887
-1557
-247
392
-2529
675
-1578
53
-932
663
-619
233
847
-796
598
882
1221
-686
3174
-272
359
2404
-201
981
288
1503
-8
297
2058
-668
631
238
1480
-1468
1115
892
-657
943
247
401
-952
1914
-1704
374
1047
-1048
-809
1867
-1395
-1112
1252
-809
-1159
352
996
-1816
997
1286
-1797
2949
-522
1159
511
1427
676
28
2750
-936
1344
1066
567
66
1860
-819
1404
1043
-1093
2016
34
424
-64
698
219
-616
958
-454
187
100
-403
355
472
-1099
1
836
-700
-1135
1689
-1855
542
-891
82
-1172
-831
138
-1990
346
-799
-473
-701
860
-826
129
443
-750
680
-478
184
724
-342
188
1111
-962
734
56
-239
-303
325
-1315
-936
598
-2740
-433
211
-1953
-1053
591
-1343
-1380
568
-1239
-1393
-129
-1257
-1247
-694
-1508
-1857
-838
-1610
-2329
-510
-2054
-998
-2706
-99
-2230
-2013
-1050
-1306
-1923
-1614
-864
-2115
-1500
-1090
-2063
-1314
-868
-2563
-416
-2085
-951
-1809
-242
-2143
-27
-1479
-1092
-548
-1025
-1767
-391
-905
-1656
-686
-257
-2099
-630
-919
-1801
-724
-1108
-594
-2062
-375
-1197
-1063
-1270
-144
-1979
-401
-1408
-1122
-697
-2013
-208
-1842
-727
-1885
-1268
-929
-1909
-955
-1152
-1707
-938
-1535
-1619
-522
-1832
-255
-1533
-1089
-192
-1970
-193
-532
-1556
-690
-254
-1502
-228
-685
-1195
-634
-101
-1558
-415
-4
-902
-1105
-59
-894
-1117
-324
-115
-951
-246
-683
-1461
297
-1444
-572
-425
-262
-519
-1079
755
-1807
640
-1855
652
-836
-942
52
-615
-104
-1144
-454
414
-1159
-272
-152
-559
300
-1262
407
-349
-473
-143
-60
-317
199
-672
241
534
-22
-1186
1067
-356
-343
-95
75
355
-1005
84
660
-1021
-262
441
-417
229
-1386
791
-903
-378
-493
-139
-588
-713
-622
-575
-440
-1148
-559
-1001
-253
-1400
-1406
-70
-1311
-1860
-646
-623
-1913
-603
-1515
-974
-1486
-1233
-1231
-828
-1289
-703
-629
-1105
-690
-702
-711
-194
-645
-531
46
-796
54
-400
-206
-832
250
-132
-569
377
-313
-60
111
246
-303
614
291
403
158
528
353
-284
1179
564
-293
1295
603
-80
1197
536
449
1078
897
1076
662
1400
1044
1032
1321
1392
1083
1049
1796
956
1727
2183
1928
2198
2138
603
1980
506
921
2117
1721
2199
3482
1930
2217
4624
2366
4262
5168
3245
3867
4846
3586
2985
4068
3529
2518
3825
2895
2756
2474
3247
1957
2490
2766
2181
2064
2559
2179
1246
2679
1284
1620
2127
1554
781
2429
1943
322
1866
2651
-722
1322
1968
-316
247
1343
35
-285
433
-497
-657
-527
-303
-1910
238
-834
-2737
112
-1221
-2557
-1144
-1150
-1709
-1787
-1252
-1324
-1212
-2562
-356
-1450
-1662
-562
-2068
-163
-1238
-1599
-1004
-557
-854
-2152
-79
-150
-2662
28
-682
-1318
-837
-944
-1113
-624
-1094
-1226
-791
-271
-1054
-1778
647
-1145
-2112
671
-1024
-927
-244
-22
-402
-254
277
-600
574
73
-187
684
557
-549
-457
491
-1217
-1640
238
-347
28
1824
1443
998
2967
720
1316
2262
1581
-80
2000
2794
-55
1873
2504
2069
475
2442
1828
114
1331
1280
132
1095
1855
-402
1467
1942
-71
581
2019
895
-282
1359
1536
-154
747
862
538
254
-131
627
321
227
1075
-406
1757
1643
-662
1468
2721
-454
-57
2510
12
-608
1088
386
-370
-115
221
-566
-628
850
-822
-798
1060
-847
-1476
765
-244
-1086
110
1603
-495
4
1105
-428
-586
-1156
-1189
-2471
-2855
-2043
-2275
-1777
-1368
-296
-763
-116
215
-699
282
206
-19
-318
493
339
-650
-393
337
-1122
-1186
32
-504
-1330
-1183
128
-1642
-1310
-190
-994
-1303
-304
-110
-1087
-37
397
-271
26
584
-149
-654
466
372
-840
-47
260
-604
-89
-477
-602
195
-141
-897
132
-487
-819
-498
-204
-839
-207
-1184
-277
-365
-949
-715
-682
-545
-787
-961
-879
-368
-1477
-666
-744
-954
-1529
-695
-696
-1395
-1269
-697
-1088
-1305
-921
-1129
-1050
-834
-1288
-864
-540
-1289
-1200
-1445
-338
-1094
-1680
-461
-494
-1621
-1402
-241
-1139
-1922
-183
-567
-866
-840
-737
-899
-988
-397
-1306
-483
-295
-385
-1274
-333
-166
-1596
-801
295
-314
-1439
-438
271
-1102
-948
-135
-1137
-74
-217
-1068
104
-254
-661
-364
605
-124
-684
621
1028
35
-225
901
577
-397
510
230
-10
-333
-153
-445
-398
-475
-616
-765
-678
-364
-1457
-935
-230
-939
-1459
28
-855
-743
-362
88
-333
-512
441
-576
-44
242
-627
78
122
-321
-175
78
97
-643
-370
58
-742
-843
-465
-881
-262
-523
-257
8
13
67
-32
2
-268
-408
-684
-392
-979
-997
-932
-822
-1149
-1133
-1280
-1205
-1442
-1904
-1386
-2104
-2081
-2181
-1958
-2479
-2467
-2089
-2209
-2409
-1942
-2362
-2636
-1722
-2337
-2639
-2045
-1736
-2669
-2355
-1965
-2646
-2987
-2638
-2134
-3275
-3069
-2142
-2695
-3014
-2746
-2257
-3418
-2824
-2352
-3081
-3028
-2266
-2657
-3546
-2260
-2908
-3434
-2866
-2819
-3133
-3517
-2772
-2996
-3540
-3080
-2669
-3311
-3523
-2357
-2802
-3128
-2589
-2370
-2777
-2641
-2351
-2370
-2544
-2327
-1816
-2294
-1865
-1842
-1923
-1556
-2174
-1547
-1590
-1777
-1253
-1377
-1332
-1464
-1244
-1261
-1520
-1185
-1158
-1545
-964
-863
-1450
-1416
-443
-1522
-1695
-487
-1123
-1702
-582
-666
-1677
-985
-895
-1340
-1153
-1073
-1009
-986
-730
-894
-1184
-698
-980
-1063
-998
-285
-951
-919
-488
-787
-703
-1300
-778
-431
-872
-728
-525
-563
-712
-564
-773
-895
-460
-1033
-610
-647
-657
-727
-880
-269
-1021
-1074
-524
-753
-704
-510
-780
-588
-810
-650
-782
-703
-668
-882
-511
-238
-916
-803
-536
-404
-778
-844
-322
-463
-899
-302
-496
-604
-924
-372
-196
-1024
-224
-614
-678
-173
-650
-854
-422
-457
-800
-466
-397
-910
-493
-278
-523
-563
-524
-396
-567
-559
-516
-819
-520
-360
-849
-468
-588
-753
-603
-357
-772
-764
-512
-335
-698
-713
-447
-728
-508
-596
-781
-692
-622
-674
-743
-413
-663
-945
-617
-599
-799
-896
-659
-682
-647
-770
-541
-719
-736
-750
-909
-598
-685
-924
-681
-265
-779
-1061
-673
-602
-779
-928
-545
-494
-846
-818
-541
-640
-644
-705
-581
-252
-652
-846
-436
-240
-1045
-661
-206
-752
-699
-611
-320
-505
-743
-516
-460
-346
-709
-658
-259
-285
-640
-391
-333
-371
-563
-596
-253
-605
-352
-390
-362
-325
-502
-572
-555
-358
-626
-720
-353
-394
-651
-627
-368
-672
-771
-532
-385
-582
-618
-355
-538
-505
-587
-744
-476
-601
-616
-396
-476
-550
-575
-543
-413
-559
-506
-481
-266
-457
-590
-383
-517
-391
-333
-434
-445
-591
-464
-447
-381
-515
-336
-387
-470
-260
-517
-417
-192
-303
-144
-201
-400
-270
-187
-77
-473
-212
-169
-436
-147
-220
-325
-303
-202
-197
-237
-168
-566
-242
-34
-331
-299
-218
-202
-213
-366
-399
-213
-362
-146
123
-164
-193
-98
-317
-258
-188
-261
-216
-143
-171
-237
-176
-325
-393
-196
-192
-240
-97
-132
-98
-98
-280
-113
-84
-277
-98
-74
-154
-54
-239
-153
-93
-263
-224
-206
-123
-29
-162
-24
-248
-198
-17
-397
-277
-51
-328
-270
-50
-233
-270
-170
-425
-209
-407
-295
-152
-289
-142
-233
-187
-461
-206
-287
-451
-190
-152
-184
-314
-262
-313
-415
-222
-421
-429
-106
-341
-322
-309
-302
-315
-493
-197
-396
-356
-138
-344
-305
-191
-522
-381
-278
-390
-211
-310
-262
-220
-353
-356
-447
-389
-276
-277
-201
-264
-229
-281
-328
-325
-330
-235
-64
-250
-194
-124
-342
-168
-193
-270
-323
-220
-404
-117
-18
-232
-212
-101
-271
-403
-288
-221
-178
-156
-146
-116
-168
-272
-285
-64
-164
-257
-190
-83
-88
-168
-81
-76
-244
-178
-196
-282
-148
-126
-121
104
-68
-200
-242
-156
-205
-220
-22
-88
-108
-52
-107
-147
-233
-210
-139
-120
-41
-169
-172
-20
-169
-70
-107
-194
-115
-213
-97
-63
-63
-106
-56
-80
-126
-197
-118
-55
-72
-29
-82
-117
75
-134
-120
51
-48
-158
-7
-10
-164
52
11
-172
-31
-67
-169
-94
-39
-67
-178
-46
-47
-172
-153
-144
-182
-86
-126
-66
-90
-123
-59
-157
-61
-104
-188
-12
23
-138
-98
-69
-66
-90
-98
-72
-44
-50
-118
-111
-88
-115
-155
-141
-158
-136
-30
-43
-33
-82
-77
-102
-145
-65
-21
-47
24
-1
-69
-109
-106
-152
-109
-11
-103
-184
27
5
-144
-30
8
-193
-63
-25
-164
26
-37
-111
31
-12
-127
36
82
-62
-16
50
-41
-29
14
-55
-54
36
-180
-122
-41
-137
-109
-57
-74
-109
-127
-108
-31
-127
-89
-38
-167
-181
-107
-42
-81
-58
-26
-91
-169
-121
-140
-141
55
-89
-58
-71
-125
-121
-95
-42
-176
-122
33
-51
-94
-31
-113
-134
-154
-104
-87
-106
-59
24
-61
-85
-66
-101
-69
-42
-78
-74
-77
12
28
-140
-45
-61
-138
-11
19
-68
48
-62
-65
19
-94
-23
41
-60
-37
-31
-69
-135
34
-17
-29
49
-43
-69
-23
-80
-1
-70
-78
58
-32
-50
-27
-43
-74
6
-55
-4
41
-20
-41
0
-28
55
-64
31
55
-35
21
79
-23
-27
14
-8
-24
-19
-38
-31
-9
-14
-41
-52
-32
-89
-73
-56
7
-62
-93
-11
-63
-72
-68
-60
9
-7
-79
-65
27
27
-29
-28
-6
-80
-128
-64
-61
-35
-34
-1
-64
-144
-150
-181
-196
-87
-50
-108
-76
-90
