6
6
5
6
5
5
3
4
5
6
7
5
4
3
3
4
7
7
7
6
6
6
6
8
8
10
10
10
9
8
8
8
9
8
9
9
10
9
8
9
8
8
8
7
7
7
8
9
9
9
9
8
8
9
11
12
12
11
13
13
13
12
11
11
13
12
12
13
14
13
11
12
12
12
13
14
13
13
14
13
13
12
13
13
14
14
14
12
11
13
11
14
15
14
13
14
12
14
12
12
11
12
12
13
13
13
13
13
15
15
13
13
13
14
16
14
16
15
15
17
16
14
12
11
12
12
11
12
12
13
12
10
10
10
12
13
13
12
12
11
11
11
10
10
12
12
14
15
14
13
13
11
10
11
12
12
13
13
13
11
10
11
12
12
14
12
9
8
9
9
9
9
9
8
8
8
9
7
8
8
8
6
5
6
6
7
8
7
6
7
7
8
9
9
9
9
9
9
7
5
4
4
5
6
7
6
6
5
4
4
6
8
6
6
6
5
5
4
5
6
7
8
9
10
10
10
12
11
12
12
13
13
11
12
12
13
13
14
13
10
11
11
12
12
12
12
10
10
10
10
12
13
13
13
14
13
13
13
14
13
11
10
8
10
9
10
9
8
9
9
9
8
9
9
9
9
9
8
9
11
12
12
12
12
10
10
9
10
11
10
11
10
8
8
8
8
9
7
6
7
9
9
9
6
4
5
7
11
10
10
10
10
8
10
11
12
13
14
14
13
12
10
11
10
11
9
9
10
11
12
10
11
10
11
10
10
10
10
12
13
11
11
11
11
11
10
9
8
10
9
10
10
10
9
7
7
7
7
8
8
9
9
7
6
5
4
8
9
10
10
9
10
13
13
12
9
8
8
7
10
8
11
11
11
10
8
7
6
5
5
6
6
6
7
8
7
6
6
4
4
4
5
5
4
2
1
2
2
2
1
2
4
5
4
4
4
3
4
4
3
4
3
4
4
3
3
3
2
1
1
2
2
0
-1
-2
-1
0
1
1
0
0
0
0
-1
-1
1
2
1
1
1
1
2
1
0
-1
-1
1
0
0
0
0
2
1
1
-1
-2
-1
0
3
4
3
0
-1
-1
-1
-3
-4
-6
-6
-5
-5
-6
-6
-3
-3
-3
-4
-4
-4
-3
-3
-5
-5
-4
-2
1
1
0
0
-2
-1
-1
-2
0
-1
1
2
1
1
-1
-1
-1
1
1
1
1
1
0
0
-1
0
1
1
-1
-2
-1
-1
-1
0
1
1
1
0
-1
1
0
1
1
0
0
0
1
0
0
-1
-1
-1
0
2
2
2
1
1
1
1
2
0
0
0
1
1
1
2
2
0
0
-1
-1
-2
0
0
-1
0
0
0
2
1
1
1
2
3
4
6
5
4
2
3
4
5
5
6
5
6
7
6
5
3
4
5
4
5
4
3
4
5
5
5
5
4
5
6
7
7
7
6
7
7
9
8
8
7
8
8
9
10
9
10
11
11
10
8
8
10
10
11
11
13
14
13
13
13
12
13
13
13
14
12
13
12
10
12
13
12
12
12
11
11
11
11
11
9
9
9
10
11
10
11
9
9
10
11
10
11
12
14
16
16
15
15
13
13
13
14
15
16
14
15
14
13
13
12
13
12
14
12
12
11
9
10
12
14
14
13
12
13
12
12
13
12
13
13
12
13
12
14
13
12
11
10
11
12
12
11
12
11
11
11
11
12
13
13
14
12
13
12
12
11
10
11
10
12
11
13
13
12
11
10
9
9
10
10
10
9
7
8
8
9
9
9
9
9
9
9
10
10
10
11
10
11
10
12
13
13
12
12
12
12
12
11
10
11
13
14
12
12
12
12
13
13
12
12
12
13
14
13
14
13
11
11
10
10
11
12
12
11
11
11
11
11
10
11
10
10
10
11
13
13
12
12
13
13
13
13
12
11
11
11
10
12
12
13
13
13
12
13
14
12
11
11
11
12
14
16
15
14
16
16
17
17
18
17
17
15
15
15
15
15
14
15
15
15
15
16
16
16
17
17
17
18
17
18
17
18
18
17
17
16
16
16
15
15
15
14
14
15
15
15
16
16
16
15
17
16
17
17
17
18
19
19
19
18
17
18
18
17
18
20
20
18
17
17
16
17
17
16
16
15
16
15
15
17
18
18
18
18
18
19
20
18
19
19
19
19
18
17
17
18
20
20
19
18
19
19
19
18
18
17
18
18
18
16
16
19
19
20
20
19
19
18
18
19
20
19
19
17
15
15
15
16
18
20
20
19
17
16
16
17
18
17
18
18
18
19
18
17
17
18
18
19
18
18
16
14
14
15
16
16
16
16
17
16
15
14
16
18
18
19
18
17
18
18
18
17
17
16
17
18
17
16
15
15
17
17
17
15
14
13
14
15
16
15
14
14
14
15
15
15
16
16
17
17
17
16
14
16
17
17
18
20
20
20
18
18
19
19
19
17
14
15
16
17
16
16
16
15
15
14
11
12
11
12
13
13
13
12
12
13
14
14
14
14
15
15
15
13
16
15
14
15
15
16
16
16
15
15
15
16
15
15
14
14
13
13
11
11
12
14
15
16
16
16
16
15
13
14
15
16
17
16
15
14
15
16
17
17
17
16
15
16
16
17
17
16
14
14
15
16
17
19
19
19
18
17
16
16
19
18
18
17
18
18
18
17
18
17
17
17
17
16
16
16
16
17
17
16
16
17
16
16
17
17
20
21
20
20
20
21
19
20
21
20
20
21
21
21
21
20
20
19
19
18
16
16
15
16
17
15
14
13
15
16
16
17
15
17
17
18
18
18
19
18
18
18
18
19
19
18
18
19
18
18
17
16
16
16
16
16
18
18
18
18
18
18
19
19
18
19
20
22
22
21
20
18
18
17
18
18
19
18
17
15
16
17
16
17
18
19
19
19
18
20
20
21
21
21
20
21
22
23
23
21
21
21
21
20
20
19
18
19
19
17
17
16
17
18
18
19
19
20
21
20
20
20
22
24
23
21
21
22
21
23
22
23
22
21
22
21
21
20
19
19
20
22
22
21
19
18
16
16
17
18
19
20
19
19
20
20
20
20
19
19
19
19
19
18
17
18
17
16
17
18
17
18
17
15
14
14
14
15
15
14
14
14
15
17
18
19
20
19
19
20
19
20
19
21
21
22
24
25
25
24
25
25
25
23
24
24
25
25
25
24
24
25
26
27
29
28
26
26
25
25
27
27
29
29
29
29
29
27
27
27
27
28
27
27
27
27
29
30
31
30
31
31
32
32
35
34
33
32
31
32
30
31
30
31
31
31
32
31
32
33
32
32
31
32
33
33
32
32
33
34
33
33
34
33
34
35
34
33
32
31
31
30
30
31
32
32
31
31
29
30
31
29
29
27
29
30
29
31
30
30
30
30
29
28
27
28
29
30
31
31
30
29
29
28
30
31
32
31
30
29
30
30
29
29
29
28
29
29
28
29
28
28
27
26
27
29
28
29
29
29
29
28
27
26
26
26
27
27
28
29
30
28
27
27
26
26
26
26
26
27
28
28
27
27
27
27
26
27
27
27
27
28
28
29
30
29
29
29
30
30
30
29
27
26
26
26
27
27
26
26
27
27
27
26
27
25
25
25
26
26
25
26
27
27
27
28
28
29
28
28
28
27
29
28
28
28
29
28
29
29
28
27
28
28
27
28
29
28
28
26
27
25
25
26
26
26
25
26
26
27
26
25
25
25
26
26
26
26
27
28
27
25
27
27
27
25
25
25
26
27
27
26
26
26
27
28
27
25
26
25
25
26
27
27
29
27
26
25
24
23
24
23
24
25
24
25
24
24
24
25
24
24
24
25
26
25
25
24
25
25
25
25
26
26
24
23
23
23
24
25
26
25
26
25
25
26
25
25
25
26
25
24
25
26
26
26
24
25
27
28
27
28
28
28
28
27
26
25
25
26
27
26
26
27
24
26
27
26
26
25
24
24
24
23
22
23
24
25
25
25
22
23
24
24
26
25
25
25
24
23
24
26
26
27
25
25
25
27
28
27
26
26
26
26
27
27
27
27
26
26
27
26
27
27
28
29
28
28
26
25
25
26
26
24
25
25
26
25
24
23
22
23
21
22
22
21
22
21
21
20
20
20
20
20
20
19
19
19
19
21
23
23
22
22
21
20
21
23
22
22
22
20
20
21
19
19
18
18
17
18
17
18
18
17
18
17
18
18
17
16
16
17
18
21
21
23
21
20
20
20
21
21
19
19
19
19
21
21
20
19
20
22
20
20
19
18
18
18
18
18
18
18
19
17
17
17
18
19
19
17
16
16
16
17
16
17
16
16
18
19
19
17
15
16
17
17
20
19
19
18
20
18
20
21
18
19
19
20
20
19
19
21
22
21
20
19
18
17
20
19
19
18
18
18
18
20
18
18
20
20
20
19
20
22
23
23
23
22
23
24
23
23
22
22
22
23
23
22
24
24
23
24
23
24
25
25
25
25
23
23
24
25
23
24
26
25
25
26
26
26
26
27
27
23
24
24
25
25
25
24
25
26
26
27
27
26
26
24
23
23
23
25
26
26
25
24
24
25
26
25
26
27
28
26
26
26
26
26
25
25
26
27
28
27
26
26
25
25
25
25
24
23
22
23
23
23
22
23
23
23
22
22
21
22
25
25
24
23
24
23
21
20
19
19
20
20
20
20
20
20
21
20
19
19
21
21
21
20
19
21
21
21
20
19
19
19
20
21
20
19
18
18
19
19
19
21
20
20
20
21
20
21
21
21
19
18
19
19
19
18
19
19
17
18
18
17
17
17
18
19
20
19
18
18
18
19
20
20
20
20
20
19
19
20
22
21
20
19
18
18
18
18
17
18
17
18
18
19
19
18
16
16
17
18
19
19
16
15
14
16
18
18
18
17
16
15
15
15
17
16
16
15
15
16
19
20
19
17
17
17
18
17
17
18
19
20
19
20
20
20
20
19
19
19
20
20
21
22
22
21
21
19
21
21
21
20
20
20
19
20
19
20
19
20
20
20
19
20
19
20
20
19
19
19
20
21
21
20
20
21
21
20
19
19
19
21
22
21
20
19
19
21
22
23
25
24
23
24
23
22
22
24
23
24
23
22
23
23
22
23
23
22
23
23
23
22
21
21
23
23
24
23
23
21
22
23
24
25
25
23
23
23
23
21
20
21
21
21
21
20
20
21
21
21
19
19
21
21
21
20
20
20
21
22
23
22
20
21
19
19
20
19
21
21
22
22
21
20
21
21
21
21
21
20
20
20
19
18
19
19
21
21
21
21
22
21
21
19
21
22
22
21
20
20
20
21
22
22
23
23
22
22
23
24
24
24
24
23
22
22
21
22
21
22
24
23
22
21
21
21
24
24
24
23
21
19
20
21
20
21
20
20
21
20
20
21
21
21
19
19
18
20
19
18
19
19
19
19
18
18
16
16
16
16
17
16
15
14
14
14
15
15
15
15
15
15
14
14
13
14
14
14
13
13
13
14
14
13
12
12
12
13
14
15
13
13
15
13
12
13
14
14
15
14
13
13
12
14
14
14
14
13
12
12
13
12
12
11
12
12
11
11
10
10
11
13
13
13
13
11
11
12
12
11
12
11
12
12
13
12
12
13
14
14
14
12
12
12
14
15
15
14
13
14
14
14
13
12
11
11
12
12
13
13
13
11
10
10
11
12
12
12
11
11
11
10
10
10
10
10
11
12
11
12
10
10
10
12
13
13
12
12
12
12
13
11
10
11
11
11
10
10
10
10
11
13
13
14
13
12
12
13
12
12
14
12
12
12
13
13
14
13
10
11
10
12
12
13
13
14
13
11
11
11
12
11
12
11
12
12
13
12
13
13
13
12
10
11
13
11
12
12
12
12
14
14
14
12
12
12
11
12
12
13
13
14
15
15
15
13
12
13
13
13
12
13
12
12
15
15
16
16
18
18
17
18
17
16
16
17
17
18
17
17
17
16
15
17
17
18
18
18
17
16
15
16
16
15
16
16
17
18
19
20
18
18
18
18
19
18
18
19
19
18
18
16
17
19
21
19
19
19
19
19
18
19
17
17
18
18
19
20
19
20
20
18
19
20
21
20
18
18
17
16
17
19
18
18
17
17
17
19
19
17
19
19
20
20
19
20
19
21
20
19
20
20
21
21
20
18
18
20
21
22
21
20
19
22
22
22
19
21
22
21
20
21
21
19
19
18
20
22
22
23
22
23
22
21
22
22
22
22
22
23
23
23
24
24
24
23
22
22
23
25
26
26
26
26
24
24
25
26
28
27
27
26
26
29
31
32
32
30
30
30
29
29
30
31
31
30
30
31
30
31
32
31
31
33
34
32
32
31
32
35
35
35
35
34
34
35
37
37
37
37
35
35
36
36
36
35
36
35
35
36
37
38
37
37
37
39
39
38
38
36
37
37
37
37
37
36
37
37
38
38
38
36
35
35
34
34
34
35
34
34
34
35
35
36
36
34
34
33
33
32
33
33
34
35
34
34
33
34
35
36
35
36
36
34
34
33
33
34
34
34
35
34
34
34
34
32
33
35
36
35
35
34
32
32
32
32
34
35
36
34
32
31
31
32
32
32
32
31
31
31
30
30
31
32
34
33
32
32
31
32
32
31
30
30
30
31
31
31
30
31
32
30
28
27
31
30
30
30
29
29
30
30
31
32
32
32
31
30
31
33
31
31
29
29
30
31
31
31
31
30
31
30
31
30
29
29
29
30
31
33
35
33
32
30
29
28
28
30
31
31
29
30
31
31
31
31
29
30
30
30
30
29
31
32
32
30
29
29
30
29
30
29
32
32
33
32
31
32
30
30
30
30
31
31
31
30
29
30
30
31
32
33
33
33
34
34
34
35
35
34
34
33
33
34
33
33
33
32
32
32
33
34
35
35
35
34
34
36
36
36
35
37
36
35
34
34
33
33
34
34
34
34
35
35
35
34
33
33
34
36
36
36
36
34
34
34
34
34
34
34
32
32
32
33
34
34
33
32
32
33
34
34
34
32
31
31
34
34
33
32
32
31
33
33
32
34
34
34
34
33
32
33
34
33
32
31
31
31
32
32
31
32
32
30
30
29
30
28
28
27
29
30
31
31
30
29
29
28
28
28
27
28
27
26
26
27
29
29
30
29
28
27
26
27
26
27
26
25
24
25
25
27
26
26
26
24
23
23
23
25
25
22
21
23
23
25
25
27
26
26
26
25
24
23
24
23
23
23
24
26
25
24
22
22
24
25
24
23
22
22
22
23
23
23
23
25
25
22
21
21
20
21
22
21
19
20
18
21
23
22
23
24
23
23
22
21
21
21
21
22
21
22
20
21
21
20
21
21
22
21
21
22
22
22
21
21
22
23
23
24
23
20
22
23
22
21
19
18
17
18
19
20
20
21
20
19
17
16
17
19
19
20
21
22
22
19
20
22
22
23
22
23
23
23
22
24
24
24
25
25
24
23
24
24
25
26
25
24
25
26
25
25
24
24
25
26
26
27
27
26
27
26
25
26
26
27
27
27
27
27
27
28
27
27
28
27
28
27
28
26
26
27
27
28
29
28
28
28
27
29
30
31
30
30
30
30
29
30
28
30
31
31
31
31
32
31
30
29
27
29
30
32
33
33
32
31
31
34
35
35
35
33
34
33
34
34
34
35
34
34
33
31
31
33
33
34
32
30
31
32
32
33
32
32
30
30
30
33
34
34
34
35
36
35
35
34
34
35
34
35
35
36
37
37
36
35
35
36
35
36
36
35
35
34
35
34
35
35
36
35
32
31
31
31
31
32
30
29
28
29
29
31
31
30
29
28
28
28
30
31
30
31
31
31
32
32
32
31
31
31
33
32
33
35
34
34
33
29
29
30
31
31
31
30
30
31
30
29
29
28
29
30
30
30
29
28
26
27
29
29
28
30
29
29
27
28
28
27
27
29
30
29
27
29
30
31
30
29
30
30
31
30
29
28
29
31
31
29
30
29
31
31
31
31
30
30
30
29
30
31
31
31
32
31
30
31
32
31
32
31
31
31
32
31
31
31
32
32
32
32
32
33
35
35
35
33
33
33
35
36
36
36
35
34
34
35
36
35
34
33
33
32
34
34
33
32
32
32
34
33
32
33
32
31
32
33
33
35
34
34
34
34
35
34
34
35
36
35
34
33
33
32
33
34
34
36
36
34
34
33
34
34
34
34
33
32
33
34
34
35
35
35
33
35
35
36
36
36
37
36
36
37
37
36
38
35
37
36
36
36
35
33
31
32
32
33
33
32
31
30
30
30
30
32
32
31
31
31
31
31
31
30
31
31
31
30
28
28
30
31
31
32
31
31
31
31
31
32
33
35
35
34
34
31
33
32
32
32
32
30
30
30
31
29
29
29
30
31
31
30
30
29
29
28
28
28
30
30
32
30
29
28
28
28
31
31
30
28
27
27
30
30
28
28
29
30
30
30
30
30
30
31
31
31
32
30
32
31
29
28
28
28
29
28
29
31
31
30
28
26
27
27
28
30
28
27
26
25
27
29
28
27
27
26
28
28
28
27
26
27
27
28
28
30
28
28
27
26
25
26
27
26
25
24
24
24
26
26
26
26
27
27
27
27
25
25
27
27
28
27
27
26
26
26
26
26
26
25
26
27
28
28
27
26
27
26
28
28
27
27
26
23
25
25
26
26
25
25
24
25
26
26
25
24
24
25
23
22
23
23
25
25
26
27
25
25
25
24
25
25
25
25
23
23
25
26
27
27
27
25
25
26
28
28
29
28
27
26
26
27
28
29
30
30
29
30
31
33
32
31
32
31
30
30
30
30
29
30
29
29
30
32
31
31
31
29
29
29
29
29
28
29
29
29
28
29
31
31
29
29
27
27
29
28
28
27
26
25
26
27
26
27
26
24
22
23
24
26
26
27
25
26
26
26
26
27
27
26
24
24
25
25
26
26
24
25
24
23
25
24
26
26
26
24
24
23
23
24
26
26
27
28
26
25
26
28
26
26
26
26
25
24
25
25
25
26
26
27
26
26
26
26
27
26
25
25
27
28
27
26
27
27
28
26
27
25
26
27
28
28
27
27
27
29
29
29
29
29
27
28
27
27
29
30
30
29
29
28
28
30
30
29
27
28
29
29
31
32
32
32
30
30
28
28
27
28
29
28
28
26
27
26
26
25
26
26
27
27
27
26
27
27
26
27
26
26
26
28
29
28
28
28
27
27
27
26
26
26
27
28
28
27
26
26
28
29
31
30
28
27
26
27
28
28
28
28
27
26
27
28
28
29
29
29
28
28
27
27
28
30
30
31
31
31
30
30
30
30
30
31
30
31
31
33
33
33
32
31
32
34
34
34
34
33
34
35
35
35
35
35
36
38
38
38
38
38
36
34
35
35
35
36
36
37
36
37
37
38
38
36
35
35
35
35
36
37
37
37
36
35
35
36
35
36
37
37
38
38
37
36
39
38
38
37
37
38
38
38
37
38
39
39
37
35
36
36
36
36
36
36
36
36
35
36
35
34
33
33
33
35
37
37
36
35
37
36
36
36
33
32
34
35
36
34
33
34
34
36
34
33
33
33
33
33
34
34
34
36
34
33
34
34
33
33
33
33
33
33
33
34
35
34
35
33
33
32
33
34
34
35
33
32
32
32
33
34
34
33
33
33
32
34
33
33
31
31
31
32
32
31
32
31
30
30
29
29
30
29
30
31
31
30
28
29
27
27
28
29
27
27
26
26
25
25
27
27
27
27
26
27
27
29
29
27
27
26
27
26
26
26
27
28
28
27
26
26
26
26
26
25
24
24
24
25
27
29
29
28
27
27
25
26
26
27
27
26
25
24
26
27
27
27
28
27
26
25
27
29
28
29
28
28
29
29
28
28
29
26
28
26
27
28
28
27
27
28
27
26
25
25
28
30
31
29
30
28
30
31
31
32
31
31
28
29
30
30
29
29
29
30
32
32
32
33
32
33
34
35
33
32
32
31
31
32
34
33
34
35
35
36
34
32
31
31
31
31
32
31
31
30
30
31
32
32
31
30
29
28
28
29
29
30
30
30
29
29
29
29
30
31
31
30
31
31
31
30
29
29
30
31
32
32
33
32
32
31
30
29
29
29
30
29
28
28
29
29
29
28
29
32
30
28
26
26
26
26
25
25
24
25
24
22
24
25
23
23
22
23
23
23
23
24
25
25
24
25
24
24
26
26
26
28
28
26
26
26
25
26
26
26
26
26
24
27
25
27
26
26
26
26
26
26
26
27
27
28
27
27
27
27
27
27
26
26
27
26
25
25
26
26
26
25
25
24
25
25
23
22
22
24
22
22
22
22
20
21
19
20
21
21
21
19
18
19
19
18
18
19
17
18
17
17
17
18
18
18
19
20
21
20
20
20
20
20
20
22
20
20
21
21
22
22
23
22
24
23
23
22
23
23
21
22
22
23
23
23
22
22
23
24
25
24
22
22
21
22
24
24
25
23
23
23
22
23
23
22
22
22
22
22
22
23
24
25
23
23
24
24
25
26
27
29
29
27
27
28
30
29
29
29
29
30
31
30
31
32
32
32
31
32
33
34
33
31
33
33
34
33
33
33
31
30
31
30
31
32
30
29
30
30
31
30
29
28
27
28
29
30
29
28
27
26
27
28
30
27
26
24
23
23
26
27
29
29
27
27
28
30
30
28
28
29
29
29
29
29
28
29
28
28
29
29
29
29
29
31
31
31
31
32
33
33
30
29
30
31
33
33
32
33
34
34
33
31
31
31
30
32
33
34
33
33
32
31
32
32
34
35
35
35
32
31
31
32
32
32
31
31
32
32
32
34
33
33
31
30
30
31
31
31
31
31
33
32
33
33
31
30
30
29
31
30
31
31
31
32
32
32
31
30
29
29
28
28
28
27
29
29
30
29
28
28
27
27
28
27
25
26
24
25
25
24
26
27
26
24
22
23
25
26
26
25
25
25
24
25
25
26
27
26
26
27
28
28
29
31
29
29
29
29
30
31
32
31
31
31
31
31
32
31
31
32
32
31
32
31
32
31
30
30
30
32
32
31
31
31
32
33
33
31
32
31
31
30
29
32
31
32
32
32
31
31
30
30
30
29
29
29
29
29
28
29
28
29
31
30
30
28
29
31
33
32
32
32
31
30
31
32
32
33
32
31
32
33
34
34
33
33
32
33
32
32
30
30
31
31
33
33
33
34
33
31
32
32
31
30
29
29
29
30
31
30
29
27
26
24
25
25
25
23
23
23
22
23
25
25
25
25
24
24
25
26
25
26
27
27
27
27
26
27
29
29
29
28
27
28
28
27
27
26
26
26
26
27
28
29
26
25
26
26
28
28
26
25
26
26
26
27
26
27
27
27
28
26
25
25
25
25
26
25
26
25
24
23
22
22
24
24
24
24
22
22
22
23
22
22
22
22
22
20
20
23
23
22
21
20
20
19
19
19
19
19
20
20
19
19
19
19
19
19
18
18
19
19
21
21
23
23
22
20
20
19
20
20
20
22
22
23
20
19
19
20
21
22
20
19
19
18
17
19
19
19
20
20
19
18
17
17
17
18
17
17
18
19
18
18
17
15
15
15
15
14
15
17
17
18
18
17
18
19
18
17
15
16
16
18
18
19
20
21
20
16
16
15
15
15
15
15
15
15
13
12
14
16
14
13
12
12
12
11
11
11
13
14
13
14
14
14
15
15
15
14
15
14
12
12
13
14
15
14
14
13
12
11
12
11
11
10
9
10
11
12
12
11
11
10
8
9
10
12
11
11
11
10
11
12
12
11
11
11
11
11
11
11
11
10
9
9
10
10
9
9
10
9
9
9
9
10
12
13
12
12
11
11
9
9
8
8
9
10
9
8
9
8
8
8
10
10
10
8
7
7
8
9
9
10
11
10
8
8
7
9
12
12
12
11
9
8
8
9
10
11
10
10
8
7
6
7
7
6
6
6
6
6
5
5
6
9
8
9
8
6
7
6
6
7
8
8
8
6
5
5
7
8
7
5
5
6
7
7
5
3
5
5
6
6
6
7
8
7
6
6
7
7
6
6
6
5
7
6
6
8
9
8
9
9
8
9
8
9
8
8
8
7
7
9
9
8
9
9
8
9
8
8
9
8
9
9
9
10
9
11
10
12
11
11
11
11
12
12
12
11
11
10
12
13
13
14
14
15
13
13
13
11
12
11
10
10
10
10
12
12
12
12
10
9
9
10
11
13
15
14
13
12
11
12
13
12
11
11
10
10
11
11
10
10
11
11
11
12
11
12
11
11
11
11
12
11
14
16
16
15
16
15
18
17
16
15
13
15
16
17
17
17
18
18
19
19
20
19
18
19
18
18
19
18
18
18
18
18
16
16
19
21
20
21
20
20
22
22
21
21
21
21
20
21
21
22
21
20
19
19
21
21
21
22
21
23
25
24
22
21
22
23
23
24
24
24
24
23
22
21
20
21
23
23
23
22
22
22
24
25
25
24
24
23
24
24
25
25
26
25
25
26
26
24
23
23
23
22
22
22
21
21
21
21
21
21
21
20
19
18
19
19
20
20
21
21
20
18
18
20
19
19
20
18
19
17
17
18
16
16
16
16
18
17
16
17
17
15
17
17
17
17
17
16
17
17
17
17
17
17
17
17
15
15
15
15
15
15
13
15
16
15
15
16
15
15
14
15
16
17
17
18
18
18
16
15
14
15
15
17
18
18
18
18
18
18
18
18
18
18
15
14
14
15
16
16
15
15
15
15
15
16
14
12
12
12
13
15
15
15
14
15
16
16
15
16
17
17
15
15
14
14
12
13
12
12
13
12
11
11
11
11
10
8
10
10
10
10
8
9
9
10
10
8
8
7
6
5
7
7
8
8
9
9
8
7
8
8
7
8
9
8
8
7
9
8
9
9
10
9
8
7
8
10
11
10
9
9
9
10
9
9
7
8
9
11
11
10
9
9
10
9
10
11
10
11
12
10
10
11
13
14
16
14
12
13
13
14
14
16
18
16
15
13
12
12
14
15
16
14
14
12
13
13
13
14
12
10
10
11
13
15
13
12
11
11
10
11
13
11
12
12
12
10
9
12
13
14
13
10
10
13
13
14
13
11
12
13
12
11
12
13
13
13
12
12
11
12
11
12
10
9
9
8
7
7
9
8
8
6
8
8
10
9
7
8
6
6
7
7
7
7
8
7
7
8
8
8
10
9
7
7
8
8
8
8
8
7
8
8
9
8
8
6
6
5
5
6
7
5
6
6
6
7
7
6
7
7
5
5
6
7
8
6
5
4
6
6
5
5
5
5
6
5
5
6
8
9
9
8
6
6
6
5
5
4
4
5
6
5
4
3
3
2
1
1
0
-1
-1
-1
1
3
2
0
-1
-1
0
-2
-2
-3
-1
-1
-2
-3
-3
-2
-1
-2
-4
-3
-3
-2
-1
-2
-4
-4
-5
-4
-4
-5
-4
-3
-2
-3
-5
-5
-4
-4
-5
-6
-8
-7
-7
-6
-5
-6
-7
-7
-5
-5
-5
-6
-6
-5
-3
-4
-5
-6
-7
-7
-7
-7
-5
-4
-4
-4
-5
-3
-3
-4
-5
-6
-4
-4
-3
-3
-3
-3
-4
-2
-3
-3
-2
-3
-3
-4
-4
-3
-3
-4
-4
-4
-3
-3
-3
-2
-1
-1
0
-1
-1
-2
-1
-1
-1
-1
-1
0
1
2
2
1
0
0
0
0
-1
-2
-1
0
1
1
-1
-2
-4
-5
-5
-3
-2
-3
-4
-5
-5
-3
-5
-4
-1
-1
-1
-3
-3
-1
0
0
-1
-2
-1
-2
1
0
2
1
1
2
1
2
3
4
3
3
2
3
4
4
4
4
5
5
6
5
5
6
5
4
3
5
6
6
6
7
7
7
8
8
6
4
3
2
4
5
5
6
8
6
7
5
5
7
9
9
7
7
5
5
7
9
8
8
8
6
8
8
8
8
8
7
7
6
6
7
8
8
9
8
9
10
9
9
9
10
12
11
9
7
5
7
10
13
13
12
10
9
8
7
8
7
8
9
9
8
8
8
9
10
9
6
6
7
9
10
12
10
9
9
8
7
6
5
6
6
8
9
8
9
7
5
5
3
6
8
9
10
10
9
9
8
7
8
8
7
7
6
7
7
8
9
8
6
6
4
3
4
2
1
0
1
1
2
2
3
3
2
1
0
-2
-2
-2
-1
-1
1
1
0
0
1
1
1
1
1
-1
-1
-2
-2
-1
0
0
0
-1
-1
-2
-2
-2
-2
-4
-5
-4
-3
-3
-2
-5
-5
-4
-5
-3
-4
-5
-7
-7
-7
-8
-7
-6
-5
-4
-3
-3
-3
-2
-2
-3
-5
-4
-5
-5
-4
-3
-3
-4
-3
-2
-3
-5
-6
-5
-5
-5
-4
-5
-6
-5
-5
-5
-6
-8
-10
-11
-12
-11
-12
-12
-12
-12
-13
-13
-15
-17
-17
-18
-17
-14
-13
-13
-12
-13
-14
-15
-14
-13
-12
-13
-12
-13
-14
-14
-13
-13
-13
-14
-15
-15
-14
-14
-15
-16
-15
-14
-16
-16
-16
-18
-18
-18
-18
-17
-16
-17
-18
-20
-20
-21
-20
-20
-20
-20
-20
-21
-20
-20
-20
-20
-21
-22
-21
-18
-17
-18
-19
-19
-17
-17
-17
-19
-19
-19
-19
-19
-20
-20
-18
-18
-19
-20
-21
-20
-20
-20
-21
-22
-22
-20
-19
-19
-20
-21
-20
-20
-19
-20
-19
-18
-18
-18
-17
-16
-16
-17
-18
-18
-18
-16
-18
-20
-20
-21
-22
-22
-22
-22
-21
-22
-23
-23
-23
-22
-22
-23
-25
-25
-24
-24
-26
-26
-25
-24
-24
-25
-27
-28
-28
-25
-25
-25
-25
-25
-24
-25
-25
-25
-25
-25
-26
-26
-25
-24
-23
-25
-24
-25
-24
-24
-25
-25
-25
-24
-25
-25
-26
-24
-25
-25
-24
-26
-27
-26
-26
-26
-26
-24
-25
-24
-24
-23
-25
-25
-27
-25
-23
-22
-22
-20
-21
-22
-21
-21
-20
-20
-21
-21
-21
-20
-21
-22
-23
-23
-22
-20
-21
-22
-22
-21
-21
-22
-21
-22
-23
-23
-23
-21
-19
-19
-21
-22
-24
-22
-22
-23
-24
-23
-26
-26
-24
-23
-22
-22
-23
-24
-25
-25
-23
-23
-22
-24
-24
-22
-21
-20
-21
-20
-21
-21
-20
-21
-21
-19
-18
-20
-23
-24
-24
-22
-22
-23
-23
-23
-25
-25
-26
-25
-25
-25
-26
-27
-28
-26
-25
-24
-24
-23
-22
-22
-22
-22
-23
-22
-23
-24
-25
-26
-24
-24
-23
-21
-21
-20
-22
-23
-24
-25
-24
-25
-23
-24
-23
-24
-24
-23
-23
-21
-23
-24
-25
-25
-26
-26
-26
-26
-25
-24
-25
-25
-23
-24
-25
-25
-23
-24
-22
-22
-21
-21
-22
-22
-23
-23
-22
-20
-19
-19
-20
-20
-21
-20
-21
-20
-20
-21
-22
-23
-24
-24
-25
-25
-25
-25
-25
-26
-26
-26
-25
-25
-24
-23
-23
-26
-25
-25
-25
-23
-24
-23
-24
-23
-22
-22
-22
-21
-21
-22
-22
-22
-21
-21
-20
-21
-20
-21
-19
-18
-19
-21
-22
-22
-23
-23
-21
-22
-21
-20
-22
-21
-21
-20
-21
-22
-23
-24
-24
-22
-21
-21
-21
-21
-22
-21
-20
-20
-19
-20
-21
-21
-20
-17
-16
-17
-16
-17
-16
-15
-16
-16
-16
-15
-16
-16
-16
-14
-14
-16
-18
-19
-18
-17
-16
-18
-19
-20
-20
-20
-19
-19
-18
-17
-19
-17
-17
-18
-16
-15
-16
-15
-16
-16
-16
-17
-15
-13
-12
-11
-9
-10
-12
-13
-14
-14
-13
-13
-13
-13
-14
-13
-13
-13
-12
-13
-14
-14
-14
-15
-14
-15
-15
-15
-13
-14
-13
-13
-14
-14
-12
-11
-12
-12
-13
-12
-11
-10
-9
-9
-12
-12
-11
-10
-8
-8
-8
-9
-8
-8
-7
-7
-8
-10
-9
-10
-9
-8
-7
-4
-5
-5
-7
-7
-6
-5
-5
-4
-4
-4
-4
-2
-1
-1
-2
-3
-3
-2
-2
-2
-2
-2
-3
-4
-2
-3
-3
-4
-2
-3
-3
-3
-3
-2
-1
-1
-2
-3
-2
-3
-4
-3
-4
-3
-1
0
-2
-4
-4
-3
-4
-3
-3
-2
-2
-3
-2
-2
-2
-1
-2
-3
-4
-4
-1
-2
-2
-4
-2
-1
0
-1
-1
-1
-3
-4
-3
-5
-7
-7
-7
-4
-6
-4
-5
-6
-8
-6
-6
-6
-8
-9
-9
-9
-8
-8
-6
-5
-7
-9
-10
-10
-9
-9
-11
-11
-12
-11
-8
-8
-8
-7
-9
-8
-9
-8
-8
-8
-9
-10
-9
-9
-8
-8
-9
-10
-10
-7
-8
-9
-9
-9
-8
-9
-9
-11
-10
-10
-9
-11
-11
-12
-11
-10
-11
-11
-13
-12
-11
-11
-10
-12
-11
-11
-12
-12
-11
-11
-11
-11
-13
-12
-10
-9
-9
-10
-10
-11
-11
-10
-10
-11
-11
-13
-13
-14
-14
-14
-15
-14
-13
-15
-14
-15
-15
-13
-13
-12
-14
-14
-15
-14
-13
-14
-16
-16
-15
-15
-14
-13
-14
-13
-12
-13
-11
-10
-10
-11
-11
-12
-10
-10
-11
-11
-12
-12
-13
-12
-12
-10
-9
-10
-13
-15
-15
-13
-11
-11
-13
-14
-15
-13
-12
-12
-12
-13
-13
-12
-12
-11
-12
-12
-12
-12
-12
-12
-12
-12
-13
-11
-11
-9
-9
-8
-8
-8
-9
-11
-10
-10
-10
-12
-13
-13
-12
-13
-14
-13
-13
-14
-15
-15
-15
-16
-14
-14
-15
-16
-15
-12
-11
-10
-11
-13
-14
-14
-13
-11
-11
-11
-13
-12
-12
-14
-12
-12
-13
-15
-16
-14
-14
-15
-14
-16
-16
-16
-16
-14
-15
-18
-17
-17
-15
-16
-16
-18
-20
-22
-22
-21
-19
-18
-20
-20
-21
-22
-21
-19
-19
-20
-21
-21
-19
-18
-16
-16
-16
-19
-19
-17
-17
-15
-16
-16
-16
-18
-18
-17
-18
-18
-17
-17
-19
-17
-19
-18
-19
-20
-20
-18
-18
-19
-19
-20
-18
-19
-19
-18
-18
-20
-20
-20
-19
-20
-19
-20
-21
-21
-22
-20
-19
-22
-23
-21
-20
-21
-20
-20
-21
-22
-22
-22
-21
-21
-20
-20
-23
-23
-23
-22
-22
-23
-23
-22
-23
-23
-25
-24
-23
-27
-26
-27
-27
-26
-25
-25
-25
-24
-25
-25
-28
-26
-26
-25
-25
-25
-24
-24
-25
-25
-24
-23
-22
-22
-24
-23
-26
-25
-24
-24
-24
-26
-26
-28
-27
-27
-27
-26
-26
-26
-27
-26
-27
-26
-22
-22
-24
-27
-27
-27
-26
-25
-25
-23
-22
-25
-25
-24
-25
-25
-23
-22
-25
-24
-24
-22
-21
-23
-22
-22
-23
-24
-24
-24
-23
-24
-24
-23
-22
-22
-22
-23
-22
-23
-24
-23
-27
-27
-25
-24
-25
-27
-27
-26
-24
-25
-24
-26
-26
-24
-23
-22
-23
-22
-21
-20
-22
-23
-23
-23
-23
-22
-20
-20
-20
-21
-23
-23
-24
-24
-25
-23
-21
-22
-20
-21
-23
-22
-23
-23
-22
-24
-24
-23
-25
-25
-24
-24
-26
-25
-24
-22
-23
-26
-25
-25
-24
-24
-25
-22
-24
-24
-23
-22
-22
-23
-21
-23
-23
-24
-23
-21
-22
-23
-24
-23
-25
-26
-24
-22
-24
-24
-22
-22
-21
-22
-23
-22
-23
-24
-21
-22
-23
-23
-23
-21
-22
-23
-22
-23
-23
-24
-22
-21
-23
-23
-22
-21
-24
-24
-22
-22
-24
-26
-24
-24
-25
-24
-22
-24
-25
-26
-26
-24
-28
-27
-27
-27
-29
-28
-27
-26
-28
-30
-28
-28
-28
-28
-27
-28
-28
-27
-27
-26
-27
-27
-26
-27
-28
-27
-28
-28
-30
-28
-27
-27
-28
-30
-30
-29
-30
-29
-28
-29
-30
-30
-29
-30
-31
-30
-31
-32
-31
-29
-28
-31
-31
-31
-31
-33
-30
-30
-29
-30
-31
-32
-33
-33
-31
-30
-31
-30
-30
-29
-27
-29
-28
-26
-27
-29
-29
-30
-27
-28
-28
-26
-29
-29
-30
-31
-30
-30
-30
-28
-30
-32
-31
-30
-30
-30
-33
-33
-35
-34
-34
-33
-33
-32
-32
-33
-33
-35
-34
-32
-33
-32
-33
-33
-34
-33
-34
-32
-34
-33
-32
-32
-31
-33
-32
-31
-30
-31
-32
-34
-35
-33
-33
-32
-33
-33
-31
-32
-32
-31
-31
-30
-30
-33
-33
-33
-34
-30
-28
-30
-30
-30
-31
-32
-31
-30
-28
-30
-29
-29
-30
-29
-28
-28
-27
-26
-27
-27
-28
-30
-29
-27
-28
-26
-27
-29
-28
-29
-27
-26
-29
-28
-29
-28
-28
-29
-29
-27
-27
-27
-29
-29
-28
-27
-26
-26
-27
-27
-27
-27
-26
-25
-25
-26
-24
-24
-24
-23
-24
-22
-22
-24
-23
-23
-22
-24
-21
-24
-25
-25
-29
-27
-30
-27
-27
-26
-27
-28
-26
-28
-25
-29
-25
-28
-27
-27
-29
-28
-26
-26
-27
-25
-28
-25
-24
-28
-26
-27
-26
-24
-27
-27
-27
-29
-28
-25
-28
-27
-27
-29
-28
-27
-29
-27
-30
-30
-27
-30
-31
-28
-28
-27
-25
-29
-28
-30
-33
-28
-30
-30
-27
-31
-30
-29
-31
-28
-27
-29
-27
-30
-34
-30
-32
-29
-28
-28
-27
-29
-32
-31
-29
-32
-30
-33
-32
-31
-34
-33
-31
-35
-33
-32
-34
-32
-32
-34
-31
-37
-35
-31
-33
-28
-31
-33
-34
-33
-34
-31
-29
-30
-28
-33
-31
-32
-32
-31
-32
-34
-34
-31
-35
-31
-35
-36
-32
-35
-31
-32
-35
-32
-33
-35
-34
-37
-36
-33
-35
-35
-33
-37
-36
-38
-39
-38
-38
-39
-39
-38
-41
-39
-41
-43
-40
-40
-39
-38
-43
-41
-40
-39
-38
-39
-40
-37
-40
-36
-39
-41
-39
-37
-37
-38
-39
-42
-36
-39
-39
-38
-43
-38
-39
-41
-40
-39
-40
-39
-41
-40
-41
-42
-43
-41
-46
-39
-41
-41
-40
-41
-42
-41
-41
-43
-37
-41
-39
-37
-40
-36
-38
-40
-37
-36
-39
-35
-38
-40
-34
-37
-37
-38
-38
-38
-32
-37
-34
-34
-39
-34
-39
-39
-36
-37
-37
-39
-38
-39
-37
-39
-41
-37
-40
-36
-38
-40
-38
-38
-38
-37
-36
-37
-32
-35
-38
-35
-37
-35
-32
-36
-34
-33
-36
-30
-34
-33
-33
-37
-37
-33
-35
-37
-32
-40
-36
-36
-39
-34
-37
-38
-36
-38
-40
-35
-42
-35
-36
-40
-37
-38
-39
-38
-39
-41
-37
-42
-41
-37
-41
-39
-40
-41
-37
-36
-38
-38
-40
-41
-37
-37
-38
-36
-38
-38
-38
-39
-37
-37
-36
-38
-35
-38
-40
-42
-43
-38
-41
-39
-38
-38
-35
-36
-34
-34
-36
-34
-34
-33
-34
-33
-32
-32
-32
-33
-35
-30
-33
-30
-31
-35
-30
-34
-32
-32
-33
-32
-32
-30
-32
-27
-31
-32
-29
-34
-27
-31
-28
-29
-30
-29
-30
-31
-32
-31
-32
-33
-33
-34
-31
-30
-30
-32
-33
-34
-36
-36
-32
-36
-34
-37
-37
-35
-35
-36
-38
-40
-43
-39
-39
-40
-38
-43
-40
-41
-43
-39
-43
-40
-42
-43
-41
-44
-43
-39
-44
-40
-39
-43
-40
-40
-40
-38
-41
-44
-39
-42
-40
-40
-42
-41
-39
-39
-36
-34
-37
-33
-34
-36
-29
-34
-32
-30
-29
-31
-24
-30
-26
-26
-30
-24
-24
-26
-23
-24
-27
-21
-22
-21
-17
-23
-23
-21
-24
-20
-21
-20
-20
-20
-20
-21
-18
-22
-16
-20
-19
-18
-19
-19
-21
-20
-23
-19
-20
-21
-21
-23
-27
-25
-26
-28
-23
-32
-29
-33
-33
-33
-32
-35
-35
-35
-38
-34
-38
-37
-38
-41
-39
-41
-42
-41
-43
-43
-45
-44
-45
-44
-46
-47
-47
-50
-47
-51
-44
-47
-45
-47
-45
-46
-43
-46
-44
-44
-48
-41
-44
-41
-35
-38
-32
-30
-31
-33
-27
-30
-25
-22
-28
-19
-20
-18
-13
-13
-11
-6
-6
-7
-2
-1
0
3
1
1
7
6
9
10
9
10
10
9
10
14
10
16
13
11
10
8
8
4
8
1
4
1
-1
-3
-8
-9
-14
-13
-19
-15
-23
-25
-25
-35
-34
-36
-43
-41
-44
-50
-49
-55
-59
-59
-61
-67
-66
-72
-80
-72
-85
-83
-87
-93
-95
-96
-105
-104
-101
-115
-106
-112
-121
-110
-120
-122
-118
-124
-124
-120
-125
-122
-115
-121
-114
-110
-111
-109
-101
-102
-89
-83
-79
-67
-63
-56
-43
-35
-26
-12
-8
5
16
23
43
46
62
66
75
84
90
108
108
119
120
127
129
133
136
134
137
132
127
127
122
118
113
103
95
87
75
67
56
44
36
23
11
-3
-12
-22
-38
-46
-61
-83
-78
-103
-116
-114
-132
-156
-137
-170
-170
-172
-196
-194
-200
-214
-218
-211
-239
-233
-237
-253
-250
-263
-267
-259
-291
-267
-278
-288
-287
-269
-264
-277
-250
-269
-257
-224
-219
-203
-198
-170
-164
-140
-124
-105
-71
-60
-44
-25
-5
14
34
51
64
75
84
93
107
116
126
130
130
135
140
138
145
140
142
134
130
131
136
132
134
123
114
120
111
124
112
103
102
94
96
97
99
93
94
84
80
95
84
95
88
79
86
85
78
91
78
82
78
69
69
75
61
57
50
30
27
7
7
-20
-41
-42
-74
-85
-96
-119
-141
-159
-190
-199
-236
-254
-250
-296
-306
-309
-362
-353
-381
-375
-394
-391
-444
-371
-371
-438
-361
-429
-357
-333
-343
-320
-309
-274
-240
-218
-212
-151
-109
-131
-65
-55
-17
30
32
55
96
98
122
146
151
177
196
179
198
201
201
217
204
197
201
185
182
185
160
159
151
134
121
99
96
89
78
62
46
44
29
34
24
21
19
-3
2
3
16
13
17
12
20
34
41
52
65
71
82
86
96
110
126
133
134
132
149
148
161
147
147
142
134
108
122
88
83
65
67
-21
33
-14
-62
-39
-103
-122
-156
-164
-257
-183
-322
-268
-339
-362
-389
-395
-475
-454
-420
-529
-451
-419
-626
-409
-543
-510
-394
-480
-450
-400
-396
-388
-280
-325
-267
-167
-241
-160
-90
-114
1
0
9
64
90
89
162
154
182
216
190
206
252
223
267
253
232
252
233
225
251
220
214
202
181
164
166
156
149
152
89
86
93
71
94
62
46
53
45
28
53
51
52
47
48
50
79
92
87
107
109
123
137
148
159
168
187
174
180
213
184
203
202
170
171
184
138
157
108
118
81
41
59
-21
-1
-40
-138
-57
-211
-153
-232
-293
-263
-359
-390
-396
-513
-485
-538
-552
-528
-574
-561
-643
-621
-622
-610
-509
-611
-542
-509
-540
-435
-435
-388
-318
-284
-262
-232
-151
-117
-26
-11
13
68
76
133
170
207
246
261
255
281
304
317
351
342
318
341
317
326
335
313
315
291
256
245
232
225
218
166
134
105
96
106
41
76
-1
6
8
-55
20
8
-34
-15
-24
-22
49
28
28
72
80
78
138
142
165
217
189
207
249
260
289
300
281
289
299
293
300
278
284
265
226
222
191
175
191
94
99
16
29
-55
-8
-154
-135
-169
-298
-226
-366
-327
-420
-456
-486
-617
-547
-638
-663
-587
-681
-612
-726
-765
-635
-715
-582
-611
-643
-585
-513
-525
-439
-376
-348
-274
-225
-250
-130
-54
-10
60
53
107
154
190
222
286
292
325
333
320
367
398
390
410
370
370
374
367
364
359
336
317
288
259
247
277
214
213
147
122
132
119
103
123
103
33
45
40
54
129
53
45
50
72
104
130
134
140
156
165
189
220
234
270
249
212
269
281
268
318
276
256
291
258
261
219
215
193
128
93
83
63
11
-1
-119
-150
-127
-237
-315
-212
-494
-330
-504
-606
-518
-677
-668
-708
-714
-763
-630
-802
-825
-752
-879
-575
-683
-802
-616
-642
-589
-454
-500
-450
-275
-267
-315
-123
-159
1
94
5
123
183
209
265
305
331
421
398
379
443
456
488
515
437
458
479
428
461
435
402
407
363
307
312
296
285
279
174
163
146
167
122
93
76
92
51
32
25
60
92
32
27
41
85
120
122
101
143
177
178
201
203
225
314
221
259
295
341
325
352
339
235
401
238
275
274
212
242
147
128
73
79
-1
20
-166
-94
-243
-166
-279
-470
-330
-519
-598
-524
-751
-708
-731
-748
-875
-826
-701
-992
-808
-889
-956
-661
-789
-807
-694
-712
-627
-476
-501
-493
-260
-262
-248
-126
-124
58
144
90
194
230
303
356
400
410
513
494
474
533
517
580
589
517
535
518
489
511
473
448
432
388
328
356
305
259
289
147
165
203
27
154
49
5
103
-29
-2
16
-9
12
46
-19
29
78
68
108
126
116
184
209
194
269
296
252
398
306
346
458
357
411
409
338
323
412
262
261
294
188
140
69
130
-23
-1
-142
-144
-242
-382
-239
-534
-476
-593
-677
-754
-744
-963
-759
-939
-981
-894
-840
-1135
-859
-1192
-884
-766
-934
-819
-819
-743
-614
-495
-593
-413
-222
-269
-185
-106
-50
225
155
227
267
374
427
497
498
577
654
612
599
670
638
732
675
628
619
608
574
581
526
504
458
404
382
331
280
317
243
131
138
57
104
100
11
16
0
-28
-10
-24
-7
19
8
-36
5
95
95
134
144
135
251
253
261
332
336
392
413
362
451
433
467
545
349
378
468
317
327
361
259
231
128
76
146
-177
20
-216
-278
-328
-384
-552
-505
-706
-748
-777
-942
-964
-1093
-908
-1127
-994
-986
-1199
-1101
-1042
-1203
-764
-961
-923
-832
-812
-670
-504
-507
-439
-212
-197
-164
9
39
266
342
325
413
472
564
642
690
720
800
761
737
797
799
819
826
720
726
670
638
620
608
529
474
407
371
317
303
213
205
125
50
62
34
12
-22
-62
-52
-63
-76
-57
-63
2
-19
-25
27
80
108
198
178
201
317
309
404
394
424
520
449
532
528
524
570
542
489
416
421
416
407
257
281
195
154
-39
8
-84
-217
-161
-455
-559
-446
-793
-681
-848
-1099
-988
-1164
-1080
-1210
-1272
-1146
-1132
-1380
-1143
-1421
-1079
-952
-992
-1001
-905
-878
-608
-448
-544
-367
-120
-120
-37
89
195
467
494
528
537
683
762
862
858
936
942
923
923
937
913
978
889
827
768
706
652
668
565
515
442
334
297
227
160
183
116
-8
-45
-104
-60
-46
-101
-137
-125
-154
-114
-95
-60
-9
-13
-3
78
87
206
292
297
293
395
459
464
534
570
606
639
549
547
782
483
599
531
380
410
359
237
280
61
-6
-38
-162
-320
-414
-370
-698
-631
-925
-997
-918
-1255
-1317
-1245
-1338
-1563
-1279
-1360
-1498
-1275
-1483
-1598
-1040
-1152
-1049
-960
-1068
-816
-492
-478
-470
-152
-70
158
126
211
430
672
801
798
769
912
1013
1112
1131
1143
1127
1154
1110
1033
1062
1023
997
936
735
629
627
585
532
419
231
182
167
23
-7
-14
-147
-175
-239
-353
-254
-237
-301
-274
-287
-293
-186
-192
-83
-40
-16
96
68
224
355
342
540
480
584
634
699
703
784
803
828
772
639
769
676
595
539
388
336
376
50
207
-81
-227
-274
-431
-658
-612
-891
-804
-1162
-1363
-1339
-1585
-1503
-1674
-1571
-1649
-1658
-1484
-1683
-1527
-1720
-1504
-983
-1123
-1105
-1049
-897
-527
-283
-277
-155
205
254
393
568
613
987
1086
1118
1125
1178
1236
1380
1435
1436
1352
1249
1201
1258
1187
1054
1021
821
726
582
393
385
333
120
20
-143
-192
-228
-369
-391
-444
-487
-565
-564
-542
-481
-437
-404
-371
-326
-255
-124
8
121
124
276
341
457
633
696
724
856
841
893
974
939
979
991
870
864
733
728
620
525
417
193
202
-32
-139
-326
-424
-707
-798
-982
-1240
-1282
-1432
-1706
-1775
-2049
-1912
-1989
-2127
-2011
-2035
-1632
-1895
-1786
-2061
-1608
-1069
-955
-1000
-914
-803
-205
11
118
257
690
801
986
1048
1126
1490
1708
1731
1695
1576
1596
1695
1789
1716
1534
1306
1210
1177
979
877
661
516
358
38
-116
-215
-348
-441
-623
-727
-847
-862
-990
-944
-942
-923
-889
-872
-799
-655
-498
-334
-180
-99
33
202
459
639
769
828
997
1097
1242
1315
1352
1390
1435
1379
1338
1316
1217
1166
1058
804
706
599
402
277
50
-242
-263
-560
-709
-879
-1335
-1201
-1633
-1723
-1854
-2293
-2203
-2432
-2457
-2433
-2680
-2489
-2709
-2264
-1901
-1891
-1790
-1857
-1819
-1055
-472
-467
-317
-146
144
848
975
972
1475
1765
1922
1993
1948
2024
2354
2428
2354
2189
1869
1698
1758
1660
1453
1013
681
526
374
-29
-290
-492
-606
-749
-1193
-1364
-1441
-1467
-1534
-1682
-1686
-1644
-1567
-1472
-1244
-1131
-867
-541
-349
-112
46
280
800
1142
1331
1399
1613
1851
2020
2171
2118
2186
2204
2142
2041
1915
1858
1749
1567
1330
1002
835
611
429
108
-119
-388
-607
-835
-1067
-1312
-1441
-1711
-1871
-2231
-2126
-2560
-2436
-2555
-2914
-2626
-3114
-2757
-2859
-2873
-2553
-2643
-2045
-1391
-1398
-1106
-1400
-1054
75
830
851
843
914
1450
2267
2354
2305
2712
2796
2952
2844
2531
2475
2592
2547
2357
1821
1078
762
764
642
291
-434
-924
-1076
-1311
-1597
-1870
-2077
-1971
-2125
-2348
-2419
-2465
-2192
-1857
-1704
-1633
-1470
-1381
-906
-258
11
318
613
816
1835
2069
2290
2341
2296
2883
3126
3165
3089
2837
2652
2665
2520
2308
2037
1670
1396
1221
820
486
328
79
-108
-438
-878
-1155
-1275
-1338
-1498
-1570
-2033
-1888
-2205
-2235
-2249
-2597
-2264
-2512
-2419
-2650
-2860
-2572
-2606
-2207
-2472
-2357
-1818
-1723
-310
-602
-404
-476
-471
856
1839
1774
1706
1609
2043
2782
2965
2640
2934
2975
2768
2690
2120
1824
1780
1553
1414
881
-75
-723
-801
-758
-878
-1530
-2211
-2262
-2275
-2369
-2543
-2650
-2343
-2050
-2014
-2004
-1930
-1570
-1031
-407
-87
7
83
345
1099
1587
1686
1842
1976
2355
2634
2544
2737
2900
2919
2755
2413
2242
2159
2122
1906
1547
1130
736
609
564
373
116
-260
-443
-520
-617
-744
-831
-963
-1028
-1172
-1299
-1381
-1253
-1226
-1283
-1466
-1865
-1833
-1769
-1708
-1601
-2169
-2286
-2413
-2271
-1933
-2120
-2388
-2046
-1653
-368
4
-571
-665
-928
602
1760
1941
1565
1313
1593
2421
2751
2499
2461
2546
2442
2492
1849
1158
984
1017
1185
880
-350
-1273
-1478
-1169
-928
-1360
-2069
-2309
-2264
-2184
-2140
-2179
-1925
-1499
-1196
-1027
-1087
-976
-448
385
1028
1025
776
809
1419
1965
2103
1948
1882
2118
2454
2284
2065
1736
1753
2058
2070
1663
1043
704
755
1044
924
416
10
-177
29
113
-74
-311
-411
-305
-262
-375
-570
-609
-490
-582
-584
-880
-888
-792
-1012
-1052
-1410
-1666
-1871
-1845
-2141
-1999
-2446
-2602
-2517
-2629
-2682
-2332
-2248
-1104
54
-519
-373
-1189
-431
1544
2325
2373
2054
1522
1984
2814
2901
3025
3024
2396
2441
2034
1234
820
436
552
807
-110
-1360
-2207
-2377
-1785
-1508
-1890
-2314
-2624
-2698
-2359
-2023
-1628
-1145
-797
-358
-161
-121
91
763
1716
2295
2195
1784
1747
1990
2357
2516
2471
2303
2029
1721
1456
1352
1186
1101
1045
778
482
19
-168
4
127
214
-119
-340
-380
-291
-29
25
111
24
20
-81
-76
-48
-128
-169
-266
-470
-564
-784
-1048
-1179
-1545
-1754
-2145
-2271
-2487
-2632
-2880
-3295
-3064
-2949
-2666
-2211
-2076
-492
-138
201
-346
-471
1011
2487
3225
3045
2497
2393
2895
3230
3396
3376
2758
2224
1899
1312
641
-162
-624
-378
-529
-1472
-2635
-3395
-3183
-2583
-2296
-2366
-2551
-2692
-2433
-1860
-1167
-526
-73
504
1063
1431
1537
1718
2304
3014
3403
3177
2732
2381
2179
2252
2211
1995
1560
914
518
380
138
-135
-382
-458
-250
-351
-667
-780
-702
-187
153
221
141
141
324
670
866
825
801
637
733
564
338
21
-269
-409
-563
-880
-1191
-1866
-2177
-2708
-2756
-2979
-3235
-3453
-3760
-3449
-3384
-3220
-3019
-2597
-1596
354
812
1103
521
211
2152
3647
4415
4341
3339
3094
3544
3496
3381
3005
2118
1783
1290
311
-731
-1931
-2339
-1841
-1754
-2518
-3671
-4526
-4164
-3212
-2498
-2115
-1973
-1791
-1259
-448
289
1088
1699
2448
3251
3484
3292
3011
3086
3636
3873
3438
2623
1706
1077
837
537
150
-345
-912
-1122
-1244
-1496
-1740
-1757
-1262
-559
-228
-260
-315
137
895
1627
1890
1810
1907
1920
2248
2178
1947
1575
1264
986
758
137
-526
-1128
-1549
-1648
-1949
-2480
-3104
-3675
-4170
-4165
-4308
-4170
-4024
-4091
-3447
-3257
-2646
-2526
-1717
-440
1861
2854
2893
2081
1648
3336
4782
5491
5193
4011
3332
3014
2528
2195
1641
765
160
-496
-1473
-2660
-3903
-4190
-3451
-2763
-2953
-3741
-4314
-3831
-2646
-1382
-404
217
668
1182
1901
2596
3200
3682
4211
4690
4582
3961
3057
2450
2218
1993
1508
702
-372
-1376
-2041
-2342
-2255
-2307
-2353
-2375
-2182
-1896
-1644
-1104
-223
890
1788
2262
2432
2814
3295
3715
3982
3874
3632
3326
2734
2172
1495
823
262
-333
-918
-1552
-2329
-2906
-3407
-3591
-3677
-3826
-4087
-4377
-4449
-4435
-3998
-3561
-3149
-2401
-1970
-1387
-972
-737
225
1170
3353
4063
4240
3203
2094
3007
3859
4436
4105
2695
1817
1113
319
-203
-660
-1231
-1464
-1893
-2496
-3218
-4107
-4185
-3198
-1969
-1380
-1545
-1905
-1412
-385
815
1805
2489
2881
3162
3279
3404
3433
3320
3386
3390
3003
2131
880
-78
-613
-949
-1272
-1816
-2439
-3037
-3238
-3199
-2776
-2444
-2042
-1365
-447
562
1216
1703
2281
3243
4269
4810
5031
4714
4416
4174
3675
3363
2627
1982
1268
476
-290
-1125
-1897
-2261
-2478
-2537
-2808
-3290
-3608
-3627
-3260
-2840
-2826
-2781
-3049
-2609
-1948
-1248
-1023
-997
-1311
-712
-274
-124
265
116
877
2532
2622
2651
1170
150
1254
2028
2595
2133
660
54
-115
-302
-104
-514
-1009
-1029
-969
-1021
-1396
-2225
-2146
-1098
-22
378
-56
-573
-246
564
1407
2028
2091
1982
1952
1973
2027
1823
1370
1177
1154
1011
416
-467
-1235
-1514
-1566
-1605
-1704
-1990
-2313
-2307
-2124
-1516
-944
-263
432
1266
2110
2327
2823
3110
4115
4697
4722
4277
3653
3272
2857
2445
1994
1235
685
52
-549
-939
-1542
-1881
-1929
-1808
-1688
-1763
-2232
-2307
-2194
-1670
-1192
-1045
-1072
-1173
-1313
-1102
-1254
-1016
-1198
-1452
-1402
-1704
-1548
-1926
-2059
-1686
-934
757
1355
1308
362
-419
490
1647
2639
2728
2007
1555
1383
1139
1055
743
505
460
404
48
-706
-1716
-2164
-1713
-876
-480
-764
-1288
-1354
-897
-209
465
903
1183
1420
1628
1762
1639
1375
1349
1516
1610
1281
561
-207
-703
-959
-972
-993
-1302
-1672
-2051
-2063
-1813
-1584
-1254
-635
547
1348
1968
2141
2393
3378
4008
4473
4482
3856
3552
3157
2760
2289
1551
919
451
152
-336
-1001
-1538
-1697
-1434
-1160
-1244
-1531
-1894
-1945
-1624
-1236
-886
-996
-965
-1105
-1117
-1190
-1520
-1409
-1565
-1593
-1882
-2258
-2532
-2488
-2286
-1972
-1133
173
1315
1685
897
230
949
2054
3101
3375
2777
2377
1931
1409
1283
866
446
108
-136
-317
-920
-2113
-2962
-2788
-1878
-1185
-1263
-1613
-1548
-1043
-364
376
1019
1541
1908
2230
2550
2446
2013
1668
1675
1836
1578
763
-157
-878
-1321
-1488
-1644
-1796
-1972
-2216
-2267
-2072
-1857
-1499
-944
-101
1163
1955
2308
2746
3350
4224
4627
4640
4372
4038
3430
2904
2288
1655
1021
491
-61
-512
-997
-1508
-1806
-1840
-1561
-1273
-1315
-1423
-1641
-1487
-1257
-959
-749
-646
-644
-569
-624
-789
-1125
-1597
-1679
-1881
-1809
-2175
-2650
-2765
-2786
-2079
-1113
457
1505
1780
1018
460
1230
2257
3129
3360
2951
2660
2022
1232
757
365
75
-73
-327
-713
-1510
-2674
-3269
-2965
-2022
-1377
-1299
-1404
-1182
-652
11
710
1378
1951
2374
2720
2856
2535
1960
1564
1511
1489
1084
287
-517
-1195
-1665
-2000
-2146
-2136
-2087
-1922
-1804
-1608
-1446
-1091
-329
731
1577
2091
2389
3116
3844
4318
4398
4087
3875
3563
2911
2320
1410
769
494
-29
-289
-890
-1506
-1737
-1767
-1374
-1149
-1088
-947
-869
-694
-701
-725
-502
-327
10
34
-87
-416
-772
-1063
-1246
-1609
-1907
-2525
-2952
-3279
-3368
-2940
-2382
-1748
-431
829
1372
1543
620
1209
2387
3205
3835
3347
2656
2415
1696
1329
821
120
-265
-542
-942
-1457
-2526
-3381
-3368
-2699
-1892
-1644
-1692
-1412
-818
-146
590
1276
1906
2410
2738
3029
2958
2429
1913
1705
1661
1403
681
-151
-797
-1279
-1628
-1909
-2130
-1991
-1926
-1755
-1600
-1557
-1237
-698
172
1205
1770
1904
2337
2855
3708
4083
3820
3384
3016
2633
2306
1624
963
452
213
105
-269
-708
-1211
-1224
-960
-696
-550
-539
-592
-309
-155
-200
-329
-537
-359
-93
58
-61
-629
-1021
-1364
-1752
-1964
-2584
-2865
-3219
-3439
-3296
-3101
-2648
-2153
-774
1009
1958
2267
1223
1355
2534
3335
3983
3598
2916
2623
1919
1263
574
-344
-933
-1182
-1317
-1632
-2622
-3682
-3928
-3234
-2244
-1803
-1724
-1337
-485
402
1105
1580
2099
2708
3304
3769
3740
3108
2390
1981
1787
1482
715
-142
-830
-1293
-1710
-2176
-2652
-2893
-2672
-2433
-1986
-1694
-1390
-883
-283
529
1298
1805
2289
2846
3561
4029
3964
3647
3037
2689
2331
1934
1517
928
454
218
-126
-424
-702
-879
-845
-765
-552
-412
-483
-459
-340
-147
-90
-305
-368
-170
-72
25
-186
-475
-816
-1180
-1624
-2086
-2646
-2993
-3307
-3381
-3435
-3255
-2885
-2310
-1178
570
1673
2110
1716
1359
2386
3017
3519
3663
3028
2715
2128
1261
577
-355
-963
-1165
-1378
-1690
-2425
-3382
-3768
-3405
-2531
-1885
-1603
-1105
-231
649
1322
1782
2339
3024
3613
4016
4006
3408
2666
2083
1693
1208
465
-360
-1009
-1581
-2018
-2552
-3072
-3421
-3321
-2836
-2427
-2006
-1742
-1102
-121
780
1515
1802
2032
2739
3735
4279
4306
3748
3138
2939
2501
2206
1686
1016
663
431
183
-232
-795
-955
-935
-687
-490
-557
-557
-590
-366
21
80
46
-123
4
163
222
184
-35
-168
-390
-828
-1289
-2020
-2553
-3076
-3555
-3728
-3691
-3619
-3106
-2698
-1942
-759
561
1620
2099
1587
1908
2703
3174
3636
3258
2821
2507
1811
1169
386
-507
-1010
-1355
-1582
-1975
-2661
-3241
-3326
-2825
-2024
-1552
-1154
-502
459
1417
2004
2334
2758
3193
3576
3691
3374
2730
2060
1537
1080
430
-417
-1196
-1688
-2015
-2373
-2816
-3250
-3348
-3139
-2722
-2144
-1608
-991
-196
756
1515
1956
2190
2620
3255
3848
4099
3796
3280
2847
2504
2189
1530
1034
686
241
127
-221
-533
-760
-782
-594
-482
-401
-406
-314
-104
39
266
386
311
253
247
357
275
224
37
-160
-421
-856
-1604
-2141
-2927
-3336
-3594
-4068
-4093
-4075
-3674
-2768
-2322
-1456
135
1007
2029
1708
1722
2545
2886
3468
3641
3158
2946
2314
1720
1062
98
-486
-892
-1184
-1379
-1882
-2501
-2941
-2913
-2316
-1811
-1409
-876
-129
686
1287
1592
1930
2296
2691
3025
3026
2719
2229
1654
1162
653
134
-400
-945
-1350
-1766
-2226
-2619
-2827
-2701
-2442
-2144
-1716
-1250
-519
-2
553
950
1293
1893
2379
3023
3420
3202
3132
2734
2483
2322
1931
1830
1419
1081
970
574
320
84
-126
-79
-170
-158
-131
-234
-211
-263
-167
-88
-145
-242
-283
-284
-116
-170
-236
-371
-636
-867
-1208
-1787
-2205
-2923
-3283
-3845
-3862
-3923
-3943
-3243
-3239
-2192
-1385
253
1450
1923
1680
2162
2873
3375
3790
3719
3425
3290
2914
2341
1417
341
-279
-582
-952
-1514
-2188
-2877
-3178
-3085
-2730
-2573
-2283
-1741
-796
218
831
1210
1645
2225
2882
3259
3289
3140
2936
2654
2171
1479
723
54
-358
-769
-1254
-1877
-2514
-2924
-3187
-3277
-3194
-2933
-2479
-1845
-1169
-437
183
780
1573
2414
3250
3846
4044
4134
4057
3813
3731
3264
2895
2512
2010
1619
1010
459
-44
-345
-584
-842
-948
-1059
-1162
-1202
-1291
-1142
-1055
-978
-857
-647
-330
-79
129
221
214
159
10
-437
-741
-1330
-1524
-2305
-2729
-3522
-4010
-3820
-4061
-3304
-3256
-2462
-1560
-239
958
1374
1480
1743
2614
3747
4149
4098
3651
3166
3117
2689
1789
874
94
-164
-429
-1149
-2022
-2936
-3243
-3128
-2851
-2693
-2655
-2190
-1220
-321
455
809
1128
1887
2534
3079
3121
2857
2758
2662
2459
1773
1059
475
31
-340
-972
-1648
-2245
-2600
-2741
-2879
-3024
-2929
-2575
-1945
-1161
-488
265
863
1817
2635
3333
3792
3903
4127
4187
4167
3916
3377
2944
2500
2096
1608
938
338
-205
-565
-919
-1192
-1378
-1433
-1528
-1530
-1542
-1538
-1363
-1219
-963
-583
-251
134
389
436
547
560
580
469
153
-34
-512
-1109
-2001
-2555
-3105
-3309
-3348
-3412
-3287
-3536
-3064
-2708
-1660
-491
372
948
1530
2185
2523
2893
3090
3153
3232
3280
3243
2710
1838
1200
668
111
-424
-1028
-1418
-1748
-1971
-2149
-2322
-2371
-2269
-1946
-1398
-832
-490
-135
454
885
1251
1477
1709
1939
2033
2203
2073
1702
1419
1111
800
282
-223
-628
-859
-1096
-1364
-1640
-1722
-1742
-1381
-1055
-531
-127
342
977
1413
1827
2103
2409
2643
2895
3153
3162
3064
2838
2581
2301
1917
1620
1139
832
605
128
-217
-523
-823
-922
-969
-1057
-1142
-1190
-1078
-899
-775
-774
-607
-433
-366
-127
-155
-173
-268
-300
-624
-1019
-1349
-1818
-1982
-2139
-2171
-2297
-2292
-2369
-2353
-2289
-2031
-1373
-675
30
607
1007
1479
1689
1963
2125
1889
2153
1990
2022
1794
1351
1113
615
347
24
-362
-600
-789
-734
-872
-1025
-1026
-1080
-1014
-860
-680
-438
-174
112
390
577
777
857
1035
1078
1130
1168
1072
961
686
536
248
82
-80
-151
-275
-290
-245
-361
-192
-160
-34
126
271
538
728
912
1129
1245
1452
1582
1751
1884
1815
2042
1975
1937
1849
1678
1428
1288
1144
824
682
470
286
186
35
-145
-385
-537
-591
-560
-572
-659
-545
-544
-574
-496
-571
-507
-311
-234
-104
-164
-247
-438
-489
-555
-836
-831
-1097
-1145
-1078
-1335
-1181
-1351
-1600
-1455
-1366
-1252
-1302
-909
-569
-272
-244
-57
246
69
721
925
869
1194
1214
1285
1260
1071
1049
772
759
589
391
363
24
37
-68
-241
-272
-518
-445
-312
-405
-399
-429
-196
-169
-5
129
108
433
478
578
698
693
815
777
859
778
786
728
684
592
419
329
198
225
185
260
191
267
433
522
607
546
744
988
1049
1287
1336
1370
1507
1553
1557
1459
1449
1415
1355
1230
1052
870
540
280
98
-247
-370
-378
-423
-411
-427
-555
-582
-608
-577
-421
-376
1
32
177
283
107
299
266
135
322
221
134
144
-183
-283
-600
-878
-997
-1221
-1273
-1424
-1506
-1511
-1599
-1615
-1528
-1347
-1301
-988
-539
-352
-188
-91
166
262
273
698
691
639
942
908
760
454
467
232
-25
66
-47
-84
-248
-220
-192
-391
-372
-468
-450
-357
-258
-136
-23
129
166
292
377
332
342
521
511
516
613
633
647
672
633
596
575
389
495
416
286
373
239
174
133
28
177
218
220
480
409
474
637
463
751
610
665
827
705
770
596
598
367
227
362
50
-72
144
-111
-222
40
-394
-165
-60
-550
63
-434
-276
-22
-226
-185
4
-328
-136
10
-326
-179
-143
-599
-149
-585
-690
-516
-800
-531
-773
-619
-1107
-1065
-770
-1318
-841
-1139
-990
-642
-747
-809
-609
-670
-629
-225
-490
-509
-528
-436
-457
-400
-558
-749
-725
-793
-915
-979
-728
-1003
-824
-524
-930
-717
-792
-762
-429
-417
-396
-141
-131
-7
230
11
32
-46
-22
117
85
-127
-100
-148
-243
-351
-555
-520
-631
-584
-523
-500
-383
-544
-110
-309
-252
-16
-77
31
373
173
274
556
170
370
544
-29
543
122
-49
565
-462
-76
-312
-495
-455
-480
-295
-389
-224
-395
-298
177
-719
-95
348
-438
448
94
-96
295
78
-75
299
-435
-193
-324
-390
-100
-987
-166
-373
-1386
39
-1173
-463
-315
-1199
320
-754
-457
109
-748
-97
140
-306
-31
386
-707
-33
325
-981
-8
-405
-706
-217
-721
-491
-341
-970
-302
-784
-633
-491
-759
-160
-250
-651
400
-518
-84
107
-381
29
-12
-399
-9
-211
-510
-233
-521
-504
-566
-658
-725
-639
-897
-867
-567
-774
-514
-417
-611
-65
-365
53
117
-62
151
-3
72
235
273
-333
359
-161
-455
205
-301
-735
33
-564
-670
-400
-375
-808
-133
-436
-546
31
-328
-101
102
-182
206
133
-72
331
60
-130
56
304
-732
141
-267
-757
49
-612
-711
-185
-889
-426
-245
-992
51
-212
-846
737
-527
-321
957
-336
177
814
-54
143
773
-44
-101
408
-284
-375
181
-606
-184
-417
-392
-529
-573
-195
-774
-273
-126
-501
386
-322
75
364
-273
529
15
144
475
85
67
258
-139
4
-293
73
-673
-143
-316
-845
102
-638
-831
152
-767
-23
-260
90
-126
93
132
12
345
632
-34
364
524
-142
256
-162
444
-642
-212
549
-1366
325
-17
-1154
416
-594
-316
-54
-253
-307
158
51
20
160
379
-35
377
116
458
-159
424
45
-289
451
-727
-17
208
-1185
158
-372
-1068
92
-624
-849
195
-280
-646
775
-230
-321
1019
-508
618
855
-117
1153
349
276
976
119
567
116
413
128
-186
479
-526
-67
82
-947
433
-636
-350
255
-817
180
-121
-153
207
139
296
143
487
481
-110
854
28
285
764
-202
550
262
-164
451
-98
80
-5
99
-206
56
-9
-155
-63
200
-317
334
-329
452
186
-241
629
25
-95
789
-466
661
33
-20
616
-79
-16
559
-481
446
149
-303
546
167
-233
403
-283
225
-284
421
-227
-57
156
-100
-132
-47
154
-591
305
-70
-352
221
223
-456
399
-263
247
-302
575
-459
468
319
-560
391
299
-502
641
242
-618
902
-517
208
430
-63
210
155
245
143
218
529
67
346
579
-277
753
-386
496
-48
-115
354
-437
721
-735
106
614
-1594
1396
-628
122
354
138
-211
432
366
-466
1281
-193
268
1056
-87
448
791
140
340
720
207
-13
991
-810
450
203
-509
221
-87
-606
580
-679
99
22
21
-253
233
350
-276
418
698
-363
1123
-356
1159
-280
580
508
-239
938
-376
362
-119
-2
-151
-244
-144
-276
-304
-167
-222
-176
-733
999
-1195
364
756
-1348
1459
-562
249
693
-442
1022
-534
1078
-432
592
-132
322
-194
195
-73
-28
-210
117
-178
-16
-35
277
-801
926
-405
-464
1420
-1044
797
569
-677
984
-321
148
566
-643
588
-40
-646
608
-479
-538
692
-957
478
-368
94
-582
708
-785
614
225
-414
1499
-847
1217
253
116
1099
-436
1567
-241
339
1163
-972
1121
-411
166
421
-570
253
-28
-633
360
-170
-709
814
-875
181
186
-242
213
301
-15
446
457
-168
845
80
-30
671
125
-142
723
-279
63
267
-808
587
-577
-153
90
-617
216
-803
198
-391
-17
-466
239
478
-1076
1465
-740
287
817
-541
967
211
1
694
-89
237
251
140
59
213
117
-383
619
-514
-41
297
-562
122
-300
324
-770
409
-223
-345
357
-155
-32
251
-340
467
-128
57
144
31
-219
296
-2
-453
975
-1223
1039
-333
-297
1037
-1117
948
-194
-426
1238
-967
907
63
-23
744
113
-6
959
-511
698
270
-119
559
-79
235
63
142
-186
-12
552
-1471
1754
-1502
327
655
-1796
1519
-353
-957
1849
-1351
475
868
-989
970
478
-1180
1868
-1033
447
315
-372
421
-688
329
175
-1385
1528
-1653
99
358
-1006
319
85
-693
568
-502
607
-269
385
370
-327
902
4
305
750
-281
928
-570
716
10
-375
808
-796
395
-352
7
-663
51
-378
-325
-223
-76
-478
135
-561
143
-117
-341
303
-241
156
154
-177
415
-195
301
45
-228
362
-236
-306
762
-959
368
-49
-375
100
-156
-302
554
-779
964
-654
564
-96
149
521
-183
422
414
-495
780
-50
-506
1069
-618
-92
657
-630
-23
329
-747
261
-106
-432
528
-748
340
52
-285
212
408
-366
67
661
-1374
1244
-708
212
499
-937
861
-778
-15
314
-783
635
-649
510
-486
-50
430
-936
1066
-421
380
416
-370
811
-500
735
230
89
112
273
-209
468
-660
1063
-1060
349
449
-1175
946
-631
-199
626
-687
121
440
-1010
945
-815
416
-103
274
17
-108
424
-387
0
572
-562
33
894
-1209
762
-247
-511
666
-558
239
540
-737
847
-322
-162
968
-919
736
562
-1178
1764
-1069
378
629
-1074
1191
-414
-304
1213
-1194
247
907
-1856
1653
-393
-875
1753
-1390
679
351
-211
124
792
-757
821
61
-349
1238
-958
946
-399
56
30
-393
66
283
-1369
1596
-1701
414
613
-1716
1639
-813
-525
1727
-1781
1226
289
-947
1794
-865
696
978
-937
1379
56
-575
1527
-1073
1061
190
-697
1108
-984
158
699
-1316
1295
-303
-1051
2400
-2190
844
1271
-2507
2457
-1060
-527
1782
-1628
1126
63
-729
1692
-1639
1426
-236
-530
1179
-914
784
-335
32
394
-597
819
56
-422
1399
-649
149
749
-373
205
198
211
147
-84
757
-275
158
141
194
-331
614
-127
-268
1145
-952
956
-100
-186
625
-23
23
898
-504
600
508
-498
996
-108
-108
967
-1053
959
-255
-194
437
-349
225
-495
469
-456
2
349
-308
-100
621
-614
664
195
-32
810
-384
1281
-676
1182
14
-1
1006
-215
681
145
282
-100
712
-320
468
544
-586
788
-219
216
227
172
1
347
10
58
607
-456
932
-292
409
115
146
345
10
235
494
-608
1507
-1195
930
212
-567
1188
-657
940
-130
97
1041
-808
1082
211
63
649
302
31
809
-13
-14
1627
-1802
2243
-648
-232
1252
-890
854
-162
270
355
-391
935
-635
765
722
-790
1441
-209
-57
1113
-435
838
27
236
350
191
-162
549
-13
-456
1103
-988
609
156
-423
270
229
-272
70
716
-526
255
990
-889
985
434
-604
1358
-386
119
1060
-781
1130
-138
-46
837
-627
752
-279
540
-435
912
-356
117
581
-451
601
127
63
729
-16
14
1029
-668
846
148
355
41
582
144
-350
1076
-943
821
75
-421
889
-385
-277
984
-936
981
-194
94
918
-840
1266
3
-203
1549
-881
1078
512
-292
1079
135
225
493
271
71
644
-846
1597
-1092
624
517
-833
776
282
-634
1102
-192
-35
895
-186
473
215
606
54
256
603
22
201
685
-123
125
516
12
-367
865
-850
144
479
-1048
1089
-549
84
873
-785
357
1242
-1442
1550
137
-536
1140
7
-56
677
165
-54
613
68
-10
478
-114
260
-195
588
-376
358
-185
107
22
92
171
174
189
264
335
-84
704
-71
163
799
-341
256
694
-505
322
520
-434
630
45
-86
245
77
-225
462
-95
-117
601
-159
-102
1086
-475
156
1157
-953
936
561
-555
1183
-444
887
-164
454
899
-1081
1783
-925
149
1176
-1387
1350
-252
-160
771
-528
459
259
-375
1037
-486
265
724
-628
724
359
-621
1250
-308
668
615
-480
831
-73
-419
1015
-758
479
68
-132
-98
423
-288
51
504
-596
601
-411
516
36
-503
1518
-914
431
620
-653
652
412
-318
676
515
-652
847
83
-635
1331
-936
458
382
-782
614
223
-847
962
-295
-442
808
-382
-134
1022
-949
894
-173
178
80
523
-277
641
-408
952
-982
1076
-564
506
-354
898
-941
989
-541
362
0
331
-502
481
249
-419
493
323
-155
120
1047
-576
135
1517
-1483
1260
733
-1257
1813
-475
-266
1280
-1139
1057
-188
-178
809
-568
389
-63
200
-167
377
-150
306
-156
754
-725
1035
-361
359
339
434
-332
745
-218
286
238
-16
265
25
-250
474
-166
36
145
-133
88
152
-286
736
-260
-35
1163
-976
744
701
-1054
1521
-322
-212
1013
-209
-188
1117
-958
744
384
-1013
1216
-346
-737
1317
-982
-6
458
-403
-212
902
-982
901
312
-1074
1513
-946
174
1164
-1087
1234
-138
-372
1034
-368
-447
1681
-1665
889
706
-1733
1727
-589
-621
1361
-1241
700
273
-747
1324
-920
494
827
-859
879
569
-1016
1337
70
-847
1765
-418
-755
2345
-1896
735
687
-1277
1023
-276
-176
589
-536
551
175
-524
937
-713
617
127
293
-170
815
-597
695
-93
67
296
16
246
320
-533
1126
-972
698
45
-588
680
-31
-644
1079
-741
401
585
-770
1229
-650
670
334
-121
711
78
18
491
-160
253
139
44
252
122
-107
215
139
-459
580
-296
-101
498
-497
429
58
-136
194
51
150
-39
772
-636
1013
-604
461
262
-42
86
547
-316
445
-85
210
-88
417
-49
106
226
-122
201
91
87
222
27
129
-7
81
589
-821
1368
-890
541
186
-253
323
123
-98
528
-445
683
-501
544
175
-487
1017
-725
513
403
-571
865
-87
-287
934
-729
840
-181
-6
483
-40
-410
1390
-1176
1068
-211
36
266
224
-101
334
67
-24
155
469
-727
993
-319
-104
903
-443
332
548
-307
297
342
-84
305
29
170
630
-1099
2071
-1428
362
1661
-2071
1328
582
-1578
1769
-610
-311
1087
-860
549
20
-311
596
-296
254
293
-433
754
-300
438
-134
415
2
-37
616
-6
-200
1132
-650
466
508
-643
861
-302
7
659
-812
918
-70
-552
940
-42
-783
1320
-581
7
484
136
-426
650
90
-522
875
-106
-538
1375
-907
586
574
-656
962
-220
255
156
330
-120
-28
759
-914
1440
-704
391
862
-977
757
219
-405
374
565
-499
442
295
-255
370
239
181
-338
1142
-569
116
827
-687
413
586
-750
856
-150
-194
722
-202
158
526
-150
471
-200
419
295
219
-259
1072
-436
-232
1428
-1089
511
487
-308
301
323
31
-521
1151
-1029
650
549
-756
846
166
-435
1014
-417
748
-70
465
-46
495
-133
663
-80
233
412
19
-20
570
-290
181
567
-611
863
-540
493
-187
-5
700
-618
732
63
-219
588
53
228
60
1024
-1032
1362
-286
-123
622
-182
198
44
536
-271
301
501
-745
1296
-560
8
769
-747
657
148
-293
895
-313
219
592
-107
27
637
-117
180
629
-383
736
-50
158
214
68
40
602
-460
1038
-534
294
648
-878
1012
-46
-400
1163
-576
341
743
-495
453
534
-168
89
1018
-979
1157
30
-576
1339
-805
262
880
-901
892
136
-23
231
648
-579
709
280
-446
1193
-510
408
1090
-1099
1286
285
-1212
2360
-1299
292
1206
-952
491
585
-330
-24
959
-499
277
719
-357
461
360
-131
201
408
100
269
452
-78
488
337
-289
653
16
131
415
278
-100
294
344
-333
619
34
0
473
121
16
560
-348
923
-344
426
596
-283
445
772
-904
1023
275
-597
1170
0
-495
1366
-673
330
743
-331
386
649
-395
610
163
165
193
306
234
-61
532
-90
319
265
275
136
568
165
-113
1017
-415
509
283
243
-167
1116
-550
338
700
-351
193
1136
-834
789
454
-430
539
538
-235
779
231
176
238
508
-120
604
-12
551
23
525
154
60
396
-120
434
212
-296
1037
-309
104
752
-186
85
653
95
-283
926
-96
97
690
-257
547
168
299
85
686
-600
1328
-638
505
436
-83
107
594
9
67
739
-25
244
470
17
173
276
-30
406
116
379
121
496
25
83
733
-469
464
734
-716
1207
-228
290
392
132
107
788
-234
210
996
-785
462
1164
-1621
1959
-465
-438
1422
-632
-32
945
-318
216
514
243
-79
458
379
-186
524
627
-451
770
646
-841
1553
-323
-47
750
114
-151
965
-169
223
655
-210
294
491
-41
294
534
-67
271
168
410
-86
333
614
-601
1014
-315
424
175
430
-224
992
-516
614
357
-256
672
264
-212
817
-133
193
228
500
-406
994
-250
433
522
-267
919
-207
454
49
625
-76
379
452
175
-161
1065
-599
748
123
433
-236
596
455
-679
1443
-452
95
616
-65
352
12
662
121
-56
615
146
-27
441
569
-341
604
431
-535
851
55
-380
1133
-309
30
1182
-862
1033
184
11
359
676
-396
627
193
205
474
-227
1082
-718
801
202
-61
560
138
78
542
99
130
471
278
-30
774
-11
449
520
-110
777
-145
253
580
-187
585
164
-72
694
-33
210
257
438
-212
466
374
-12
319
450
166
-59
648
120
125
680
-73
295
789
-601
1146
-163
302
405
371
-173
1147
-412
315
838
-791
1124
-282
463
247
191
140
598
-383
919
28
-171
1077
-377
542
309
112
223
485
42
289
586
-229
839
-511
1064
-634
876
45
-49
637
71
79
416
324
3
536
255
72
538
151
243
472
47
392
272
47
380
440
-58
270
597
-299
223
764
-629
834
181
-219
739
87
350
62
854
-208
300
826
-171
240
840
-282
355
490
148
35
609
117
-246
961
-395
335
286
133
-17
378
204
129
463
-30
507
218
115
344
534
16
457
560
60
212
665
-345
644
158
-154
756
-69
231
367
-46
510
-98
316
330
182
140
399
153
399
37
483
199
374
-127
941
-262
458
346
-2
556
-121
549
144
179
328
243
186
312
-19
329
403
-318
1023
-542
736
44
156
234
541
-308
889
-234
521
219
106
635
-146
431
256
52
646
-160
505
292
-74
673
-31
213
123
612
-289
511
517
-265
595
529
-402
861
36
-112
811
-51
-13
757
2
-122
704
-65
26
713
-98
472
2
523
39
-37
706
-314
607
196
209
343
194
429
-102
581
-37
259
732
-407
794
-35
5
516
-10
230
345
-42
303
180
136
345
356
-11
430
254
-194
784
15
143
617
116
24
664
-54
209
426
72
31
471
-88
528
-173
533
134
79
567
-27
342
307
-49
599
-92
165
673
-241
350
625
-201
453
877
-816
1033
166
-285
888
36
-62
595
108
111
367
269
64
229
432
87
148
692
-297
502
418
-206
652
159
-35
594
213
23
280
568
-215
300
585
-277
321
486
-108
215
676
-376
921
-364
588
-38
276
109
448
-202
483
420
-282
818
86
29
755
-168
434
132
342
112
1
732
-485
644
264
-259
694
43
60
515
-54
405
252
228
258
140
372
34
242
311
216
187
428
21
306
500
-267
695
177
-291
714
81
-88
438
196
30
491
-1
230
230
74
420
100
151
588
-455
860
36
-258
1220
-671
844
82
152
210
562
-235
331
858
-780
890
215
-284
682
52
311
-339
1050
-587
449
582
-326
508
284
123
237
147
593
-173
344
509
-45
122
487
77
74
409
234
-162
694
-308
406
475
-205
485
227
-182
634
-422
937
-414
659
153
5
626
-4
52
565
58
-192
959
-393
293
542
-477
771
-20
-67
622
233
-73
525
82
188
217
3
484
99
94
585
19
-25
770
-666
751
278
-502
1120
-184
-162
814
-268
210
415
-19
63
634
-405
434
375
-98
480
3
602
-293
677
257
-78
454
318
-185
677
-57
368
72
551
-202
489
383
-415
683
-7
96
468
-257
765
-194
174
656
-319
793
-240
460
327
-281
786
7
12
592
-57
123
519
-173
301
448
-186
432
252
-264
837
-337
436
230
-91
590
-127
275
548
-277
575
293
-65
343
291
118
150
369
-44
417
-3
317
271
62
224
468
-204
317
579
-579
578
394
-494
800
220
-665
1274
-571
100
847
-351
306
559
-52
7
815
-416
402
462
-334
682
32
83
537
-594
1163
-404
-82
1381
-1024
558
616
-626
641
325
-171
405
351
-444
875
-187
131
709
-353
410
317
-87
438
204
32
338
-31
415
-57
259
177
137
-75
632
-279
346
286
-82
358
258
-40
425
203
-51
571
-123
404
22
199
332
-89
570
155
-34
624
-216
199
487
-96
110
924
-970
1128
-34
-371
933
-328
452
-2
584
-226
310
405
-199
302
405
-177
77
825
-529
620
333
41
219
360
109
-6
330
36
60
586
-186
238
434
-156
204
756
-639
691
244
-552
1034
-320
5
498
67
-70
522
280
-77
401
249
126
171
266
38
140
439
-152
428
40
300
-87
475
-20
65
478
-283
499
6
225
354
-134
411
91
-51
758
-424
723
239
-199
751
-222
424
229
60
279
112
114
222
211
129
272
-47
468
-81
100
523
-230
294
371
-272
610
149
-70
575
-72
372
154
326
151
180
342
95
211
192
75
362
-32
519
-212
444
146
-30
536
-437
873
-539
540
166
72
334
-40
527
-77
285
239
273
14
430
204
-49
489
216
-66
351
255
7
186
388
-105
273
60
473
-199
413
116
219
-80
480
292
-554
1156
-585
317
487
-204
452
154
121
187
347
90
171
263
46
163
358
-255
754
-74
19
894
-677
615
325
-399
751
-67
314
107
520
-339
588
208
-261
724
-283
474
-226
571
38
-27
462
116
-50
437
249
-374
1048
-398
283
423
6
119
451
160
-29
514
122
-115
623
-78
170
262
144
-38
283
156
108
331
144
161
84
273
57
362
135
78
445
39
-37
705
-241
134
753
-367
404
276
-67
356
94
255
-138
656
-310
386
160
31
334
-58
507
-95
102
510
-211
416
237
-172
508
325
-293
526
367
-344
702
43
196
87
375
-21
153
357
-170
364
203
-275
514
115
-61
494
58
86
374
46
159
297
5
311
95
254
-52
499
32
125
514
-333
563
-72
30
449
-93
358
-31
474
-26
48
442
7
163
277
154
-110
670
-177
-184
999
-445
-39
1035
-726
678
187
-55
314
-68
193
190
226
-19
386
-152
522
-69
43
574
-306
376
317
-149
341
324
-157
306
256
-170
444
152
46
193
436
-188
266
496
-548
683
-71
89
278
119
299
-114
365
-90
260
257
28
459
18
110
317
-95
244
121
117
176
359
-112
281
77
249
-60
253
242
3
257
95
317
-85
476
-125
165
645
-454
528
393
-365
504
188
-151
291
343
-174
374
128
-180
667
-306
316
322
-192
262
273
14
177
305
38
193
158
156
149
116
311
-123
304
410
-274
279
449
-370
298
415
-349
563
38
-64
600
-308
459
50
151
83
229
25
516
-209
296
356
-270
220
401
-224
267
389
-127
137
320
-91
186
344
61
26
168
303
-145
561
-146
211
272
83
79
324
72
133
285
86
177
14
224
134
110
222
90
153
-21
223
103
-52
554
-300
390
302
15
50
485
28
-286
693
-150
78
520
18
16
522
-153
173
420
-157
186
259
-34
202
129
-19
327
172
-84
333
262
-75
225
165
184
-164
430
-3
102
478
-148
203
290
-36
55
477
-237
333
264
-106
327
-38
71
388
-158
411
105
47
266
-86
265
51
113
127
235
3
199
118
174
29
229
237
-194
585
85
-177
364
100
110
-2
240
88
53
103
291
204
-96
399
-70
152
277
-2
129
404
-43
60
418
-111
107
366
-49
186
169
86
252
199
15
43
458
-182
50
422
-35
60
302
19
39
98
190
110
112
339
-29
317
99
32
152
218
103
85
304
116
62
322
135
-13
193
19
206
144
73
266
10
48
297
-197
233
287
-278
438
274
-307
609
-116
43
369
-139
208
206
5
266
99
7
208
59
144
98
89
182
137
57
333
35
-6
293
-20
130
280
22
146
275
-75
47
296
-177
172
