-11
-12
-14
-14
-14
-14
-14
-13
-13
-12
-11
-12
-13
-13
-13
-13
-14
-15
-15
-15
-15
-17
-18
-18
-18
-16
-16
-17
-18
-19
-18
-17
-14
-14
-14
-15
-16
-17
-16
-15
-14
-15
-14
-14
-14
-15
-15
-17
-17
-17
-18
-18
-16
-16
-17
-18
-17
-16
-17
-17
-19
-18
-19
-17
-19
-19
-18
-18
-17
-15
-16
-18
-16
-18
-17
-19
-19
-18
-19
-18
-18
-17
-18
-18
-22
-23
-24
-21
-20
-18
-20
-23
-24
-24
-23
-22
-21
-21
-20
-21
-22
-22
-21
-21
-20
-18
-16
-16
-17
-18
-18
-18
-17
-18
-18
-17
-19
-19
-19
-21
-22
-22
-20
-19
-21
-21
-21
-20
-20
-19
-20
-19
-18
-18
-18
-18
-17
-15
-15
-17
-18
-17
-16
-16
-16
-16
-14
-12
-12
-12
-12
-12
-12
-13
-12
-12
-13
-11
-11
-11
-11
-10
-12
-14
-14
-13
-10
-9
-10
-10
-10
-10
-11
-9
-11
-10
-9
-9
-8
-7
-9
-10
-9
-9
-8
-10
-10
-11
-9
-8
-8
-7
-9
-11
-12
-12
-12
-10
-9
-10
-9
-9
-8
-9
-7
-6
-6
-7
-8
-6
-5
-5
-5
-7
-6
-6
-4
-5
-6
-7
-8
-10
-10
-10
-8
-8
-9
-10
-10
-10
-7
-6
-5
-4
-5
-6
-4
-3
-2
-2
-2
-2
-3
-3
-2
0
-1
-2
-4
-6
-5
-5
-3
-3
-3
-4
-3
-5
-4
-2
-2
-1
0
1
0
0
-1
1
1
3
1
-1
-2
-2
-1
-3
-1
0
0
1
1
1
2
1
1
0
-1
-2
-1
0
2
2
2
2
3
3
4
6
4
3
2
1
1
2
3
4
3
3
2
1
0
1
2
2
2
2
3
3
2
1
1
0
-1
-1
0
1
1
1
0
0
3
4
2
0
-1
-1
-1
-1
0
1
1
1
2
0
0
-1
1
2
1
0
1
0
-1
1
1
0
1
2
3
2
3
2
2
2
1
1
1
1
2
2
4
3
2
4
3
1
1
2
1
2
1
0
0
-2
-2
-1
-1
-1
-2
-4
-5
-5
-4
-2
-3
-4
-4
-4
-2
-3
-4
-4
-5
-6
-6
-5
-4
-5
-4
-5
-6
-6
-5
-6
-7
-6
-7
-8
-9
-9
-9
-8
-7
-6
-6
-7
-6
-6
-6
-4
-5
-4
-4
-4
-3
-3
-4
-5
-5
-3
-3
-4
-4
-5
-5
-6
-8
-8
-9
-9
-9
-9
-8
-8
-7
-7
-7
-6
-6
-5
-6
-7
-6
-7
-7
-8
-7
-6
-5
-7
-7
-8
-9
-8
-6
-9
-9
-10
-11
-10
-10
-9
-10
-9
-11
-12
-12
-10
-8
-6
-5
-7
-7
-8
-6
-6
-6
-6
-6
-4
-5
-6
-7
-7
-8
-8
-6
-9
-9
-10
-10
-9
-10
-9
-9
-9
-10
-11
-12
-10
-10
-10
-9
-9
-9
-9
-8
-8
-8
-9
-9
-10
-12
-10
-10
-11
-11
-10
-11
-9
-9
-10
-10
-10
-9
-9
-9
-8
-8
-9
-9
-9
-7
-6
-4
-4
-5
-5
-8
-9
-10
-9
-8
-9
-9
-9
-8
-8
-9
-10
-9
-11
-10
-10
-8
-6
-7
-7
-8
-8
-9
-10
-8
-7
-7
-9
-7
-8
-8
-8
-7
-8
-8
-9
-10
-10
-10
-9
-8
-7
-10
-11
-11
-10
-11
-10
-11
-12
-11
-11
-10
-9
-8
-9
-10
-9
-10
-11
-12
-12
-10
-11
-9
-7
-8
-9
-9
-11
-11
-12
-11
-10
-10
-9
-9
-7
-7
-7
-9
-10
-12
-10
-9
-8
-7
-8
-8
-9
-9
-8
-8
-9
-10
-12
-13
-12
-11
-10
-10
-10
-9
-9
-10
-11
-11
-12
-10
-10
-8
-8
-7
-8
-8
-7
-8
-6
-6
-5
-7
-8
-8
-9
-7
-7
-5
-5
-7
-9
-10
-10
-10
-10
-9
-9
-10
-9
-8
-7
-7
-7
-8
-7
-7
-7
-7
-4
-4
-4
-5
-7
-8
-8
-4
-3
-3
-4
-7
-7
-7
-6
-6
-7
-8
-9
-9
-10
-9
-8
-8
-9
-8
-9
-9
-7
-6
-7
-7
-6
-6
-6
-7
-7
-7
-7
-8
-6
-7
-6
-5
-6
-6
-6
-7
-8
-9
-10
-11
-9
-6
-5
-4
-5
-6
-7
-6
-6
-5
-3
-3
-3
-2
-3
-3
-5
-5
-5
-5
-3
-4
-4
-5
-5
-4
-5
-6
-5
-6
-6
-6
-5
-5
-4
-4
-6
-6
-5
-3
-1
0
-2
-1
-1
0
-1
-2
-3
-4
-5
-5
-4
-4
-4
-4
-5
-4
-4
-5
-5
-5
-5
-5
-5
-5
-4
-4
-3
-2
-2
0
1
1
0
-1
-1
-2
1
1
1
0
-1
0
1
1
0
0
-1
-1
0
1
3
3
1
0
0
0
-2
-2
0
1
1
1
0
0
0
0
1
2
2
1
1
1
1
1
2
1
1
1
2
1
1
1
0
1
1
0
0
-1
0
-1
1
0
1
2
3
3
5
5
5
4
4
4
4
2
1
1
2
3
4
5
6
5
5
2
1
1
4
6
5
4
4
3
3
2
3
4
6
7
7
6
5
6
8
7
8
7
6
5
4
5
8
8
7
6
5
5
6
7
7
7
7
6
6
7
8
9
8
6
6
7
6
7
7
8
8
7
7
5
5
6
6
6
6
7
6
7
5
3
4
6
7
6
6
7
8
8
6
6
7
7
7
6
5
4
4
4
3
4
5
3
2
2
2
2
3
2
3
3
4
3
3
5
4
6
6
6
5
6
6
7
8
8
7
8
8
9
6
4
3
4
5
6
5
3
4
3
3
4
2
3
4
5
4
4
3
5
6
6
7
7
7
5
5
5
5
6
7
6
5
5
4
4
4
3
3
2
2
2
2
2
1
0
0
0
-1
0
1
1
2
2
2
2
1
1
1
0
0
0
2
2
3
3
3
2
2
1
0
1
2
0
-1
-1
0
-1
-2
-3
-1
0
0
0
0
-1
-1
0
-1
-2
-2
-2
-3
-2
-3
-1
0
-1
-2
-4
-6
-5
-6
-7
-8
-8
-9
-8
-7
-7
-7
-8
-8
-8
-8
-8
-8
-8
-7
-6
-6
-6
-5
-6
-6
-5
-5
-5
-5
-5
-5
-5
-6
-5
-5
-7
-8
-10
-11
-10
-9
-9
-9
-11
-12
-12
-11
-10
-10
-11
-11
-10
-8
-8
-8
-8
-9
-9
-10
-11
-9
-8
-8
-8
-9
-10
-10
-10
-11
-11
-10
-12
-12
-12
-12
-12
-10
-9
-11
-11
-12
-13
-11
-11
-10
-10
-10
-9
-8
-8
-9
-9
-11
-10
-11
-11
-11
-10
-12
-11
-11
-11
-10
-12
-11
-12
-12
-10
-10
-10
-11
-11
-10
-10
-10
-10
-11
-11
-10
-10
-7
-9
-11
-12
-13
-14
-12
-12
-13
-12
-12
-12
-13
-13
-11
-13
-13
-13
-14
-13
-14
-14
-13
-12
-11
-13
-12
-11
-10
-10
-10
-11
-12
-12
-11
-11
-10
-11
-10
-9
-9
-8
-9
-8
-8
-9
-10
-9
-7
-6
-7
-9
-8
-9
-8
-8
-9
-9
-10
-9
-11
-12
-11
-10
-9
-10
-10
-8
-8
-7
-7
-8
-9
-9
-8
-6
-6
-5
-5
-4
-6
-5
-5
-6
-6
-8
-6
-6
-7
-7
-7
-7
-8
-7
-7
-7
-7
-7
-9
-10
-10
-10
-10
-10
-10
-11
-11
-10
-10
-10
-12
-11
-12
-13
-12
-10
-10
-10
-9
-9
-10
-11
-10
-9
-9
-9
-10
-10
-10
-11
-11
-11
-9
-9
-8
-8
-9
-9
-11
-11
-10
-10
-10
-10
-9
-8
-9
-10
-10
-10
-9
-8
-9
-9
-10
-9
-8
-8
-9
-10
-11
-10
-8
-7
-7
-6
-8
-9
-8
-7
-6
-7
-9
-11
-11
-8
-4
-4
-5
-7
-9
-9
-10
-8
-9
-8
-9
-11
-12
-11
-11
-10
-10
-10
-10
-8
-8
-8
-8
-8
-9
-9
-7
-7
-5
-4
-2
-3
-4
-5
-5
-7
-6
-6
-7
-6
-6
-6
-6
-5
-5
-6
-7
-7
-6
-5
-3
-3
-2
-3
-3
-3
-2
0
1
-1
1
-1
-1
-2
-2
-2
-3
-2
-1
-1
-2
-2
-2
-2
-2
-1
-2
-1
-1
0
1
-1
-1
-3
-3
-1
1
4
6
5
4
4
1
0
0
0
2
2
2
2
1
1
0
-1
-2
-2
-3
-3
-1
-2
-2
-2
-2
-1
0
1
0
1
1
1
0
0
-1
1
3
3
2
2
-1
0
-2
-3
-3
-4
-2
-1
0
0
0
-2
-2
-3
-1
1
2
4
2
0
-2
-1
1
3
3
4
3
1
1
0
0
1
1
2
2
2
1
0
1
1
2
2
2
1
1
2
3
4
3
3
4
4
3
2
3
4
3
2
1
1
2
3
3
3
3
3
2
0
1
2
3
4
4
3
3
3
5
4
4
3
3
4
5
6
6
7
8
8
7
6
7
8
8
8
7
6
6
6
5
5
4
4
5
6
8
5
5
5
5
7
7
8
9
8
7
8
9
9
9
8
6
4
5
5
5
6
5
3
2
1
1
2
2
2
2
2
4
4
4
3
4
5
6
5
5
2
1
0
-1
0
-1
-2
-2
-1
-3
-2
-4
-5
-4
-3
-4
-4
-3
-3
-4
-4
-4
-3
-3
-4
-4
-5
-4
-3
-3
-2
-3
-3
-1
-1
0
0
-3
-2
-3
-3
-3
-2
-2
-2
-3
-4
-3
-2
-1
-2
-2
0
-1
-1
-2
-1
-2
-1
-1
1
2
2
2
-1
-2
-2
-1
-1
-1
-1
-3
-2
-1
1
-1
1
-5
-5
2
-10
4
-4
-3
1
-12
-3
0
-10
3
-4
-2
0
-4
-1
-6
3
-8
-4
-6
-4
-5
-3
-3
-4
0
-1
-2
-4
-2
-6
-3
-3
-5
-4
-3
-4
-3
-4
-3
-3
-1
0
-1
-1
-3
-1
0
-2
-2
-2
-3
-2
-2
-2
-3
-3
-3
-3
-2
-2
-1
-4
-5
-4
-5
-3
-3
-2
-4
-4
-3
-2
-2
-3
-3
-4
-3
-3
-1
-3
-4
-4
-5
-5
-5
-4
-4
-3
-2
-3
-3
-6
-5
-6
-6
-6
-5
-5
-5
-4
-4
-4
-5
-3
-4
-5
-4
-4
-4
-5
-5
-5
-6
-4
-4
-4
-4
-6
-6
-6
-5
-7
-8
-8
-8
-8
-7
-7
-7
-6
-7
-8
-9
-8
-8
-7
-7
-7
-6
-6
-5
-4
-4
-7
-9
-10
-10
-8
-9
-8
-9
-10
-11
-11
-10
-10
-7
-7
-8
-8
-7
-8
-9
-8
-10
-8
-6
-6
-5
-7
-7
-6
-7
-8
-8
-7
-5
-5
-6
-7
-7
-6
-5
-4
-5
-6
-6
-5
-5
-4
-4
-4
-4
-3
-2
-2
-3
-2
-2
-1
-2
-3
-2
-2
-2
-3
-3
-3
-4
-6
-6
-4
-5
-5
-6
-7
-7
-6
-7
-8
-8
-7
-7
-5
-4
-4
-4
-4
-3
-2
-4
-3
-4
-5
-4
-4
-4
-4
-4
-5
-6
-7
-8
-8
-6
-4
-3
-4
-6
-6
-6
-5
-4
-4
-6
-6
-6
-5
-6
-6
-8
-8
-7
-6
-6
-4
-5
-7
-7
-7
-7
-6
-7
-8
-7
-8
-7
-6
-7
-5
-6
-7
-6
-6
-6
-7
-8
-8
-6
-6
-6
-7
-7
-7
-5
-5
-6
-5
-5
-4
-5
-5
-5
-6
-8
-9
-10
-8
-7
-6
-5
-5
-5
-7
-6
-7
-6
-6
-7
-8
-5
-5
-3
-2
-2
-2
0
-5
-4
-1
-3
0
-5
-5
-5
-5
-3
-2
-3
-2
-6
-4
-4
-2
-1
-2
1
-2
1
0
2
2
5
3
2
2
0
1
2
4
5
5
1
0
-1
-1
0
0
0
-2
-3
-2
-1
0
0
-1
0
1
1
2
3
4
3
2
2
2
4
4
3
3
3
5
6
6
7
5
4
3
3
4
7
7
5
3
5
5
5
6
5
5
6
7
6
7
8
7
7
6
6
7
9
8
7
5
5
7
7
7
6
5
4
4
3
5
6
6
4
3
2
4
3
4
4
5
5
6
7
6
6
5
4
3
4
2
3
3
3
3
4
3
5
5
2
2
2
0
0
0
0
1
1
0
1
0
1
2
2
3
3
3
4
5
7
7
8
8
8
8
7
7
8
9
11
12
11
11
12
12
11
10
10
10
10
9
10
11
13
12
13
13
12
12
11
10
9
9
8
9
10
11
12
13
12
11
10
10
11
10
9
9
11
12
12
14
14
15
12
9
9
9
12
12
12
12
10
9
10
10
10
11
12
11
9
10
10
9
10
10
9
9
10
9
9
11
9
9
9
9
9
10
8
8
9
10
11
13
12
13
13
12
10
10
11
11
12
11
11
11
11
12
13
14
13
12
11
11
11
12
14
12
13
11
11
10
9
9
11
11
12
11
12
11
10
9
9
9
9
10
10
9
10
10
11
10
9
8
7
7
8
10
9
9
8
7
6
8
10
11
11
10
10
9
8
9
9
11
11
11
11
10
10
11
12
14
13
12
12
12
13
11
11
9
10
11
11
10
9
9
11
12
13
12
10
10
9
11
11
11
11
10
11
10
10
10
11
10
11
10
9
8
9
7
6
6
8
9
9
8
8
7
8
9
10
11
10
10
9
10
10
9
10
10
9
9
9
9
8
7
7
7
7
7
8
8
8
7
6
6
6
5
5
5
6
5
4
5
5
4
4
3
5
4
4
6
5
6
4
3
1
1
1
-1
0
2
2
4
4
5
5
5
4
6
6
5
5
5
6
7
8
7
5
6
5
5
4
5
5
5
5
5
3
3
1
1
0
0
1
1
3
1
2
2
3
4
2
2
1
2
2
1
1
1
0
1
0
-2
-1
-1
-3
-2
-3
-3
-1
0
-1
-1
-2
-1
0
1
0
-1
-2
-1
-1
0
-2
-2
-3
-2
-4
-4
-4
-4
-3
-4
-4
-5
-5
-5
-6
-8
-8
-7
-6
-4
-3
-2
-3
-2
-5
-5
-4
-3
-3
-2
-3
-2
-2
-2
-2
-1
-1
-1
-2
-2
-3
-3
-3
-2
-2
-1
-1
-2
-2
-2
-2
-3
-3
-2
-3
-2
-2
-1
-2
-1
-2
-2
-1
0
0
0
0
-1
-2
-2
-2
-3
-2
-4
-2
-2
-1
-1
-3
-5
-4
-4
-4
-6
-6
-7
-5
-7
-7
-3
-3
-3
-5
-5
-4
-3
-3
-5
-6
-6
-5
-6
-7
-5
-6
-4
-5
-5
-6
-5
-5
-4
-5
-5
-5
-4
-5
-4
-4
-4
-4
-4
-6
-6
-5
-4
-3
-3
-3
-4
-5
-5
-4
-3
-3
-3
-3
-3
-1
-1
-3
-4
-6
-7
-6
-5
-5
-6
-7
-8
-8
-7
-6
-9
-9
-9
-10
-9
-8
-8
-7
-7
-7
-7
-7
-8
-8
-8
-10
-10
-8
-7
-7
-5
-7
-9
-9
-10
-11
-10
-9
-9
-9
-8
-7
-8
-7
-7
-9
-9
-10
-9
-10
-10
-10
-10
-10
-10
-10
-11
-11
-10
-10
-9
-9
-10
-11
-11
-9
-8
-9
-8
-9
-10
-12
-10
-9
-7
-6
-8
-10
-11
-10
-10
-9
-7
-7
-7
-7
-6
-7
-5
-6
-4
-5
-6
-4
-4
-3
-4
-6
-4
-2
-3
-4
-4
-3
-1
-1
-1
-2
-2
-3
-3
-3
-2
0
0
-1
-2
-2
-2
-1
-2
-3
-3
-3
-2
-2
-4
-4
-5
-5
-6
-6
-6
-5
-5
-3
-4
-6
-6
-7
-6
-6
-5
-7
-7
-6
-6
-4
-3
-3
-4
-5
-5
-5
-4
-4
-4
-2
-2
-2
-3
-3
-4
-3
-2
-2
0
0
2
2
2
1
1
-1
2
3
3
4
3
3
2
2
4
5
5
6
5
5
5
5
5
7
7
6
7
7
8
7
6
8
7
7
8
8
9
8
6
5
6
8
8
7
6
5
8
8
9
7
5
5
6
6
5
6
5
6
5
5
5
4
5
6
5
5
6
7
8
8
8
9
10
10
9
8
8
9
8
8
7
7
7
4
5
3
4
4
3
3
2
2
3
4
4
3
3
3
4
5
7
6
6
6
6
6
7
7
6
6
7
6
5
6
7
5
4
3
3
4
5
4
4
4
5
5
6
4
5
5
6
6
6
5
4
4
5
6
7
7
6
4
3
1
0
-1
0
-2
-4
-2
-1
-1
0
0
1
2
2
1
2
1
1
2
1
1
1
1
2
2
3
4
4
3
2
2
-1
-1
0
-1
-1
0
1
3
3
4
4
3
4
3
3
3
3
3
2
2
3
4
5
4
3
2
1
1
1
1
1
1
1
1
1
1
2
1
-1
1
2
1
2
2
2
1
1
1
2
2
2
2
1
2
0
-1
-3
-3
-3
-2
-2
-2
-3
-3
-4
-3
-3
-4
-4
-5
-6
-6
-5
-3
-2
-1
-2
-3
-3
-1
-1
0
-3
-2
0
-2
-4
-4
-4
-3
-4
-4
-3
-2
-1
-2
-3
-4
-4
-4
-3
-4
-4
-4
-4
-4
-3
-2
-2
-2
-1
-2
0
0
0
0
-1
0
2
2
1
0
1
1
2
3
2
-1
-2
-2
-2
-2
-4
-5
-5
-4
-5
-5
-5
-6
-7
-7
-6
-6
-4
-4
-3
-4
-5
-5
-6
-6
-6
-5
-4
-3
-4
-5
-5
-6
-7
-7
-8
-7
-7
-8
-7
-7
-7
-7
-6
-6
-6
-4
-4
-4
-5
-5
-4
-1
-1
-3
-3
-4
-4
-4
-4
-3
-3
-3
-3
-5
-4
-6
-5
-4
-4
-5
-6
-6
-5
-6
-4
-3
-4
-5
-6
-9
-6
-4
-2
0
0
-1
-1
-1
-3
-2
-3
-2
-3
-2
-1
-2
-2
-2
-1
-3
-3
-4
-5
-5
-6
-6
-6
-5
-5
-4
-4
-4
-5
-5
-6
-6
-7
-4
-3
-2
-2
-4
-7
-6
-5
-2
-3
-3
-5
-6
-7
-8
-7
-6
-6
-7
-8
-9
-7
-6
-7
-6
-6
-4
-4
-5
-6
-8
-8
-7
-5
-5
-5
-5
-5
-6
-7
-7
-7
-7
-6
-6
-7
-8
-8
-9
-9
-7
-6
-4
-4
-3
-5
-5
-5
-5
-5
-6
-5
-4
-5
-6
-6
-4
-4
-3
-4
-5
-6
-6
-7
-7
-6
-6
-6
-6
-5
-4
-4
-5
-5
-7
-6
-8
-8
-6
-6
-4
-5
-5
-5
-4
-4
-4
-4
-4
-5
-6
-7
-7
-6
-5
-3
-3
-2
-3
-4
-2
-1
1
0
0
-1
-2
-1
0
1
2
1
1
0
0
-2
-3
-3
-3
-1
0
-1
-5
-4
-4
-3
-2
-2
-2
0
0
-1
-1
-1
-1
0
-1
-2
-3
-3
-3
-3
-3
-4
-4
-3
-5
-6
-6
-5
-4
-5
-4
-3
-5
-3
-5
-5
-4
-3
-3
-1
-2
-2
-2
-2
-3
-4
-3
-4
-6
-5
-7
-6
-4
-4
-4
-4
-4
-4
-5
-5
-5
-4
-4
-4
-4
-4
-5
-4
-3
-2
-2
-3
-3
-3
-2
-2
0
-2
-4
-3
-3
-1
-1
-1
-1
0
0
2
3
2
3
3
3
3
3
4
4
3
3
2
2
2
2
2
2
1
2
2
2
3
3
3
1
1
1
3
4
4
5
5
4
4
4
2
3
3
3
3
3
2
3
3
4
4
4
4
4
2
3
2
3
3
3
3
5
7
7
7
6
6
6
6
7
8
9
9
9
9
8
6
5
4
5
5
5
7
5
5
5
3
4
2
3
3
4
5
5
7
7
8
6
6
7
8
9
9
8
7
8
8
9
7
9
9
8
8
6
6
5
6
7
7
6
6
6
6
4
3
3
5
6
8
8
9
7
6
5
6
7
8
8
7
7
6
6
6
7
6
7
6
6
4
4
5
5
6
6
5
5
5
5
4
6
8
8
8
6
8
8
10
10
10
10
10
8
8
7
6
5
3
3
4
7
7
7
7
5
6
7
8
9
9
10
11
12
12
12
12
11
12
12
11
12
13
15
14
13
12
11
11
10
10
9
9
8
8
9
9
10
12
13
14
13
13
13
12
12
13
14
13
13
12
13
13
12
11
8
8
8
7
9
8
9
9
9
6
6
6
8
10
12
13
12
12
10
11
11
11
11
12
12
11
10
7
7
7
8
8
7
8
7
6
7
7
7
8
7
7
8
7
8
7
7
7
7
6
5
7
7
7
7
7
6
3
2
1
1
1
1
2
3
1
4
-1
8
0
3
7
-4
6
-2
-1
10
-6
15
3
5
10
-6
7
-5
4
4
2
8
-3
2
-3
0
-1
-2
-1
-1
0
0
2
2
2
2
1
-1
1
1
1
1
1
1
2
0
3
3
1
1
-2
-3
-3
-3
-2
-2
-4
-3
-5
-4
-5
-6
-6
-6
-6
-6
-5
-3
-1
-1
-1
-3
-3
-2
-3
-2
-3
-2
-1
-1
-1
-3
-3
-3
-1
-1
-2
-3
-3
-3
-3
-2
-2
1
1
0
1
-1
-1
0
1
1
2
3
2
2
2
0
-2
-2
-3
-2
-2
-3
-4
-4
-3
-3
-3
-3
-3
-2
-1
0
0
0
0
1
1
0
0
2
0
0
0
0
1
1
2
0
-2
-2
-1
-2
-1
0
3
4
3
2
2
4
3
3
2
2
2
2
3
3
3
3
2
2
1
1
1
2
4
3
3
4
3
5
5
6
8
8
6
6
7
7
8
9
9
7
7
6
4
4
4
5
4
5
5
6
6
5
5
5
5
7
7
7
8
9
10
9
8
8
9
9
9
10
10
11
11
9
7
8
8
7
8
8
7
7
7
7
7
9
9
10
8
8
7
8
7
7
7
7
8
8
9
7
7
8
8
9
8
9
7
8
6
5
6
8
7
5
5
6
6
7
8
8
11
11
9
7
5
6
10
11
12
11
11
11
11
11
11
11
11
10
8
8
9
10
11
9
6
6
8
8
10
10
9
8
7
8
8
10
10
10
9
10
12
12
13
13
11
10
11
10
9
10
10
12
10
11
11
10
9
10
8
7
6
7
7
5
7
7
8
8
8
7
6
6
7
7
8
8
8
7
6
6
8
8
10
9
8
7
8
8
6
6
7
10
9
8
7
7
7
9
7
6
5
6
8
8
8
7
6
7
7
7
6
6
6
7
7
6
5
4
4
4
5
5
5
5
4
5
5
5
5
4
5
6
6
6
5
6
6
6
6
7
7
7
8
7
7
7
8
7
7
6
6
5
4
4
5
5
8
8
7
7
6
6
7
7
8
7
5
5
6
6
8
8
7
6
6
6
7
8
7
7
6
6
8
8
8
6
7
6
6
7
6
5
6
6
8
9
7
5
4
7
7
7
7
6
5
4
5
6
7
8
7
6
6
7
7
6
5
5
6
7
6
8
9
7
5
4
5
6
7
7
5
6
5
5
5
5
5
5
6
4
4
4
5
6
6
6
4
4
5
7
7
9
8
6
7
6
8
6
6
6
6
6
6
6
6
8
9
8
8
6
7
7
7
8
7
6
7
7
8
8
7
6
6
5
6
6
5
6
4
4
4
6
8
8
7
7
7
7
8
8
7
7
7
7
9
9
9
9
8
9
9
8
6
6
8
8
9
10
10
10
9
7
7
7
6
8
8
9
11
9
7
6
5
5
6
4
2
3
3
3
1
1
1
2
2
1
0
-1
-1
0
1
1
3
2
1
2
2
3
5
4
4
3
3
2
4
3
2
1
1
1
0
1
2
4
4
2
2
2
2
4
4
4
5
5
6
6
5
4
3
5
5
5
5
4
5
6
5
4
5
3
2
1
1
1
2
2
3
2
3
5
5
4
2
4
5
6
7
5
6
6
6
4
4
3
3
4
5
4
4
4
4
5
5
5
6
5
4
5
5
6
6
7
5
6
6
5
6
7
6
4
4
4
5
5
4
1
0
0
1
0
1
0
-1
-2
-3
-2
-1
-4
-3
-5
-6
-6
-4
-4
-4
-4
-4
-4
-3
-3
-3
-5
-5
-4
-4
-5
-4
-5
-7
-7
-8
-7
-7
-8
-6
-8
-9
-11
-10
-10
-11
-10
-11
-11
-9
-10
-10
-8
-10
-9
-9
-10
-10
-10
-10
-11
-10
-9
-8
-8
-8
-10
-11
-10
-10
-10
-10
-9
-9
-8
-8
-9
-9
-9
-7
-7
-9
-9
-10
-10
-10
-8
-9
-7
-8
-8
-10
-10
-8
-8
-9
-10
-11
-11
-8
-9
-7
-9
-9
-8
-7
-7
-6
-6
-7
-6
-8
-7
-8
-7
-7
-6
-6
-5
-5
-5
-6
-5
-6
-7
-6
-5
-6
-5
-4
-5
-4
-3
-4
-4
-4
-4
-4
-3
-5
-4
-4
-4
-3
-1
-1
-1
-1
-2
-1
-2
-2
-1
-1
0
-2
-1
1
1
1
1
2
2
2
4
2
1
1
0
1
2
3
3
3
2
3
4
2
3
3
2
3
3
4
4
2
2
3
4
5
5
7
7
6
4
6
5
5
4
4
4
4
3
4
4
5
5
5
6
6
8
8
6
5
6
6
5
6
5
4
6
6
6
6
5
6
5
6
6
5
7
6
4
4
4
5
5
6
6
8
8
9
7
7
8
7
7
8
6
7
8
8
8
8
10
10
10
10
9
9
9
9
8
7
7
8
8
10
10
9
10
11
10
9
9
10
12
11
10
10
10
10
10
11
11
10
12
12
12
13
11
10
10
8
9
10
9
10
9
10
10
13
13
13
13
14
14
14
12
11
11
11
10
10
10
10
10
9
8
7
7
8
9
7
7
7
8
9
7
6
9
9
11
10
10
10
10
10
13
12
12
13
13
12
13
14
13
11
10
9
9
10
10
10
11
10
10
12
10
10
8
7
8
9
9
10
9
10
8
9
10
10
11
10
9
8
7
6
6
5
5
6
7
8
8
8
8
8
7
9
9
8
10
10
11
12
13
13
13
12
11
10
10
9
8
8
8
7
7
9
10
7
5
4
3
2
4
5
5
6
6
7
6
7
7
7
9
9
8
7
8
8
9
6
7
6
9
8
7
6
6
8
10
9
8
9
9
10
10
9
11
12
11
10
10
11
13
12
12
10
11
12
13
13
11
10
9
9
10
11
11
12
10
9
11
11
13
13
12
12
12
12
12
11
9
12
13
13
12
11
12
13
14
14
13
12
11
9
9
9
11
12
12
12
11
12
13
14
16
14
13
15
14
14
16
15
15
14
14
13
12
13
14
15
14
14
14
13
14
13
14
14
14
14
14
14
16
15
15
15
13
13
14
14
15
15
15
15
14
13
14
13
12
11
10
9
9
11
11
11
11
11
10
9
11
12
13
14
14
13
12
13
15
16
14
14
13
11
11
12
11
14
14
14
12
12
11
11
11
11
12
12
12
12
14
14
12
13
11
11
13
14
13
14
14
14
14
14
15
14
13
11
11
12
11
11
12
10
11
13
13
12
10
9
8
9
8
9
9
10
11
11
11
10
10
9
9
9
9
9
9
8
9
11
11
10
9
8
9
10
10
11
10
10
10
10
9
8
7
7
9
10
10
8
8
6
6
6
6
8
7
7
9
9
7
7
7
6
6
6
4
5
6
6
7
6
5
6
7
7
6
6
7
6
6
5
4
5
5
5
4
3
4
3
4
4
3
2
1
1
2
1
2
2
2
0
-2
-1
-1
-2
-1
-1
-5
-5
-6
-6
-5
-4
-4
-4
-5
-5
-4
-4
-4
-6
-6
-5
-5
-4
-4
-4
-5
-5
-4
-4
-4
-5
-6
-8
-6
-5
-6
-8
-9
-8
-9
-10
-10
-10
-10
-8
-9
-11
-12
-11
-11
-11
-10
-11
-10
-10
-11
-13
-13
-14
-12
-13
-11
-11
-9
-11
-10
-9
-11
-9
-9
-9
-9
-9
-10
-10
-10
-10
-12
-12
-9
-10
-10
-10
-10
-11
-12
-12
-13
-13
-13
-12
-12
-13
-14
-14
-13
-13
-13
-13
-13
-12
-13
-13
-11
-11
-13
-12
-12
-12
-11
-10
-9
-8
-8
-10
-10
-10
-10
-10
-12
-11
-11
-11
-10
-9
-9
-11
-11
-13
-12
-11
-11
-10
-11
-10
-9
-10
-9
-9
-9
-9
-9
-8
-9
-8
-9
-7
-8
-8
-9
-8
-9
-8
-6
-6
-6
-7
-7
-7
-9
-8
-7
-9
-10
-10
-11
-11
-8
-8
-10
-10
-11
-11
-9
-9
-9
-10
-10
-10
-12
-11
-10
-9
-9
-8
-9
-8
-8
-6
-5
-6
-8
-8
-8
-7
-6
-6
-7
-7
-6
-5
-4
-5
-3
-4
-4
-4
-4
-3
-3
-4
-5
-4
-5
-6
-5
-5
-5
-2
-4
-5
-5
-4
-2
-3
-2
-3
-2
-3
-3
-2
-3
-3
-3
-2
-1
0
1
0
1
1
1
1
2
2
4
5
5
5
5
4
5
4
4
4
3
3
4
7
6
7
6
5
4
4
2
2
3
3
3
4
5
4
4
4
4
4
6
7
5
5
5
6
7
6
8
7
8
8
11
10
9
8
6
5
5
8
8
10
7
5
5
5
7
8
8
7
6
6
5
7
9
8
8
9
9
9
8
7
8
11
12
11
10
9
8
9
11
13
12
12
11
11
9
9
10
10
11
11
9
8
10
10
9
9
11
11
10
10
9
11
11
10
11
12
13
13
13
11
10
10
11
12
11
12
12
13
12
12
12
14
16
15
14
12
12
14
14
14
14
15
16
15
15
14
15
15
15
14
14
13
14
14
13
13
14
14
15
14
14
15
15
15
15
13
12
13
12
12
15
16
17
17
17
18
17
16
15
15
16
17
18
19
18
19
19
20
19
18
18
17
17
17
18
18
17
17
17
18
19
19
19
18
17
16
18
17
16
16
16
17
17
18
18
17
18
15
15
16
17
17
19
18
20
21
22
23
22
21
19
19
19
20
20
21
22
21
22
22
22
19
19
18
18
20
21
21
20
19
19
18
18
18
19
20
22
21
21
20
20
19
20
20
19
17
17
19
17
18
18
18
19
18
17
17
17
19
19
19
19
18
17
16
16
18
18
17
16
15
15
15
15
14
14
15
14
16
15
14
13
15
13
13
13
13
13
12
11
12
11
10
10
10
9
9
9
8
9
9
10
10
11
11
12
13
13
13
12
10
10
10
11
13
14
16
14
12
11
10
11
11
12
12
12
12
12
10
12
13
13
11
10
10
12
13
13
14
14
14
14
13
13
12
12
12
12
13
14
13
12
12
11
11
11
12
11
11
11
11
12
11
10
10
11
10
9
10
12
14
14
15
16
15
13
13
14
14
15
16
15
14
14
16
17
19
19
18
19
17
16
15
15
16
16
16
16
16
15
15
15
15
16
16
17
17
16
15
15
15
15
15
15
13
14
13
13
14
13
13
12
12
12
10
11
11
11
12
12
11
10
10
10
10
11
12
12
12
13
12
11
10
11
12
13
12
10
10
10
9
8
8
7
6
6
7
8
8
8
7
7
8
8
7
7
6
5
7
7
9
10
11
9
8
7
6
8
9
8
8
7
6
6
6
8
7
5
6
5
5
6
7
6
6
5
6
6
7
7
7
6
5
5
3
4
5
7
7
7
8
6
5
4
5
5
6
6
7
7
7
5
6
6
6
7
7
8
8
9
8
8
8
10
10
10
9
8
8
8
7
7
7
7
7
7
8
10
8
9
8
7
7
7
7
8
7
9
7
11
10
11
11
12
10
10
11
11
12
9
9
9
9
9
10
9
10
9
9
9
9
9
10
9
9
9
9
11
12
11
11
9
11
12
12
12
11
11
12
12
12
11
10
10
11
11
12
11
10
11
11
10
12
13
11
11
10
10
12
13
15
14
14
14
13
12
12
12
13
14
15
15
13
14
15
14
15
16
16
16
16
16
17
18
18
16
16
15
17
19
20
20
19
18
17
17
15
16
16
16
16
17
17
18
20
19
17
17
18
18
19
17
17
17
17
17
18
18
20
20
19
18
17
17
17
17
16
15
16
16
16
16
17
17
17
18
19
21
21
22
22
21
21
21
22
21
21
22
22
24
24
24
23
23
23
24
24
25
24
25
26
25
26
25
25
26
26
25
25
26
27
25
24
25
25
25
24
23
23
24
28
27
27
27
24
24
25
26
27
27
27
26
27
26
27
28
29
29
28
28
28
30
29
29
29
27
27
27
28
27
27
28
28
28
29
27
29
28
28
27
28
28
28
29
28
28
29
28
27
27
27
28
28
25
25
23
25
25
25
23
22
20
19
21
22
23
24
24
23
22
22
21
22
21
21
21
21
22
22
20
21
21
22
24
23
21
20
18
18
20
21
20
19
18
17
17
18
20
19
19
17
17
17
19
22
21
20
19
19
19
18
18
18
18
19
19
18
20
18
18
18
18
18
17
17
17
18
19
20
21
20
19
20
20
21
22
23
23
22
21
21
21
22
23
24
23
24
23
22
23
26
26
25
23
23
25
26
26
26
26
25
24
22
22
22
23
24
23
25
24
23
22
20
21
21
22
25
24
23
22
21
21
22
23
24
24
24
24
24
24
23
22
21
20
20
19
19
18
18
20
21
21
23
21
18
19
18
18
19
20
18
18
18
18
18
19
18
17
19
18
16
15
15
16
16
16
16
17
18
17
16
16
16
15
15
16
16
16
16
15
15
15
13
14
14
15
16
15
15
15
15
15
15
14
15
15
16
14
16
17
15
15
13
13
14
16
16
15
14
12
11
10
10
10
10
9
11
12
11
12
10
10
12
11
13
13
12
11
10
9
9
10
10
10
9
9
10
11
10
8
9
9
11
11
10
9
7
8
8
9
10
12
11
11
10
11
12
12
12
10
9
10
11
12
12
10
10
9
10
9
9
8
8
8
7
7
7
6
7
8
10
9
9
8
7
7
7
10
9
9
8
9
10
12
12
10
11
10
11
9
8
8
9
10
9
9
9
8
10
9
10
10
8
7
8
9
8
8
8
7
7
8
10
10
9
9
9
9
8
7
6
7
10
10
10
9
9
9
9
9
10
10
10
10
11
11
11
12
13
12
10
11
11
11
12
11
11
12
11
12
12
10
11
10
11
10
15
11
9
9
5
11
8
10
9
12
11
10
8
5
5
8
8
9
9
8
10
9
8
8
8
8
7
8
7
9
10
10
8
6
5
5
8
9
10
10
10
10
9
10
9
9
8
9
10
11
12
12
10
11
10
10
9
10
10
9
10
9
9
9
10
11
11
11
11
12
12
11
13
12
12
14
14
14
15
15
15
15
15
15
15
16
14
13
13
12
12
11
10
11
11
12
13
13
14
14
12
12
12
12
12
13
14
15
17
17
17
16
15
15
16
16
15
15
14
15
15
15
17
17
18
17
16
17
18
17
17
17
17
17
18
19
20
19
18
17
17
18
17
18
16
16
17
17
17
17
15
16
16
16
16
16
15
15
16
16
15
16
16
17
17
17
15
17
18
16
16
15
15
15
16
15
15
14
14
14
17
17
15
14
12
13
13
14
12
11
11
13
13
14
14
12
11
11
11
11
11
14
13
14
14
13
14
13
12
11
10
10
10
12
12
12
12
11
11
12
12
12
12
11
12
14
14
12
13
12
12
13
13
14
15
14
15
15
13
14
13
14
14
14
14
14
13
13
14
15
16
17
17
15
15
15
16
17
16
15
13
14
16
15
16
17
17
18
17
16
16
15
14
15
14
14
15
16
17
18
17
17
17
17
17
17
16
18
19
19
17
16
16
18
18
17
16
17
17
17
18
18
18
16
15
16
15
17
19
18
17
17
16
16
16
17
17
17
16
17
16
17
18
17
17
15
14
15
18
18
19
18
16
16
17
17
17
16
16
15
15
16
16
16
16
15
15
15
16
16
16
15
16
18
20
20
19
17
15
15
14
14
13
13
13
13
13
14
14
15
14
13
13
12
12
12
11
12
12
12
13
14
15
14
14
13
13
13
12
12
13
13
14
14
14
13
14
14
15
15
14
14
13
11
11
12
12
14
13
13
11
11
12
11
12
11
12
13
11
10
10
10
11
11
9
9
9
9
10
9
9
8
9
9
9
7
9
9
10
11
11
13
13
13
11
12
11
11
12
12
12
13
12
12
11
11
12
13
13
12
12
12
12
13
12
13
11
11
14
14
15
15
14
12
15
15
14
14
14
14
13
12
13
11
10
10
10
11
12
12
12
13
13
11
10
9
10
12
12
14
13
13
14
16
14
16
15
16
17
16
16
14
14
14
13
14
14
15
14
15
15
14
14
14
16
17
17
17
16
16
16
15
14
14
15
15
15
13
12
13
13
14
15
13
12
13
11
12
13
12
11
10
10
11
13
13
15
14
15
15
14
14
14
14
14
13
13
14
14
14
12
12
13
15
14
13
12
12
13
15
16
15
14
13
13
14
16
16
16
13
15
14
15
15
16
16
14
13
11
12
13
13
14
15
15
16
14
14
13
13
13
13
14
14
13
13
12
10
10
11
12
12
13
12
10
11
10
11
10
11
12
13
12
10
10
11
12
13
12
13
12
11
12
11
12
12
12
13
12
12
11
11
12
13
13
13
11
11
12
13
14
14
15
14
14
13
13
13
12
14
14
13
13
13
12
12
13
12
13
13
14
14
14
13
12
13
14
13
12
11
12
10
10
12
13
14
15
13
11
11
12
13
13
13
13
12
12
12
12
12
13
14
14
14
13
13
13
13
13
13
13
13
14
14
13
11
12
13
13
14
14
15
14
13
12
11
12
12
13
13
13
14
14
16
14
13
12
13
13
12
12
12
12
11
11
10
11
11
10
11
12
12
14
14
13
12
14
14
13
13
15
15
15
15
15
15
16
15
16
15
15
15
16
16
18
17
17
17
16
16
16
17
18
16
15
15
15
17
17
15
15
14
14
16
15
14
14
11
11
12
14
14
15
14
14
13
13
13
14
14
13
12
13
13
15
15
14
16
17
17
16
16
15
16
18
18
16
15
14
15
16
15
16
16
16
15
14
14
13
14
16
14
15
16
15
13
13
12
11
11
12
12
12
13
12
12
12
13
13
14
14
12
12
13
16
15
13
13
10
11
12
13
14
14
12
12
13
12
12
13
13
13
14
14
12
13
14
13
14
14
15
15
14
13
14
13
15
16
17
17
16
16
16
17
15
15
15
15
16
17
18
17
16
16
16
16
17
16
16
16
16
16
16
17
16
15
14
12
14
15
15
15
13
13
11
15
15
15
14
13
12
11
11
12
12
12
13
13
13
14
13
12
12
13
14
15
17
15
15
13
12
13
12
13
13
15
17
18
17
16
16
15
16
15
15
15
14
14
13
14
13
14
14
13
13
14
15
15
13
14
12
14
14
15
16
15
16
16
17
16
17
18
18
18
18
18
16
17
17
17
18
19
20
18
20
20
20
19
21
22
21
21
21
21
20
22
23
25
25
24
25
23
22
22
23
22
22
24
24
24
23
23
24
25
27
25
23
25
24
24
24
24
26
27
26
26
26
27
27
25
24
24
25
24
24
26
26
26
25
23
23
23
24
23
23
23
23
24
24
24
24
23
23
23
23
24
24
23
23
22
22
22
22
23
23
22
23
23
22
21
21
21
22
22
21
21
19
20
20
20
20
21
20
19
18
21
20
21
21
21
20
22
20
21
21
20
21
21
22
22
23
23
22
20
21
22
22
22
22
22
21
21
21
21
20
20
20
20
21
22
23
22
21
21
21
19
20
20
21
21
19
20
20
20
20
19
17
18
17
17
15
15
16
16
17
17
16
14
15
16
17
17
15
15
14
14
15
13
15
14
15
13
12
13
12
12
12
12
13
13
13
14
13
11
12
12
12
12
11
10
9
9
9
9
9
9
9
8
9
11
9
9
7
5
6
6
6
5
5
6
7
6
7
6
5
5
4
5
3
3
2
2
3
3
4
4
3
3
3
3
3
3
3
1
1
1
1
1
2
2
0
1
-1
0
-1
-1
0
1
2
2
2
1
-1
0
0
-1
0
1
0
0
0
2
3
3
3
1
2
5
6
4
3
0
1
3
3
3
0
1
1
1
-1
-2
-4
-2
-2
0
-2
-2
-1
-1
-1
-2
-2
-2
-1
-2
-3
-3
-2
-2
-1
-2
-2
-3
-4
-5
-5
-4
-5
-5
-3
-5
-4
-5
-4
-4
-3
-5
-6
-5
-5
-7
-5
-4
-5
-5
-6
-5
-5
-4
-4
-3
-4
-4
-2
-3
-4
-3
-4
-5
-6
-4
-4
-3
-6
-6
-7
-8
-7
-7
-8
-10
-9
-8
-6
-7
-8
-8
-6
-5
-6
-7
-9
-8
-8
-8
-9
-8
-6
-6
-6
-6
-7
-7
-7
-7
-7
-9
-7
-7
-7
-7
-6
-6
-5
-6
-7
-7
-8
-8
-8
-9
-8
-7
-6
-7
-5
-3
-5
-6
-6
-6
-6
-7
-7
-6
-5
-6
-7
-6
-5
-5
-6
-5
-5
-3
-2
-1
0
2
2
0
0
-1
0
0
-2
-3
-4
-2
-1
-1
-3
-4
-5
-5
-3
-3
-3
-4
-6
-4
-5
-3
-1
-2
-1
-3
-4
-5
-4
-3
-3
-3
-3
-4
-5
-4
-5
-5
-3
-3
-2
-2
-3
-3
-2
1
1
3
3
3
3
5
5
4
5
2
1
0
2
0
0
-1
-1
-1
-1
-2
-2
-4
-2
0
-2
-4
-5
-2
-1
0
-1
-2
0
0
1
0
2
3
3
2
1
0
1
3
6
4
4
2
3
3
2
3
1
2
2
4
3
4
6
7
6
6
3
3
4
4
5
5
4
4
5
4
4
3
3
3
3
4
3
1
2
1
3
3
3
2
2
2
3
4
3
2
1
1
2
3
1
2
2
-1
0
2
2
3
1
0
0
0
1
0
1
1
1
0
-1
-1
1
2
3
2
1
-1
-3
0
-1
-2
-4
-4
-3
-2
0
-1
1
-3
1
-1
-1
-3
-7
-4
-3
1
-2
1
-3
-3
-1
-1
1
2
2
2
1
-1
-1
1
3
5
3
0
2
0
2
2
3
1
1
1
0
3
4
3
7
2
2
3
4
6
6
5
3
2
1
0
1
4
2
5
2
3
3
2
3
3
4
3
3
2
3
5
7
8
5
3
3
5
7
7
7
6
6
7
7
6
9
7
6
6
5
5
8
6
7
7
5
6
7
8
7
6
8
8
7
9
9
8
7
8
9
11
9
10
6
9
8
12
12
14
10
8
9
9
11
9
13
8
14
6
14
9
13
9
11
11
10
12
8
11
7
13
8
13
7
11
8
12
11
12
13
11
13
9
11
9
12
12
14
12
11
9
9
8
9
12
12
12
12
10
11
14
13
14
12
12
13
13
13
14
14
13
13
11
12
9
12
10
13
11
11
10
12
13
14
12
9
12
9
15
9
15
10
15
12
12
12
13
13
11
13
9
13
12
15
9
13
7
14
10
11
9
11
9
10
9
11
10
12
10
10
10
9
13
11
13
9
13
9
13
12
11
14
9
12
11
13
13
12
11
9
11
10
12
9
12
8
11
10
11
10
9
11
5
7
5
12
10
12
6
9
7
11
11
11
11
8
10
11
12
9
12
8
12
7
11
7
9
9
9
9
7
9
4
8
6
8
5
7
3
5
4
6
9
7
8
4
7
6
7
6
5
4
3
4
2
4
2
5
3
4
4
4
6
3
10
3
8
3
7
6
9
8
7
10
3
8
2
8
6
8
6
6
6
2
4
0
6
4
5
5
5
5
3
6
4
6
5
5
6
3
5
4
5
2
4
4
4
5
3
2
1
0
1
1
2
3
1
0
-1
0
3
4
3
2
0
0
1
1
4
1
1
-2
2
0
0
1
-5
1
-6
0
-6
-3
-5
-6
-1
-5
-2
-4
-1
-3
-1
-5
-4
-5
-2
-4
-1
1
-2
-2
-5
1
-3
-2
-3
-2
-4
-3
0
1
1
0
-1
0
3
-2
3
1
6
2
5
3
3
7
3
7
3
7
4
13
5
10
6
7
11
6
12
5
15
7
11
9
8
9
9
7
4
6
3
8
3
6
1
6
2
1
3
1
4
-1
0
-4
0
-2
-5
2
-5
2
-4
-3
-4
-7
-7
-9
-5
-10
-7
-7
-8
-6
-11
-8
-7
-9
-8
-12
-8
-10
-9
-7
-4
-5
-4
-5
-5
-2
-4
2
1
2
6
4
12
9
13
9
11
15
14
21
18
24
19
29
26
28
31
32
36
35
38
36
45
35
43
43
44
48
46
47
40
43
38
41
41
35
35
30
34
27
27
25
22
19
11
12
3
6
-8
-4
-17
-15
-23
-36
-25
-48
-40
-58
-66
-62
-79
-75
-93
-91
-104
-106
-111
-117
-120
-125
-135
-139
-141
-147
-144
-143
-145
-138
-141
-134
-126
-118
-107
-98
-86
-77
-60
-45
-27
-5
10
30
44
66
86
106
131
151
168
188
197
221
234
255
268
272
293
289
305
303
309
312
304
305
289
289
274
268
251
235
216
195
175
154
130
103
72
42
7
-19
-52
-73
-113
-141
-175
-213
-229
-283
-291
-338
-353
-387
-419
-439
-465
-473
-488
-493
-510
-518
-525
-515
-473
-435
-438
-415
-422
-364
-303
-277
-222
-190
-116
-95
-59
-26
49
129
157
181
198
246
273
311
327
369
384
373
363
363
377
382
377
357
338
305
271
253
239
227
197
156
119
83
50
30
19
12
-38
-68
-108
-113
-110
-140
-114
-141
-116
-139
-145
-108
-97
-55
-57
-29
-9
26
53
70
132
163
193
212
233
261
309
314
339
358
354
366
352
361
352
356
323
293
269
230
193
178
110
81
20
-36
-67
-155
-200
-265
-308
-351
-422
-491
-531
-550
-578
-620
-674
-653
-626
-656
-676
-723
-631
-561
-545
-550
-529
-426
-360
-337
-309
-222
-100
-61
-40
-17
97
174
228
237
290
349
377
387
408
458
488
493
471
466
475
464
456
444
427
402
367
352
324
302
292
259
238
183
150
137
138
120
86
65
49
43
25
25
24
44
29
19
31
37
71
84
87
96
116
122
130
148
154
171
162
148
131
136
109
99
82
51
-20
-14
-129
-109
-193
-264
-293
-405
-441
-545
-603
-589
-609
-593
-628
-770
-755
-784
-709
-632
-670
-633
-637
-567
-550
-490
-390
-296
-179
-204
-174
-133
6
91
185
216
257
293
306
338
404
491
539
533
505
481
501
526
554
557
542
491
422
392
371
381
374
329
257
181
111
72
63
39
1
-47
-140
-175
-220
-223
-157
-189
-171
-230
-259
-200
-208
-106
-99
-32
-26
-14
23
86
191
254
308
306
353
381
425
498
532
577
567
559
519
540
532
518
513
437
376
353
234
243
163
73
53
-134
-154
-293
-377
-415
-561
-604
-759
-841
-883
-925
-951
-1037
-1018
-1020
-1083
-1060
-1153
-1021
-897
-888
-866
-866
-740
-610
-525
-473
-361
-183
-122
-58
-31
132
293
397
415
451
540
624
653
689
771
824
835
797
745
787
807
779
759
708
647
595
526
494
488
437
352
262
192
143
135
82
35
14
-108
-52
-157
-115
-111
-152
-98
-156
-134
-135
-84
-42
-4
36
18
108
125
185
245
280
320
358
340
388
389
427
399
417
310
365
266
260
254
108
101
-43
-94
-225
-225
-465
-461
-633
-829
-790
-1041
-929
-997
-1057
-965
-1241
-1188
-1265
-1188
-976
-1001
-973
-1026
-933
-782
-705
-542
-514
-272
-186
-203
-140
-12
227
396
456
397
502
566
645
721
792
895
922
859
792
802
861
916
879
815
742
639
578
556
535
545
477
318
259
136
133
141
94
43
-74
-96
-209
-87
-126
-140
-57
-209
-113
-157
-140
6
31
81
102
94
173
249
318
402
439
487
476
519
514
607
632
601
597
468
435
447
350
398
244
163
-7
-40
-221
-272
-342
-589
-619
-873
-976
-1097
-1239
-1241
-1364
-1347
-1465
-1358
-1472
-1498
-1424
-1554
-1223
-1151
-1133
-1047
-1043
-841
-621
-463
-406
-187
-16
78
206
226
493
725
804
830
835
915
1060
1115
1111
1213
1200
1172
1127
1018
1047
1077
979
905
801
634
571
513
429
447
306
201
142
-46
-34
-161
-125
-99
-224
-276
-321
-342
-210
-239
-211
-132
-149
-49
-130
37
121
237
353
292
398
482
525
676
704
754
833
709
830
736
770
755
628
615
513
329
291
208
41
13
-266
-344
-550
-621
-914
-986
-1135
-1372
-1384
-1789
-1702
-1850
-1823
-1838
-1817
-1673
-1822
-1745
-1875
-1631
-1239
-1133
-1003
-1060
-856
-556
-300
-159
55
355
553
621
601
802
1171
1379
1489
1379
1379
1463
1529
1520
1607
1606
1530
1422
1183
1080
1060
1006
923
763
537
327
210
209
49
43
-160
-308
-300
-505
-465
-523
-467
-457
-523
-550
-533
-380
-280
-153
-157
-6
58
169
361
384
653
655
833
845
943
1054
1070
1177
1191
1100
1099
993
914
880
731
586
504
288
172
-55
-269
-391
-627
-831
-1071
-1288
-1508
-1700
-1881
-2178
-2194
-2452
-2335
-2430
-2504
-2201
-2156
-2098
-1953
-2194
-1871
-1313
-1003
-792
-802
-692
-209
227
461
592
1005
1274
1495
1442
1471
1873
2208
2315
2175
1945
1972
2004
1941
1926
1836
1598
1406
1070
795
724
515
377
250
-3
-381
-543
-716
-724
-641
-901
-940
-1064
-1099
-1068
-1057
-803
-711
-501
-564
-455
-294
30
291
528
703
800
1002
1068
1393
1475
1690
1794
1718
1810
1658
1719
1661
1708
1465
1325
966
787
593
400
223
-55
-296
-719
-988
-1325
-1482
-1812
-2000
-2394
-2768
-2849
-3294
-3066
-3484
-3366
-3370
-3338
-2884
-2713
-2553
-2427
-2196
-1992
-1232
-820
-454
-38
91
648
1053
1516
1853
2313
2608
2752
2822
2781
3060
3277
3314
3141
2767
2517
2341
2112
1880
1660
1224
850
387
-142
-431
-653
-934
-1087
-1395
-1871
-2013
-2108
-2099
-1920
-2056
-1966
-1926
-1638
-1520
-1262
-854
-485
-25
121
415
724
1283
1709
1986
2224
2342
2559
2651
2805
2872
2854
2887
2648
2508
2290
2039
1866
1692
1334
892
452
-4
-202
-476
-840
-1196
-1606
-1957
-2343
-2679
-2982
-3256
-3477
-3723
-3982
-4228
-4330
-4379
-4337
-3808
-3831
-3346
-2812
-2409
-1904
-1742
-1646
-771
341
1159
1487
1507
1813
2616
3305
3658
3878
4128
4261
4185
3843
3730
3695
3655
3445
2770
1962
1295
752
536
341
-340
-1076
-1717
-2163
-2465
-2764
-3098
-3187
-3153
-3208
-3487
-3379
-3154
-2641
-2039
-1559
-1137
-674
-293
219
899
1657
2176
2605
2851
3176
3499
3720
3973
4053
4032
3845
3458
3202
3034
2802
2547
2164
1609
1190
697
373
57
-246
-730
-1200
-1631
-1964
-2152
-2318
-2536
-2767
-3172
-3427
-3783
-3793
-3868
-3882
-3993
-4145
-4119
-4334
-3949
-3503
-3227
-2389
-1350
-1219
-347
-961
-786
871
2117
3233
3067
2592
2847
3732
4135
4412
4510
4521
4407
3566
2846
2545
2268
2283
1933
865
-195
-1209
-2025
-1729
-1733
-2368
-2985
-3445
-3740
-3595
-3810
-3882
-3136
-2393
-2206
-2238
-2293
-1751
-646
298
845
1454
1807
2491
2844
3318
3652
3878
4412
4406
4366
3899
3414
3392
3380
3273
2650
1819
1259
938
720
457
37
-242
-509
-852
-1190
-1346
-1486
-1451
-1565
-1910
-2149
-2318
-2158
-2166
-2130
-2567
-2966
-3139
-2998
-3264
-3137
-3565
-3717
-3236
-3365
-2962
-2430
-1538
-360
-253
-506
-873
127
1841
3035
3230
2721
2580
3019
3540
3841
3802
3779
3568
2993
2295
1557
946
824
728
259
-706
-1881
-2737
-2743
-2473
-2573
-2892
-3150
-3174
-3013
-2943
-2762
-2178
-1384
-690
-346
-221
137
552
1377
2200
2655
3071
2993
3154
3375
3360
3636
3440
3396
3234
2632
2312
1837
1667
1578
1258
859
278
-150
-313
-372
-338
-449
-609
-767
-777
-729
-657
-680
-752
-888
-1036
-1157
-1227
-1257
-1266
-1616
-2176
-2515
-2857
-2992
-3095
-3797
-3665
-3960
-3787
-3095
-3626
-1953
-1290
-804
35
-1307
-320
1186
2444
3635
3206
2735
3102
3424
3784
4234
3883
3598
3015
2169
1670
968
135
40
-169
-952
-1815
-3083
-3495
-3018
-2915
-2991
-3060
-3125
-2851
-2413
-2123
-1565
-880
-67
650
1166
1325
1384
2058
2816
3801
3711
3416
3025
2974
3478
3324
3233
2568
2133
1680
1455
1144
786
547
179
92
-326
-609
-812
-709
-435
-345
-520
-587
-406
-228
37
-114
-366
-323
-552
-659
-742
-1102
-1372
-1627
-2406
-2711
-3419
-3838
-3978
-3958
-4184
-4264
-3933
-3823
-1648
-1215
-768
-462
-1323
512
1827
3038
3857
3395
3230
3744
3787
4148
4287
3674
3492
2709
1683
913
19
-655
-618
-1187
-2047
-2868
-3780
-3771
-3410
-3311
-3127
-2816
-2492
-1856
-1346
-985
-224
474
1436
2448
2721
2941
2831
3081
3798
4036
3819
3214
2502
2228
1886
2020
1530
1129
528
-302
-352
-683
-634
-509
-422
-451
-497
-758
-447
-8
350
904
741
937
1024
1045
1319
1205
1011
641
231
-172
-468
-955
-1439
-2161
-2852
-3689
-4283
-5003
-5173
-5385
-5647
-5331
-4868
-4036
-2483
-1173
-632
306
-298
908
2612
3978
5356
4875
4686
4712
4530
4459
4514
3791
3375
2267
941
43
-1193
-2288
-2599
-2852
-3284
-3831
-4766
-4833
-4307
-3842
-3129
-2368
-1467
-403
305
831
1667
2263
3336
4440
4929
5146
4513
4065
4045
3977
3554
2717
1673
671
-73
-682
-697
-895
-1277
-1712
-2390
-2108
-1880
-1429
-843
-532
-147
177
532
1219
1759
2192
2478
2550
2651
2584
2364
2178
1844
1270
479
-268
-884
-1476
-2144
-3122
-4276
-5084
-5694
-6067
-6185
-6404
-6400
-5845
-5038
-3995
-2562
-591
723
2175
1941
2342
3739
5046
6707
6647
6151
5624
4647
4089
3699
2714
1884
606
-764
-1667
-3102
-4425
-5048
-5115
-4902
-4714
-4985
-4758
-4154
-3333
-2087
-784
659
2046
3034
3796
4456
4798
5358
6082
6317
6198
5231
4162
3403
2555
1612
523
-575
-1429
-2148
-2751
-3395
-3404
-3891
-3234
-2884
-2238
-1249
-798
215
1066
1743
2515
3150
3611
4370
4237
4215
3886
3323
3123
2467
1842
1079
107
-908
-1803
-2795
-3474
-4232
-4952
-5744
-6414
-7143
-7249
-7268
-6616
-6044
-4792
-3680
-2278
-841
1119
3108
4658
5121
4948
5769
6510
7430
7219
6437
5472
4070
2839
1763
526
-739
-2124
-3433
-4126
-5240
-6225
-6665
-6403
-5687
-4950
-4336
-3386
-2220
-1006
427
1981
3587
4809
5703
6321
6769
6661
6433
6294
5970
5194
3846
2270
995
-20
-1177
-2144
-3178
-4115
-4752
-5032
-4405
-3842
-3020
-2477
-1621
-376
763
2151
3178
4279
5108
5244
5640
5474
5188
4930
4165
3669
2764
1648
715
-302
-965
-1886
-2883
-3705
-4348
-4730
-5262
-5512
-6357
-6434
-6372
-6497
-5135
-5269
-3755
-3241
-1984
-433
508
2166
4071
5404
6692
5996
5302
5631
5425
5925
5024
4017
2755
999
-369
-1390
-2514
-3451
-4374
-4913
-4895
-5452
-5808
-5661
-4739
-3470
-2238
-1080
181
1350
2376
3519
4697
5598
6116
6396
6505
6300
5358
4343
3395
2632
1631
528
-766
-1895
-2932
-3768
-4218
-4491
-4630
-4429
-4099
-2681
-1183
-187
1421
1599
3164
4080
4798
6089
6000
6223
5671
4927
4590
3864
2858
2187
1084
331
-474
-1539
-1939
-2495
-3012
-3507
-4068
-4463
-4326
-4511
-4425
-4325
-4516
-4126
-3702
-3350
-2613
-2319
-2016
-936
-778
813
1252
3000
4458
4852
4755
3335
3375
3610
3890
3544
2648
1574
548
-859
-1428
-2137
-2781
-3211
-3579
-3302
-3444
-3883
-3833
-3067
-2028
-909
-173
870
1756
2345
2987
3725
4475
4782
4867
4819
4613
3867
2811
1911
1169
394
-341
-1108
-1608
-2215
-2999
-3339
-3582
-3094
-2766
-2220
-1670
-1121
-246
896
2337
4176
5278
5642
5750
5041
5127
4642
4293
4022
3055
2344
1241
344
-293
-1073
-1565
-1722
-1836
-1751
-2123
-2523
-2829
-3039
-3057
-2861
-2797
-2553
-2761
-2877
-2778
-2915
-2700
-2619
-2731
-1926
-1865
-749
-114
822
2634
3073
3717
2728
2482
3171
3416
3707
3179
2342
1688
444
-234
-641
-1507
-1978
-2542
-2550
-2559
-3170
-3438
-3043
-2465
-1687
-1076
-257
681
1224
1853
2616
3407
3845
4114
4390
4450
4005
3113
2392
1801
1118
426
-321
-757
-1287
-1930
-2448
-2890
-2931
-2728
-2358
-1783
-1355
-660
284
1361
2901
3647
4386
4550
4569
5025
4701
4556
3913
3115
2698
1910
1379
825
85
-409
-871
-1213
-1220
-1618
-1916
-2311
-2689
-2941
-2982
-3240
-2962
-3128
-3351
-3316
-3573
-3112
-3330
-3112
-3180
-2489
-1736
-766
176
1826
3180
4005
3937
3229
3677
3776
4158
4103
3495
2742
1438
243
-253
-1256
-2131
-2786
-3159
-2961
-3478
-3984
-3913
-3531
-2876
-2020
-1062
177
1075
1720
2630
3475
4149
4579
4946
5214
5037
4244
3416
2581
1631
640
-404
-1117
-1762
-2120
-2526
-3030
-3470
-3988
-3663
-3001
-2265
-1144
-419
907
1874
3042
3985
4644
5230
5559
5984
5662
5176
4374
3732
3085
2204
1506
977
238
-342
-1079
-1492
-1763
-2235
-2517
-2698
-3025
-3361
-3677
-3469
-3351
-3132
-3223
-3323
-2815
-3019
-2766
-2791
-2649
-2267
-1607
-1096
22
979
2766
4104
4608
3969
3183
3203
3586
4010
3607
2908
1624
360
-513
-1388
-2339
-3057
-3518
-3305
-3228
-3679
-3772
-3637
-3063
-2145
-1169
163
1393
2256
3091
3806
4306
4770
5076
5399
5374
4655
3668
2647
1470
385
-766
-1704
-2326
-2912
-3352
-3789
-4289
-4457
-4180
-3615
-2533
-1612
-138
1060
2262
3438
4317
5501
6086
6723
7018
6516
5958
4788
4058
3200
2194
1454
551
-140
-949
-1737
-2177
-2560
-2691
-2842
-2979
-2952
-3355
-3251
-3293
-3013
-2616
-2734
-2171
-2222
-1884
-2015
-2332
-2232
-2052
-2037
-1145
-1366
-72
1030
2716
3964
3545
2643
2274
2679
3375
3495
2701
2008
826
61
-571
-1433
-2297
-2865
-2896
-2422
-2514
-2959
-3049
-2821
-2126
-1306
-361
820
1797
2543
3275
3754
4047
4272
4551
4824
4490
3592
2559
1562
459
-630
-1724
-2400
-2780
-3170
-3385
-3785
-4010
-3788
-3229
-2491
-1636
-877
840
1975
3183
3930
4405
5535
5938
6523
6513
5649
5180
4239
3701
2772
1306
735
-55
-374
-898
-1754
-1952
-2361
-2418
-2346
-2498
-2409
-2510
-2567
-2235
-2246
-2153
-1944
-1952
-1481
-1556
-2039
-2023
-2737
-2527
-2687
-2924
-1901
-1825
-563
788
2132
3036
2791
1717
2446
2669
3393
3464
2692
2340
1288
435
121
-856
-1594
-1986
-2144
-1733
-2190
-2750
-2753
-2621
-2100
-1327
-588
493
1291
1913
2747
3086
3318
3631
3881
4170
3836
3040
2276
1278
287
-604
-1397
-1970
-2246
-2530
-2625
-2824
-3172
-3088
-2574
-2232
-1104
-562
619
1556
2166
3538
4392
5268
5596
5615
5559
5315
4611
4149
3324
2412
1579
818
324
-140
-838
-1130
-1467
-1705
-1786
-1941
-1843
-1887
-2124
-2232
-2383
-2298
-2098
-2060
-1633
-1855
-1632
-2023
-2269
-2577
-2708
-3115
-2968
-3107
-2257
-1652
-858
1047
2158
3211
2866
1946
2811
2867
3492
3664
2959
2578
1391
694
475
-704
-1527
-1924
-1901
-1605
-2181
-2590
-2550
-2663
-2357
-1700
-868
156
772
1515
2400
2710
2834
3137
3457
3757
3533
2989
2538
1700
827
37
-740
-1245
-1365
-1712
-1812
-2334
-2772
-2548
-2579
-1970
-1493
-1000
-27
778
1950
3123
3478
4400
4625
5210
5427
5052
4950
4229
3554
2724
1913
1266
642
115
-310
-765
-1167
-1575
-1825
-2018
-2091
-2313
-2206
-2358
-2191
-2194
-2153
-1946
-1930
-1825
-1649
-1778
-1773
-2094
-2501
-2693
-2814
-2865
-2319
-2061
-1349
-204
1448
2715
3041
2064
1910
2098
2414
3014
2796
2686
2015
1348
1291
357
-643
-1267
-1452
-949
-1252
-1643
-1721
-2126
-2235
-2102
-1652
-936
-401
334
1390
1840
1853
1954
2247
2691
2873
3036
3115
2710
1905
1256
517
29
-537
-711
-802
-1187
-1315
-1612
-1621
-1837
-1832
-1573
-1029
-230
616
1450
2174
2630
3217
3882
3973
4382
4158
4197
4106
3283
2998
2092
1675
1252
737
578
-73
-359
-769
-1183
-1423
-1859
-2093
-2176
-2268
-2384
-2296
-2568
-2391
-2656
-2626
-2447
-2625
-2486
-2807
-2844
-2751
-2956
-2378
-2172
-1598
-1109
-695
1459
2383
3529
2857
2232
2644
2521
3320
3432
3183
2455
1692
1227
675
-413
-1302
-1449
-1423
-1482
-1716
-1919
-2117
-2580
-2532
-2152
-1628
-1012
-79
1128
1694
1884
1696
2359
2697
2880
3318
3021
3097
2480
1938
1411
393
23
-321
-363
-459
-990
-1130
-1512
-1604
-1576
-1650
-1120
-622
299
1079
1586
2268
2512
3206
3378
3875
4020
4137
4156
3816
3553
2694
2329
1822
1379
1066
445
78
-473
-1061
-1568
-2280
-2586
-3019
-2917
-2829
-2932
-2898
-3226
-3135
-3194
-2958
-2806
-2373
-2292
-1882
-1815
-1509
-1695
-1459
-1534
-1110
-721
776
2248
3065
3185
2114
2242
1612
1869
1985
1873
1752
1380
1332
846
-75
-789
-1057
-1026
-879
-726
-440
-617
-964
-1161
-1222
-1276
-1245
-603
91
714
995
1250
1401
1394
1226
1485
1630
1771
1980
1804
1605
1106
724
563
432
455
365
537
515
520
209
74
-39
173
559
949
1415
1587
1932
2113
2187
2347
2283
2601
2587
2828
2741
2270
1959
1548
1384
1049
790
559
246
-111
-706
-1247
-1697
-1954
-2104
-2086
-2115
-2307
-2271
-2538
-2532
-2651
-2990
-2570
-2736
-2346
-2495
-2403
-2098
-2218
-1755
-1867
-1410
-858
141
1027
1916
2233
1908
2448
1872
2420
2058
2163
2298
2129
2069
1529
1247
600
244
81
-192
-294
-512
-528
-750
-1061
-1486
-1525
-1433
-1297
-839
-524
-104
168
456
878
812
1113
1412
1699
2228
2187
2504
2244
2196
2220
1903
1753
1509
1463
1381
1051
941
495
230
148
109
355
231
644
679
1045
1024
1192
1430
1562
1787
1971
2161
2166
2231
2160
2029
1785
1515
1304
1044
588
73
-357
-705
-964
-1112
-1295
-1587
-1506
-1612
-1655
-1937
-2249
-2348
-2421
-2246
-2357
-2121
-2337
-1991
-2029
-1796
-1765
-1955
-1618
-1319
-653
-138
332
853
1031
1542
1326
1943
1488
1924
2068
2074
2325
1613
1863
1304
1045
648
170
253
-184
-42
-196
-298
-487
-532
-438
-356
-444
-283
-35
187
410
572
973
985
1177
1591
1783
1879
1727
1783
1862
1503
1601
1410
1292
1043
911
1135
662
758
428
500
494
326
746
751
878
988
1104
1284
1166
1352
1488
1561
1552
1485
1713
1541
1483
1427
1144
924
648
535
366
250
244
271
354
237
37
9
-92
-224
-128
-38
-393
-416
-551
-989
-1029
-1202
-1180
-1361
-1514
-1651
-1857
-1805
-1896
-1895
-1782
-2168
-1831
-1811
-1633
-1193
-1191
-515
-475
81
407
438
836
1054
1256
1378
1317
1211
1364
1108
1220
1101
827
722
547
660
155
292
40
40
35
-313
-149
-284
-202
-44
121
151
293
428
722
570
581
613
576
714
616
776
763
566
683
499
476
304
307
409
263
216
55
87
-127
-8
14
-84
-62
238
173
451
337
240
452
301
389
195
30
378
-112
155
-7
-425
255
-446
-40
-198
-705
-111
-544
-506
-735
-600
-975
-924
-580
-1622
-965
-1277
-1797
-1687
-1929
-2004
-2537
-1987
-2747
-2499
-2603
-2636
-2530
-2424
-2565
-2432
-2265
-2448
-2038
-2159
-1898
-1819
-1720
-1509
-1416
-1322
-1248
-1120
-1074
-1021
-1004
-997
-999
-1088
-928
-1129
-1222
-1188
-1115
-1154
-1289
-1050
-1055
-1172
-891
-778
-1088
-934
-1035
-1194
-1106
-1155
-1336
-1199
-1115
-1301
-1208
-1205
-1368
-1470
-1078
-1182
-1328
-882
-981
-765
-315
-476
-495
-8
-215
-78
360
-224
-47
-156
-332
-251
-307
-640
-614
-483
-601
-873
-311
-602
-273
-251
-593
100
-260
157
249
228
273
-296
1097
173
108
910
-503
703
361
-724
556
-276
-1044
-11
-792
-949
-731
-984
-763
-895
-471
-1524
381
-1308
-588
-285
-1336
160
-1213
-502
-40
-1377
-736
-988
-1710
-1452
-1303
-1687
-1209
-1350
-1592
-1601
-1891
-1070
-1777
-1384
-1099
-1259
-1563
-492
-1141
-655
-511
-1175
-327
-1339
-687
-1018
-511
-985
-1069
-618
-1385
-631
-1188
-515
-997
-1078
191
-1120
438
-409
-24
234
0
487
-23
947
20
615
466
276
264
132
-36
10
-340
-215
-168
-394
-44
-336
123
-610
521
-291
811
-438
1021
-133
49
970
-401
831
172
513
-161
749
-194
43
722
-454
522
27
-29
675
-192
653
126
679
276
537
712
404
371
1052
57
210
1122
-366
758
68
-132
-38
315
-738
328
373
-698
731
10
102
107
611
172
538
459
816
170
707
575
195
929
124
68
815
-613
315
389
-598
791
-27
-95
863
-336
554
115
709
-106
1023
665
521
731
411
944
89
1165
140
837
323
1003
-327
795
135
-76
825
-214
540
59
502
841
-64
745
986
484
845
1635
505
1415
1117
1108
942
937
1218
549
1392
571
722
775
-60
1367
-690
941
339
-266
915
14
589
-372
1100
-118
194
790
-157
481
357
600
345
312
821
77
727
457
481
281
712
-319
639
-63
55
212
-113
30
-398
-244
-57
-819
-207
-1036
-646
-1031
-855
-997
-641
-1012
-394
-1052
255
-1541
229
-239
-940
941
-1250
992
-802
436
-98
638
-511
357
326
-680
670
-415
225
-203
-329
171
-878
665
-1521
692
-581
-645
-95
-214
-249
-156
-72
360
-508
-325
762
-582
485
89
178
531
-146
273
755
-1143
1138
-800
-82
-13
-986
170
-673
-747
328
-1491
418
-973
-315
-317
-465
-84
-758
583
-1347
629
-1238
368
-804
-117
2
-815
1312
-1338
1088
-334
-349
725
-736
611
-366
-112
270
-793
500
-985
420
-562
-726
641
-1325
27
426
-1341
671
-814
-119
64
-406
-44
-465
-202
-173
-487
441
-737
-265
831
-1761
1167
-663
396
-783
1486
-922
391
732
-380
609
151
369
-18
276
472
-571
616
-261
-465
369
-1178
1735
-2648
1650
-308
-1826
2494
-2104
1308
-613
1195
-1248
1773
-566
-383
1437
-1260
1408
-1680
2031
-1526
-292
1563
-3088
1708
-1931
106
-405
-1293
1581
-3517
2144
-2088
-143
327
-565
0
-56
77
115
117
317
208
115
-589
1445
-1389
913
-130
-601
189
-479
-231
-71
-852
517
-837
-466
641
-1897
1484
-1180
-314
1466
-2076
1293
-95
-1312
1698
-1589
1055
-911
290
0
-970
1546
-1709
782
972
-1985
2018
-500
-646
2058
-1706
1766
231
-873
2607
-1817
1834
-8
-509
2068
-1660
1439
79
-553
1039
-619
-21
332
-572
427
-79
-34
778
-800
2000
-1497
2087
-945
1129
8
-115
1294
-1438
1557
-6
-1097
2110
-1973
778
171
-1054
538
421
-1691
1634
-716
-1058
2124
-1860
853
986
-717
724
1053
-585
1132
-75
344
784
-726
1626
-1043
881
189
-828
793
580
-1433
2000
-864
95
497
-414
1059
-1173
1406
258
-1197
2134
-1324
734
145
642
-1580
2025
-1357
-204
1690
-2637
2855
-2260
1375
183
-1510
2543
-2025
1064
698
-598
807
997
-1312
1839
-714
-82
2320
-2506
2562
-639
-397
1538
-1529
1459
-638
-222
1705
-2107
2146
-690
-238
1595
-1211
1072
823
-572
1174
285
-512
1635
-1578
2220
-1128
265
1568
-1955
1238
12
-1272
1631
-1400
1057
-777
570
588
-1198
1751
-753
6
1318
-628
568
878
-709
1536
-280
869
-80
923
102
575
138
809
-519
1265
-241
470
798
-515
978
432
-160
840
41
632
-5
739
421
-196
1381
-1077
1641
-364
-448
2071
-2073
2222
-685
457
1171
-654
965
775
-764
1614
181
-762
2291
-1069
609
1858
-2185
3105
-1986
1867
-394
86
741
-57
532
0
824
-160
445
788
-743
1569
-652
1190
-224
953
-120
854
23
872
-66
1340
-621
1256
-104
-315
1546
-702
361
1044
-611
862
-20
457
-52
-247
1378
-1321
1153
428
-841
1547
-851
985
-56
165
933
-782
690
1029
-1641
2389
-768
-98
2030
-1545
1325
854
-1562
3013
-2257
2228
-497
371
993
-184
139
861
-187
452
444
585
-540
1126
169
-389
1363
-518
482
471
641
-608
1793
-741
960
402
185
680
220
694
-25
1371
-1135
2066
-686
458
809
354
-543
1719
-1019
1117
480
109
234
621
271
-16
1297
-327
833
310
595
253
582
456
331
549
388
229
437
743
218
585
337
804
-231
1172
-196
883
514
-181
1379
-425
575
958
266
-338
2408
-1904
2029
57
-706
1717
-602
406
891
-419
717
268
-394
1824
-1567
1796
20
-300
1007
781
-771
1726
193
64
903
737
-197
824
1036
-630
1378
498
-311
1190
75
-233
1699
-860
1396
53
564
160
752
192
664
576
479
589
295
602
297
479
584
303
849
-31
1072
79
481
919
-122
546
1135
-415
1206
507
307
136
1791
-668
1274
730
151
278
1487
-375
864
694
569
-137
1675
-324
914
438
1152
-452
1423
591
-494
2019
-290
718
989
453
377
1300
-264
1888
-728
1992
-350
908
802
-25
949
126
420
438
329
218
1002
-808
2305
-1293
1689
162
256
815
648
354
1111
-325
2295
-1301
2247
-42
418
1297
55
681
348
662
14
1020
214
614
337
691
526
117
1521
-396
988
1058
-200
1148
935
-139
1496
175
765
-38
1919
-955
1577
575
-256
1099
883
-1024
2618
-1335
1649
540
-203
1907
-762
1458
816
-511
2077
-579
1340
991
-632
2443
-844
1247
1412
-811
2132
-107
468
1482
328
-109
2349
-904
1765
233
1068
247
884
1091
398
601
1393
-532
1377
987
-388
1851
-230
1150
197
1020
548
196
1179
444
160
1708
-513
1721
-98
1174
550
171
1534
-33
952
1176
-350
1624
54
455
1238
-44
767
693
438
786
225
1614
-194
1281
462
873
210
1367
627
445
1057
1331
-743
2488
-470
546
1714
-548
1277
1117
-624
2211
-749
1642
-338
1624
-664
1897
28
1010
663
1080
-63
1494
360
765
708
239
1771
-664
1464
947
-547
1447
1048
-877
1996
665
-839
2684
-536
566
1603
119
958
1212
155
1740
82
1568
57
1677
-507
2386
-695
1359
1621
-970
2584
-552
1098
633
825
535
794
822
130
1447
563
-303
2642
-1509
2644
-920
2219
-590
1668
745
-147
1723
289
-104
2121
-122
681
1153
1206
-718
2580
-219
918
1048
920
763
520
1424
-122
1396
315
1217
-352
2325
-702
1458
884
285
676
1132
687
-49
1695
902
-468
2328
464
-281
2332
1050
-1318
4300
-1973
1333
2623
-1950
3115
-567
1325
595
705
1011
477
447
1394
256
574
1566
-255
1438
821
502
1129
826
610
1044
983
874
-38
2931
-1830
3256
-409
655
1406
547
842
1168
328
1757
-813
2459
-324
1349
618
1683
-808
2650
-513
1081
1478
113
364
2117
-527
1295
1797
-952
1886
1103
-1014
3097
-1384
2521
-134
1724
-140
1814
150
1120
1150
200
1566
-189
1869
-156
1232
688
783
394
1413
106
769
1115
578
483
1837
-776
2685
-1096
2055
637
419
1289
871
638
891
1262
388
1555
-218
2030
-121
1208
1281
-25
1485
1014
-529
2399
252
205
2469
-14
658
920
1084
786
229
2428
-661
1130
1496
126
397
2477
-1563
2712
595
-404
2095
358
9
1909
-64
1452
472
1280
298
836
1475
-8
1833
374
798
1675
22
1899
-421
1968
949
-315
2380
-539
1550
101
2431
-992
1871
1270
-1394
3835
-1375
1165
2441
-1166
1945
993
78
979
1368
257
1084
1477
-843
3014
-719
1027
1801
-218
740
1969
-984
2286
41
490
1381
403
459
1329
564
583
1003
964
95
1821
-99
1542
479
713
1154
561
1352
610
667
2022
-289
1502
1544
-693
2153
895
-424
2449
578
-435
2824
116
-306
2996
-800
1249
1449
307
806
854
543
937
697
433
1717
-814
2008
1297
-1184
3099
-123
281
2074
615
130
1727
848
148
1754
350
923
834
1293
440
1027
1690
-597
2556
402
19
2518
-876
1879
495
733
934
817
851
583
1587
9
1560
776
716
549
1910
-570
1164
1528
563
1470
-632
3219
-1377
1342
2411
-1543
2496
315
518
940
749
222
1235
446
265
1770
-638
2294
-353
1096
1306
-287
2399
-864
2023
524
599
1723
392
894
1806
-101
1749
427
1130
435
1351
432
551
1274
358
974
794
374
1105
864
72
1793
-4
666
1648
-654
2232
-361
1630
1338
-293
2913
-585
1660
1399
-456
2489
68
1077
1441
-820
2715
-673
1080
1965
-1228
2052
14
1207
195
1067
1203
-68
1761
565
690
1239
1270
289
1985
377
1302
1957
-638
2888
-205
869
1993
-519
1659
667
575
1109
435
944
84
1351
147
753
714
612
759
824
739
650
1050
658
960
1625
179
2240
-43
1668
332
1213
842
413
1651
-125
1276
584
471
618
660
937
104
1618
301
558
1498
-119
1483
308
1358
524
1182
1151
270
1702
247
1645
172
1200
906
-222
2305
-667
1379
1145
-151
1826
-103
1298
390
785
1241
18
1632
181
1746
-406
2207
-19
1003
1325
377
1243
542
1037
464
941
593
881
749
833
687
843
1016
587
1284
676
1140
1079
523
1550
525
1197
325
911
1177
-376
2300
264
-142
2695
-672
963
1816
-29
803
1587
-27
892
894
580
803
585
1450
83
1260
852
485
1047
830
569
947
648
690
1081
224
1294
481
1227
195
1767
-15
1193
642
1476
-478
2354
-227
988
887
716
518
1098
278
1449
-209
1285
799
197
1293
323
735
829
831
344
1232
562
575
1198
554
602
1126
449
912
863
844
280
1680
-43
821
1122
239
1003
687
679
779
588
822
1018
433
1005
971
291
1290
646
508
1247
615
361
1512
250
827
1291
184
1176
959
362
1205
723
601
1022
821
696
850
803
769
1123
320
1380
461
555
1463
-40
977
1021
138
1576
391
688
1037
514
819
1252
391
1064
846
732
644
1039
679
713
1004
1003
461
1149
824
393
1475
207
1359
67
1532
209
736
1411
-163
1320
456
885
413
1075
510
934
590
1253
347
1234
474
982
808
702
930
1077
540
750
1334
149
927
1318
-27
1283
693
417
1215
267
1021
266
1413
-17
1152
1014
56
1340
551
445
991
496
1165
239
1086
720
262
1644
-293
1602
108
812
1175
-8
1173
966
18
1641
314
641
905
782
517
713
993
447
764
941
543
578
1067
725
608
859
805
392
1304
18
1555
50
1141
682
935
570
963
1057
126
1462
228
661
888
518
902
320
1160
207
645
1193
82
1201
519
1062
457
1044
591
724
402
1189
212
844
999
465
815
970
598
628
987
667
549
876
1024
323
911
1019
453
505
1751
-421
1358
1071
1
1186
545
906
280
1602
91
977
934
402
925
1064
206
1330
495
493
784
948
495
766
1256
159
924
962
288
1100
714
807
659
1085
255
1249
307
1133
376
965
808
516
1077
887
324
1418
355
522
1208
132
1016
955
349
1048
760
194
1086
950
-394
2009
339
-70
1821
-146
805
710
754
653
477
1368
10
1173
497
746
759
302
1458
-295
1566
190
920
666
701
772
421
1137
240
1038
423
881
294
1123
211
915
455
537
876
336
1084
663
591
1130
-4
1300
540
266
1278
886
-81
1351
662
61
1078
510
710
218
1334
332
436
1395
204
356
1064
548
67
1305
475
535
1176
234
706
797
296
1177
532
523
1100
264
805
941
185
867
919
112
1020
688
73
1204
184
248
1382
-15
719
582
932
-268
1479
310
494
755
613
453
469
994
301
1157
251
674
851
118
834
752
381
504
1008
417
53
1717
-556
1435
346
396
1249
-170
1247
332
613
1111
141
1317
40
993
149
1065
195
849
756
114
1415
-284
1166
303
741
520
592
1112
-35
1149
456
291
804
455
822
183
1250
18
1272
433
955
-38
1251
282
283
1320
95
759
535
947
-16
1329
-111
1416
-366
1561
-103
722
749
611
3
1372
216
341
1146
121
1418
-972
2956
-1466
1456
620
183
535
835
553
498
438
1231
-344
1273
629
-154
1737
-626
1260
351
347
855
353
724
289
865
1404
-825
1870
469
-865
2501
-470
262
1999
-583
655
1409
-702
1187
547
405
493
578
748
59
1384
-91
1210
99
532
815
583
195
1196
206
181
1538
-586
1155
205
512
568
431
595
535
390
883
359
619
560
573
456
693
720
-219
1398
-74
652
697
609
315
865
325
708
590
38
1080
134
447
685
677
59
741
669
217
807
574
167
1314
-25
681
1125
-362
1431
-177
1007
341
159
1145
-160
864
-108
806
452
341
690
664
207
845
649
203
1051
564
-136
1542
-50
362
1211
-313
1338
-686
1544
317
278
814
461
697
-176
1135
543
-318
1151
424
172
628
826
227
552
650
791
-71
1134
265
94
1214
-247
825
722
-422
1591
-722
1092
369
98
809
759
-136
1156
378
133
1462
-455
1172
160
231
870
237
481
404
420
615
-143
1264
-367
1174
109
546
312
580
92
555
820
-274
991
410
159
1174
-389
1457
-356
618
1103
-565
1468
-68
209
1191
-217
275
1164
-158
316
982
332
23
1080
211
335
974
-296
1115
290
-5
1371
-560
1766
-869
1105
668
-813
1854
-437
949
111
850
-361
1151
-138
670
645
83
582
624
285
648
430
433
229
569
403
55
672
547
253
304
1059
-365
719
851
-455
985
556
179
349
1143
-534
848
780
-509
1393
39
213
1010
169
157
963
45
256
681
29
713
446
135
805
101
372
499
357
132
767
400
-28
1181
-152
611
752
192
459
105
1109
-424
1042
597
87
769
200
265
175
911
-98
1063
120
178
1032
-402
906
288
37
950
11
494
542
-92
914
178
150
1069
21
433
910
-67
397
853
-244
818
524
233
422
559
434
272
438
614
601
-266
1645
-438
877
828
-633
1898
-608
612
694
-45
704
147
757
228
118
893
-96
691
439
315
15
1148
-178
-142
1962
-1366
1159
806
-721
1371
-133
515
556
223
125
790
-36
723
934
-649
1123
366
-515
1297
12
349
270
757
246
-936
2171
-1163
789
952
-316
58
867
171
180
836
630
-176
443
1050
-725
940
256
-106
576
550
-196
634
456
77
-34
882
-243
377
554
394
-139
645
340
-167
806
-63
393
528
190
524
281
551
-131
662
294
-157
1019
62
-117
800
335
-143
976
355
-579
1405
-193
-27
1589
-1269
1351
-21
-342
1073
-114
-69
990
-338
381
838
-135
770
-215
-25
1080
-1030
1227
603
-688
1664
-692
260
1069
-433
366
1157
-452
498
523
55
396
134
427
-78
668
-57
218
1215
-375
63
1058
-354
-71
709
748
-880
843
892
-857
985
483
-240
284
522
167
46
772
288
-55
507
41
55
310
369
-77
701
197
221
717
48
70
643
-84
104
1034
186
-235
1411
-333
-504
1581
-681
77
1154
-201
-299
1352
-311
-14
640
190
-21
448
640
-65
443
618
7
413
499
-154
265
832
-15
303
696
-52
248
214
317
330
-360
1171
234
-353
847
241
-244
494
584
-81
-128
897
258
-61
615
421
-23
220
807
-246
583
945
325
-268
1016
-472
-15
928
164
-109
470
420
-28
176
548
-11
322
361
77
444
226
211
420
312
171
359
-10
903
277
-206
1491
-253
124
656
356
-385
1044
370
-678
1577
-288
-201
1067
131
-24
41
539
-16
61
645
444
-57
217
762
-613
669
836
-368
571
994
-316
57
887
7
-100
834
552
-31
283
585
-81
678
-20
252
830
-193
163
666
40
-207
1057
59
-25
701
187
-103
940
-25
281
462
427
31
160
601
69
238
365
469
74
165
309
489
-83
523
388
-54
324
296
-118
626
363
-34
593
386
194
-102
558
179
4
622
229
514
87
110
700
-80
332
451
146
378
-87
622
-98
106
695
-316
535
243
0
446
226
251
341
193
385
145
58
485
210
-41
548
160
215
260
-68
476
-40
282
521
63
523
134
-242
530
301
-276
432
790
-414
362
332
-144
153
150
313
290
255
191
225
146
166
137
99
580
-16
122
376
114
79
196
80
335
139
24
344
368
-280
244
407
-203
164
384
155
-30
453
124
47
401
-105
116
355
-29
245
256
72
89
3
416
117
152
219
127
292
-15
270
208
-120
231
292
-46
67
519
50
173
266
35
207
286
272
-78
284
239
-44
84
264
-13
164
184
209
175
59
10
215
37
211
129
136
148
21
114
227
241
-147
403
59
83
35
227
364
89
181
90
155
24
122
40
365
137
68
426
-19
186
19
130
252
-22
329
270
294
-117
508
-54
-79
323
38
265
141
156
239
100
95
191
67
188
275
316
-70
464
227
-72
156
193
-191
273
463
-115
396
245
143
189
92
85
-175
301
206
24
328
129
322
-44
114
163
-71
433
307
93
251
76
-71
196
230
-100
301
202
211
83
301
223
-54
278
248
32
242
379
-1
314
267
7
333
177
197
165
-19
-20
206
314
21
248
511
-118
-64
303
-60
71
424
511
109
317
73
-75
144
164
31
338
559
-25
258
397
-171
-27
552
79
76
451
141
72
330
136
-76
447
113
-65
491
135
165
246
234
135
53
-10
115
322
143
228
343
231
2
350
3
-107
461
28
270
282
96
158
57
236
171
54
225
130
370
126
188
157
19
256
116
30
163
137
232
338
159
186
264
22
92
171
239
38
216
390
107
49
170
13
46
186
21
20
253
98
161
194
15
215
124
163
291
129
83
241
245
94
185
185
108
136
179
164
212
329
92
114
194
72
179
256
239
161
71
221
117
-93
228
189
154
203
224
161
161
49
61
39
206
162
126
310
207
126
176
156
44
114
212
121
241
219
52
104
237
135
-21
312
80
57
241
34
201
215
91
217
20
51
114
269
94
64
218
129
217
163
119
126
200
211
130
126
176
128
44
107
58
134
236
103
189
165
6
123
251
182
73
254
126
189
223
67
262
131
147
142
85
79
189
206
93
192
210
-2
164
244
-9
176
210
108
207
169
42
85
186
140
62
186
125
211
175
165
55
30
150
188
209
135
118
98
177
104
80
104
68
155
108
184
84
198
86
134
143
46
41
183
155
79
247
34
138
228
155
49
84
175
128
185
307
204
78
100
161
129
119
161
142
194
173
115
76
63
43
99
145
96
52
182
166
99
206
62
158
215
134
179
146
107
112
93
174
108
-29
225
191
-3
222
116
28
207
116
81
90
181
119
61
178
80
12
129
24
106
36
136
88
78
102
98
36
74
102
24
91
178
160
65
179
65
-41
78
83
43
142
145
140
128
180
-4
-32
36
12
74
157
155
157
75
151
-74
-31
114
93
54
238
192
19
161
38
70
-51
141
94
35
232
144
108
51
28
34
-1
90
118
75
198
86
15
86
-1
-64
130
66
90
185
187
98
112
67
24
87
38
154
121
163
137
123
108
9
-28
-3
12
68
109
147
173
79
-4
18
-41
42
133
97
94
98
13
87
96
31
103
75
61
154
-47
105
223
120
163
86
117
2
45
192
36
97
145
52
68
94
19
55
122
37
63
97
45
82
130
-15
125
99
81
163
26
117
96
112
63
40
31
50
63
115
113
51
84
79
-8
49
33
47
122
77
73
92
119
-7
113
52
59
42
128
95
88
88
-2
125
16
9
82
41
63
111
13
43
36
44
35
53
153
65
99
72
59
81
58
54
155
89
1
98
61
0
54
65
26
59
21
29
31
83
66
91
99
102
28
89
91
6
106
47
55
133
121
70
123
136
76
10
85
111
40
119
121
46
0
54
-4
-36
82
-27
33
124
20
42
48
-8
43
48
55
63
72
167
95
92
95
46
100
63
83
-5
89
64
114
192
62
76
25
2
14
14
61
98
91
35
18
-23
-5
12
106
96
42
72
39
65
131
103
105
159
91
57
40
44
65
73
112
51
34
64
22
53
82
89
109
94
70
72
22
79
113
43
58
48
1
78
115
47
49
121
25
50
95
57
86
152
85
93
66
62
14
88
91
90
66
72
69
40
79
70
107
69
113
54
38
45
80
101
114
122
102
64
63
57
62
105
124
68
107
96
26
42
61
58
32
65
63
48
123
84
110
75
84
18
73
86
44
154
76
94
98
103
43
77
76
62
93
43
114
81
96
50
77
58
48
74
71
69
76
82
69
99
100
86
64
41
7
41
107
31
151
109
66
89
28
58
30
82
62
70
138
108
69
138
75
18
79
95
91
77
153
66
57
59
45
57
102
114
49
112
100
24
69
101
12
68
89
66
90
95
106
52
39
65
70
72
