-10
-8
-10
-10
-11
-10
-9
-9
-9
-11
-13
-13
-10
-10
-9
-10
-12
-13
-14
-14
-13
-14
-13
-13
-11
-10
-10
-9
-10
-9
-9
-9
-7
-6
-6
-7
-7
-9
-7
-8
-7
-7
-6
-5
-7
-9
-8
-8
-10
-10
-11
-11
-11
-11
-10
-8
-8
-7
-8
-8
-7
-6
-6
-7
-7
-7
-7
-5
-4
-3
-3
-5
-6
-6
-5
-5
-6
-6
-6
-7
-7
-6
-5
-6
-6
-5
-4
-4
-3
-5
-5
-7
-8
-7
-8
-7
-5
-4
-3
-2
0
-2
0
-1
-1
1
0
1
1
1
0
1
2
1
2
2
0
-2
-3
-4
-2
-1
0
0
0
0
-1
-2
-3
-1
-2
-2
-2
-1
2
3
5
4
6
5
6
5
4
3
3
3
3
4
3
3
3
3
1
-1
-3
-4
-2
1
3
4
5
5
3
3
3
3
2
5
5
6
6
7
7
7
7
4
3
1
1
2
2
2
2
3
2
1
1
0
2
4
4
5
5
6
6
5
4
3
4
5
5
5
5
6
7
4
4
2
0
1
3
4
4
6
5
5
5
6
6
8
7
7
6
7
7
7
7
7
7
6
7
6
6
5
3
2
0
-1
-1
-2
-1
-1
-2
-1
1
1
0
1
1
2
3
2
4
4
3
1
1
2
3
2
4
5
7
7
8
7
6
4
4
3
4
4
5
6
6
6
6
7
7
6
6
6
3
2
3
4
3
3
4
3
3
3
1
2
1
1
0
0
-1
-1
0
-1
-2
-1
-1
-2
1
2
2
1
1
0
1
-1
-2
-2
0
0
0
2
2
3
2
1
0
-2
-2
-4
-3
0
2
3
2
2
2
1
1
1
2
3
2
3
2
3
4
5
5
5
2
1
1
2
4
3
4
2
2
1
1
2
0
0
0
2
4
5
7
6
4
3
2
2
3
4
5
5
4
2
2
3
3
3
3
2
1
2
2
1
3
2
2
1
0
0
-1
0
-2
-2
-1
2
3
3
5
5
6
6
6
7
8
7
7
7
9
8
7
5
5
5
4
4
4
3
3
4
3
4
3
3
2
2
3
4
3
3
2
2
3
3
4
3
5
7
6
7
5
5
6
8
9
8
7
9
10
11
11
12
12
11
11
10
8
9
8
8
10
10
11
10
10
8
7
8
10
11
12
13
12
11
11
12
12
13
13
14
16
16
15
16
18
15
15
15
16
16
17
17
19
19
18
18
15
16
18
18
19
20
19
19
19
19
18
19
18
17
19
19
17
16
18
18
16
16
13
12
13
14
15
17
18
17
16
15
13
12
12
13
14
16
17
19
19
19
17
16
15
15
17
18
19
19
18
17
17
17
18
18
18
18
17
17
17
18
21
19
18
15
15
13
13
12
11
10
13
13
13
13
14
13
11
10
9
9
9
11
12
13
15
15
15
15
12
11
11
10
10
12
14
14
12
11
10
9
9
9
7
7
7
8
9
9
8
6
4
4
3
2
4
5
6
7
8
8
7
5
5
5
6
5
6
7
7
6
6
4
3
4
4
4
2
2
2
4
4
5
3
2
0
1
1
1
3
3
4
5
4
2
2
2
1
0
-1
-1
-1
0
2
3
2
0
0
0
-1
1
1
0
-1
-2
-1
-3
-4
-4
-3
-3
-3
-2
-3
-3
-4
-4
-4
-4
-5
-4
-4
-2
-2
-3
-4
-5
-7
-7
-7
-8
-8
-8
-6
-6
-5
-6
-5
-5
-4
-3
-3
-4
-3
-2
0
0
0
0
-2
-3
-5
-3
-4
-4
-2
-2
-3
-4
-5
-6
-7
-9
-8
-6
-4
-2
-1
-2
-4
-5
-4
-1
-3
-3
-4
-5
-3
-1
-1
-1
-1
-2
-2
-1
-2
-3
-4
-5
-6
-7
-6
-5
-4
-4
-4
-4
-6
-4
-4
-2
-1
0
0
0
0
-1
-2
-2
-2
-2
-1
0
0
1
1
0
-2
-2
-1
1
0
0
2
2
3
4
4
6
8
7
7
4
4
4
3
2
1
2
4
7
7
8
6
7
7
6
5
6
6
9
9
10
10
10
10
9
8
8
7
8
10
10
11
12
10
9
8
7
6
6
6
8
8
9
8
6
7
6
7
7
8
8
8
9
9
8
9
9
7
6
7
7
7
7
6
6
5
4
4
4
3
4
3
3
1
2
4
5
5
5
5
5
6
5
5
4
6
6
7
7
10
9
8
7
6
7
8
8
8
7
7
7
6
6
7
5
5
4
4
4
5
5
6
5
4
4
6
7
7
5
5
4
5
4
5
4
5
6
5
5
1
2
2
2
4
3
3
3
4
5
4
2
2
3
4
4
5
5
7
7
5
4
3
2
1
1
1
1
2
3
3
2
3
2
1
1
1
2
3
4
4
4
3
3
3
2
1
2
2
3
4
3
2
1
0
-1
-2
-2
-1
-1
-2
-1
0
1
1
1
0
-1
-1
-1
-1
-1
1
2
1
0
-1
0
0
0
0
0
3
2
1
1
1
1
1
1
0
1
1
3
3
3
3
1
-1
-3
-1
0
1
2
2
0
-2
-1
0
0
0
1
1
2
3
4
4
2
1
0
0
0
1
2
3
1
2
2
1
1
0
0
-1
1
2
4
4
3
2
1
1
1
2
2
2
4
4
5
6
6
5
4
2
-1
-1
-1
0
0
1
1
1
1
2
2
1
1
2
2
3
4
4
4
5
6
4
6
6
5
6
6
6
6
5
3
1
-1
-2
-2
-1
-1
0
1
0
-1
-1
-1
0
1
2
0
2
4
5
5
5
4
2
3
4
4
5
7
6
6
4
4
3
7
8
8
7
9
9
10
12
12
12
12
13
13
14
16
16
17
18
17
18
19
19
20
17
18
16
17
16
16
17
15
17
18
18
18
18
16
14
14
14
16
16
18
18
19
20
20
20
19
19
19
19
17
19
19
20
22
21
21
21
20
21
20
18
18
18
17
17
15
15
17
18
18
19
20
19
19
18
17
17
19
20
20
20
21
22
24
23
21
20
18
17
17
17
17
18
19
21
22
22
22
23
23
22
21
21
22
22
23
24
25
26
25
26
25
25
24
23
21
22
24
25
25
25
26
25
25
24
24
22
22
23
22
22
19
18
17
16
17
17
18
20
20
20
19
19
19
19
18
17
16
15
18
19
19
20
18
17
17
17
15
14
15
13
11
13
15
14
15
15
15
15
13
13
14
16
16
16
17
16
17
16
16
17
16
14
14
13
14
14
15
14
14
15
15
14
14
14
12
11
12
12
12
13
13
13
13
13
13
14
13
13
13
14
15
15
15
14
13
12
12
11
12
13
14
12
12
11
10
11
11
12
11
12
12
11
11
10
12
11
10
9
10
11
11
12
11
10
10
12
10
9
9
7
7
9
10
10
10
12
14
13
13
11
11
12
12
11
11
11
13
12
12
11
12
13
12
11
10
12
11
12
12
12
12
12
12
12
12
13
12
10
10
10
9
10
12
13
13
12
12
9
12
12
12
12
11
10
10
10
10
10
11
10
10
11
11
12
13
14
12
12
11
10
11
12
12
11
14
14
14
14
14
14
12
11
11
12
12
12
12
14
16
15
14
13
13
14
16
15
16
15
14
14
14
13
14
14
13
12
13
14
16
15
15
15
15
15
14
15
14
15
16
14
14
14
15
15
15
14
14
13
12
13
13
14
15
15
15
14
14
14
14
12
12
14
14
15
15
15
15
12
11
10
10
13
13
12
11
11
10
10
11
10
10
11
11
12
12
12
11
12
10
11
13
13
12
12
12
11
10
10
11
9
9
8
8
10
11
12
11
11
10
9
9
8
10
10
11
12
12
13
13
13
13
11
10
9
10
10
11
11
10
9
10
10
10
10
11
11
10
10
10
11
12
13
13
12
12
12
13
13
12
12
12
12
11
12
11
12
11
11
11
12
12
13
12
13
12
12
12
11
12
12
11
10
10
10
11
11
13
14
14
14
13
11
10
10
11
13
12
13
12
13
14
14
13
13
13
14
14
14
14
15
14
14
14
15
14
14
14
14
13
12
11
13
11
10
12
12
12
12
13
13
12
12
12
12
12
12
13
13
12
12
14
13
13
13
13
12
12
13
13
12
12
12
11
9
10
10
11
11
10
9
8
9
8
9
9
7
7
8
7
8
9
9
8
7
8
8
9
7
7
7
6
7
7
6
7
7
6
6
5
6
6
6
5
4
4
5
7
8
7
7
7
7
9
9
7
8
8
8
9
10
11
11
11
10
10
9
8
9
9
7
8
7
10
9
9
9
8
8
8
10
11
11
12
11
12
13
13
13
13
14
13
12
11
13
15
14
16
14
14
13
12
12
11
11
11
12
12
14
15
13
12
11
10
10
9
9
8
8
8
9
11
13
14
14
12
9
8
7
8
9
9
10
9
8
8
9
9
8
6
6
8
8
8
9
9
9
9
8
8
9
10
10
10
9
10
10
10
10
8
9
9
9
10
11
11
12
10
10
10
11
11
12
13
12
13
13
14
15
16
16
15
13
12
12
13
13
14
12
12
13
13
12
10
11
10
9
10
10
10
10
12
14
12
11
11
12
13
13
13
13
11
11
10
9
10
12
11
10
10
11
13
12
11
9
9
8
6
7
8
8
10
9
8
8
9
8
6
6
6
7
7
7
7
6
6
4
5
4
5
6
7
6
5
5
4
6
5
6
4
4
4
6
7
9
8
8
7
7
6
6
6
5
4
2
4
4
6
7
7
6
5
4
5
5
6
6
6
6
7
10
10
10
7
7
6
6
6
6
6
5
5
5
4
4
3
3
3
3
3
4
3
4
5
6
6
2
3
3
4
3
3
1
1
1
3
3
3
3
3
3
2
1
2
1
0
-1
0
-2
0
-1
-1
1
-1
1
0
0
0
0
-1
-1
-1
0
0
-1
-1
-1
0
0
-1
-2
-3
-3
-2
-1
0
-1
-2
-3
-2
-3
-3
-3
-4
-3
-3
-4
-3
-2
-2
-3
-3
-4
-4
-3
-2
-3
-2
-2
0
0
1
0
-1
-1
-1
-1
0
0
0
-1
0
-1
-2
-3
-3
-2
-1
-1
-1
-4
-4
-4
-5
-4
-3
-4
-4
-2
-3
-2
-3
-5
-4
-6
-5
-5
-3
-1
0
-1
-1
-2
-2
-1
-2
-1
-2
-1
-1
-1
0
0
0
-1
-1
-2
-1
-1
0
-1
0
2
2
4
5
4
4
2
4
4
4
4
7
6
6
5
4
4
6
6
6
5
4
4
3
3
3
4
3
3
3
2
3
4
5
5
6
6
6
6
7
8
7
7
5
5
5
7
6
5
5
4
2
2
3
5
6
6
5
5
5
5
6
6
7
8
10
10
11
11
12
11
11
10
9
9
9
10
10
10
9
10
11
11
10
10
10
10
11
10
10
9
9
10
9
8
8
8
8
8
8
8
8
9
8
8
7
8
8
9
8
9
9
9
10
11
11
11
10
10
11
13
14
14
13
14
14
15
16
16
16
15
15
15
16
16
15
17
16
15
14
14
15
14
13
13
13
13
12
11
10
11
10
10
13
12
13
13
11
12
11
11
10
11
12
11
10
11
12
14
16
14
14
13
13
12
14
12
14
13
13
13
12
13
13
12
12
13
12
13
14
15
15
15
15
15
15
14
14
13
13
12
12
13
13
12
12
11
11
10
11
11
11
11
13
12
12
11
12
13
12
13
14
13
12
12
11
10
10
8
8
8
7
8
7
7
7
8
8
7
7
7
6
8
9
9
10
10
11
11
11
14
13
14
13
13
13
12
13
13
12
14
13
10
11
11
11
11
11
11
11
10
10
10
9
8
8
10
10
10
10
9
9
8
8
7
8
10
10
11
11
10
10
7
7
6
5
6
6
4
4
4
5
4
5
3
2
3
3
4
4
3
4
3
3
4
3
4
5
6
6
4
3
2
2
1
2
1
1
1
0
1
1
0
0
-1
-1
-1
1
0
0
1
0
0
0
3
3
3
3
2
4
3
3
3
2
1
1
1
1
1
1
1
1
1
0
-1
-1
-2
0
0
-1
-2
-1
0
-1
0
1
2
2
2
2
2
1
2
3
3
4
5
5
4
3
3
4
3
2
3
0
0
0
1
2
3
1
1
1
1
1
0
2
1
0
0
0
-1
0
-1
-3
-2
-1
0
-1
-1
-1
-3
-4
-5
-5
-4
-4
-4
-3
-4
-3
-3
-4
-5
-6
-5
-4
-5
-5
-6
-6
-6
-6
-6
-5
-7
-7
-8
-7
-7
-7
-5
-6
-5
-5
-6
-7
-7
-6
-6
-5
-6
-5
-4
-4
-4
-3
-3
-4
-4
-4
-2
-1
-2
-3
-4
-4
-2
-3
-4
-4
-4
-4
-5
-5
-5
-5
-6
-6
-7
-6
-6
-6
-7
-8
-8
-10
-9
-10
-7
-8
-7
-7
-9
-11
-11
-11
-11
-12
-10
-11
-10
-9
-10
-11
-11
-12
-11
-11
-12
-11
-12
-12
-11
-11
-10
-9
-9
-10
-11
-12
-11
-11
-11
-10
-11
-13
-12
-11
-12
-11
-11
-11
-11
-12
-11
-13
-14
-14
-14
-14
-15
-14
-13
-12
-13
-13
-14
-13
-13
-12
-12
-12
-12
-12
-11
-12
-11
-10
-11
-11
-11
-13
-12
-12
-10
-10
-11
-10
-11
-10
-9
-9
-10
-10
-11
-10
-11
-9
-9
-11
-12
-12
-11
-10
-8
-10
-10
-9
-9
-8
-9
-9
-9
-10
-9
-8
-6
-5
-4
-4
-3
-3
-2
-1
-1
-1
-2
-3
-2
-2
-3
-3
-3
-4
-4
-3
-2
-3
-3
-3
-2
-3
-3
-3
-4
-4
-5
-5
-4
-5
-4
-4
-3
-3
-4
-3
-2
-3
-4
-4
-4
-3
-2
-2
0
0
1
0
0
-2
-1
-2
-1
0
0
0
1
1
1
2
1
1
1
2
1
1
0
0
1
1
1
2
2
1
0
1
0
0
0
0
0
0
2
2
2
4
3
4
3
3
2
1
1
2
2
3
5
6
6
7
5
4
3
4
5
4
5
4
3
3
4
5
3
4
2
1
1
2
1
1
2
2
3
4
4
5
6
7
7
8
8
7
7
4
5
7
8
10
11
11
11
10
9
8
8
8
9
7
6
6
6
8
7
6
5
6
6
6
6
6
6
7
7
7
8
9
10
10
10
9
9
10
10
11
10
9
10
10
10
10
9
10
11
11
12
14
13
12
11
10
11
12
12
12
12
10
11
10
11
11
12
11
11
10
9
9
11
11
11
8
9
8
8
8
8
9
8
9
10
11
11
11
11
12
12
11
11
11
11
11
11
11
10
11
10
11
10
11
11
12
11
10
11
10
10
10
9
9
10
9
9
9
10
10
11
9
8
6
5
5
4
5
4
5
4
6
7
6
6
5
5
4
5
6
6
6
8
7
8
7
6
6
6
5
6
6
7
6
5
6
6
8
7
6
8
8
9
8
8
8
8
7
6
6
6
8
8
8
7
7
7
6
5
5
6
6
6
6
6
7
7
5
6
7
6
7
6
5
4
5
5
4
5
5
4
3
2
3
3
3
2
1
1
1
0
2
2
3
4
4
4
5
4
5
4
4
4
4
4
3
3
2
2
1
3
2
2
2
2
1
-1
-2
1
1
1
0
-1
-1
-1
-1
2
3
1
1
1
1
1
1
2
1
0
0
0
2
3
2
3
2
2
2
2
3
4
1
2
2
3
5
6
7
7
6
6
4
6
7
7
7
5
4
4
5
6
5
4
3
3
2
4
4
4
3
3
3
3
4
4
5
5
5
4
4
4
4
5
3
3
4
5
5
6
5
5
6
5
6
5
4
4
4
5
5
5
6
6
5
5
6
7
7
6
5
4
3
3
3
3
3
2
2
2
2
3
1
2
1
1
-1
-2
-2
-2
0
-1
-2
-1
0
0
0
0
-1
0
1
1
0
1
2
2
3
3
2
1
2
0
0
0
0
0
0
-2
-1
0
0
0
-1
-1
-1
0
0
1
0
-1
-1
-2
-2
-1
-1
-1
-1
-1
0
-1
0
-1
-2
-3
-3
-3
-2
-1
-1
-2
-2
-3
-3
-3
-3
-3
-3
-4
-4
-3
-4
-3
-3
-2
-3
-3
-4
-4
-5
-5
-6
-7
-7
-8
-7
-5
-6
-7
-8
-7
-7
-8
-10
-9
-11
-10
-11
-10
-11
-9
-10
-10
-10
-12
-12
-11
-10
-10
-11
-12
-12
-13
-12
-11
-11
-12
-13
-14
-15
-13
-13
-15
-18
-18
-17
-15
-16
-15
-15
-15
-14
-16
-16
-15
-14
-16
-16
-16
-17
-15
-15
-16
-15
-15
-16
-15
-15
-13
-14
-16
-18
-17
-15
-14
-13
-12
-12
-11
-11
-12
-13
-11
-11
-11
-11
-12
-11
-11
-11
-11
-13
-15
-14
-12
-11
-11
-12
-13
-12
-11
-10
-9
-9
-10
-11
-10
-10
-9
-9
-8
-10
-10
-11
-11
-12
-11
-11
-12
-13
-14
-14
-15
-14
-14
-13
-14
-14
-14
-13
-13
-13
-12
-12
-12
-13
-14
-14
-13
-14
-11
-12
-11
-12
-12
-12
-13
-12
-13
-13
-15
-16
-16
-16
-15
-14
-14
-14
-14
-14
-15
-15
-14
-13
-13
-13
-12
-12
-13
-12
-9
-10
-9
-9
-10
-10
-11
-9
-9
-9
-10
-10
-10
-10
-9
-10
-9
-7
-7
-8
-9
-9
-8
-8
-7
-7
-6
-7
-7
-7
-7
-6
-5
-6
-7
-7
-6
-6
-5
-6
-7
-6
-7
-6
-6
-6
-5
-5
-5
-6
-6
-4
-4
-5
-7
-8
-7
-6
-6
-8
-7
-7
-7
-7
-7
-9
-10
-9
-9
-9
-11
-11
-10
-10
-10
-9
-10
-10
-10
-11
-10
-10
-11
-11
-11
-11
-10
-11
-13
-11
-12
-11
-10
-9
-9
-8
-10
-9
-9
-9
-8
-9
-10
-9
-8
-8
-8
-8
-8
-9
-9
-10
-9
-9
-10
-10
-9
-8
-7
-7
-7
-6
-6
-6
-7
-8
-8
-6
-5
-6
-7
-7
-5
-5
-7
-7
-8
-8
-9
-7
-7
-6
-6
-7
-8
-9
-8
-7
-6
-5
-5
-5
-6
-4
-3
-3
-3
-3
-3
-3
-3
-2
-1
-2
-1
-2
-1
1
2
1
2
1
2
2
2
2
1
0
0
0
0
0
-1
0
0
0
0
-1
1
0
-1
-2
-1
-1
-1
1
0
0
0
0
0
-1
-1
0
0
-1
-1
-1
-1
-1
-2
-2
-2
-1
0
1
2
0
-1
-1
0
0
-1
-2
-1
-2
-2
-2
-2
-1
-2
-2
-2
-2
-2
-2
-3
-2
-2
-2
-2
-3
-3
-2
-1
-1
-2
1
1
-1
-1
-1
1
1
2
2
2
2
1
1
2
1
0
-1
-1
-1
0
1
1
1
0
-1
0
-1
-1
0
0
0
0
0
1
2
1
2
1
1
1
2
2
2
1
0
1
0
3
3
3
0
0
0
0
0
0
-1
-1
-1
-1
-2
-1
-3
-3
-3
-4
-5
-5
-6
-3
-3
-4
-5
-5
-4
-4
-4
-7
-6
-6
-5
-4
-5
-3
-4
-5
-4
-5
-4
-3
-2
-2
-3
-3
-1
1
0
0
-1
-2
0
-2
0
0
-1
-1
-1
-2
-2
-2
-1
-1
-3
-4
-4
-4
-3
-3
-3
-3
-3
-3
-3
-3
-3
-2
-3
-3
-3
-1
0
0
0
0
-1
-2
-1
-1
0
0
0
0
1
2
0
-1
0
0
2
3
1
1
-1
0
2
2
2
2
2
2
0
-1
0
1
2
1
1
0
-1
-1
0
0
0
-1
1
1
1
3
4
3
3
3
2
3
4
5
5
5
5
5
5
4
4
5
5
4
6
6
6
6
6
5
4
4
2
3
4
5
5
5
5
5
6
5
4
4
4
5
4
3
4
5
4
4
3
4
4
3
4
4
2
2
3
4
5
5
4
3
4
6
5
5
5
5
4
5
6
5
6
6
5
4
4
3
4
2
2
2
3
2
2
3
2
2
3
2
1
0
0
-1
0
2
2
2
3
4
3
4
4
3
3
3
3
1
1
1
0
0
-1
-1
-1
-3
-3
-2
-1
-2
-3
-3
-1
-3
-3
-3
-4
-3
-1
-1
-1
-1
-2
-2
-2
-1
-2
-1
-2
-2
-3
-2
-2
0
-2
-2
-3
-4
-4
-3
-3
-2
-4
-4
-6
-6
-6
-5
-5
-6
-7
-8
-9
-9
-9
-8
-8
-9
-9
-9
-9
-7
-7
-7
-6
-7
-7
-7
-7
-7
-7
-8
-8
-7
-5
-5
-5
-6
-5
-7
-6
-7
-7
-8
-8
-7
-6
-6
-6
-7
-6
-6
-8
-9
-10
-9
-11
-9
-10
-10
-10
-10
-9
-8
-9
-11
-10
-10
-11
-12
-11
-9
-10
-10
-9
-9
-8
-8
-7
-7
-7
-8
-6
-6
-5
-4
-5
-6
-6
-6
-5
-5
-5
-6
-5
-5
-4
-4
-3
-4
-4
-4
-5
-6
-5
-5
-5
-5
-5
-5
-6
-4
-4
-4
-4
-5
-4
-4
-4
-3
-3
-2
-3
-3
-4
-5
-5
-5
-3
-4
-4
-4
-5
-5
-4
-2
-3
-4
-3
-3
-3
-3
-3
-3
-4
-2
-2
-2
-3
-2
0
-1
-1
0
1
1
2
1
0
-1
0
2
1
-1
-1
0
1
2
2
2
2
1
1
-1
1
2
3
3
2
1
0
2
2
2
2
2
2
3
3
3
3
2
2
1
1
1
0
2
1
1
2
3
2
3
3
2
3
3
4
5
5
6
5
5
5
6
7
7
7
8
8
7
6
6
6
6
6
5
5
5
6
7
7
6
6
7
7
7
7
6
5
5
7
6
7
7
7
7
7
7
5
5
4
4
4
3
3
3
4
3
3
2
4
4
6
4
4
4
6
6
6
4
4
3
4
3
5
5
3
3
2
1
2
2
2
2
3
2
3
3
3
4
4
5
4
4
5
5
7
5
4
4
5
5
6
7
6
6
5
6
7
7
6
5
4
4
4
5
5
5
6
4
4
4
5
5
4
4
5
4
5
5
5
6
5
5
4
5
5
4
4
5
7
7
7
7
7
6
6
7
6
8
8
9
8
8
10
9
10
9
10
9
9
7
8
7
8
6
6
6
6
5
5
3
3
4
4
5
5
5
3
2
2
3
5
3
3
2
3
4
3
3
4
3
4
4
5
4
4
4
3
3
3
3
4
3
3
3
2
4
4
4
2
2
2
2
1
2
3
3
3
3
3
4
5
5
4
3
3
5
5
3
3
3
2
3
2
2
5
4
4
2
3
3
5
5
5
4
4
5
5
6
7
6
5
3
2
2
2
2
3
3
1
2
1
2
1
2
2
3
2
2
1
3
3
2
3
3
4
3
2
2
2
3
2
2
2
3
1
0
-1
-1
0
0
-2
-2
-2
-2
-2
0
0
1
0
0
-1
-2
-3
-2
-1
-1
-2
-3
-2
-4
-3
-3
0
0
-1
-1
-1
-2
-1
0
0
2
3
2
1
2
3
4
2
3
3
3
3
3
2
3
4
2
3
2
3
3
3
3
2
2
3
2
2
2
2
2
2
4
2
3
3
3
2
2
4
4
5
4
4
4
4
5
5
5
3
1
0
0
2
2
2
2
1
2
1
0
1
2
2
1
0
-1
-2
-2
-4
-3
-3
-2
-3
-4
-4
-4
-3
-3
-6
-5
-4
-3
-3
-5
-4
-3
-2
-2
-2
-2
-1
-2
-1
-2
-3
-3
-3
-3
-3
-3
-2
-2
-1
-2
-3
-3
-3
-3
-3
-5
-5
-4
-4
-5
-5
-4
-4
-4
-6
-6
-5
-4
-5
-5
-4
-5
-4
-5
-5
-4
-5
-4
-6
-5
-3
-4
-3
-4
-5
-6
-6
-7
-5
-5
-4
-5
-4
-5
-5
-3
-3
-4
-5
-7
-5
-4
-4
-5
-5
-5
-6
-5
-5
-4
-4
-4
-3
-6
-6
-7
-6
-6
-6
-6
-6
-5
-5
-4
-5
-5
-5
-5
-5
-6
-6
-5
-4
-4
-5
-5
-6
-6
-7
-7
-9
-7
-7
-7
-8
-8
-8
-7
-6
-8
-7
-9
-9
-8
-9
-10
-10
-9
-11
-10
-10
-8
-7
-7
-7
-7
-7
-7
-8
-8
-8
-8
-7
-8
-8
-8
-7
-7
-6
-8
-7
-7
-7
-8
-7
-8
-9
-9
-8
-7
-7
-6
-6
-5
-5
-6
-7
-5
-5
-4
-4
-4
-5
-4
-3
-2
-3
-4
-3
-4
-4
-4
-4
-4
-2
-1
-3
-2
-3
-2
-1
-2
0
0
1
2
1
-1
0
1
2
0
1
0
1
0
-1
0
0
0
-1
-2
-1
0
-2
-1
-2
-3
-2
-2
-1
-2
-2
-1
-1
0
0
0
-2
-2
-1
-1
0
1
1
0
0
0
0
3
3
3
2
2
3
3
3
4
3
2
1
2
3
4
5
5
5
5
5
4
4
4
6
5
6
5
6
4
5
5
6
6
5
6
6
6
5
6
7
6
8
6
6
5
5
5
5
6
5
6
6
8
7
7
5
4
5
6
5
6
6
7
6
7
7
8
7
6
4
4
6
5
6
5
5
6
5
5
5
6
6
6
7
6
6
5
5
5
5
4
3
3
4
3
2
1
2
2
1
0
-1
1
3
4
4
3
3
3
3
4
1
3
3
3
4
5
5
5
6
5
5
5
5
4
5
4
4
4
4
4
5
6
5
5
6
5
6
4
5
4
5
7
7
6
5
4
3
3
4
4
2
1
1
2
3
3
4
3
4
3
5
6
7
8
6
5
5
7
7
7
7
6
7
7
8
8
9
9
8
7
6
6
7
7
6
4
3
3
3
3
4
4
3
1
1
0
1
2
4
3
1
1
2
2
2
2
2
3
2
0
0
-1
1
3
3
2
2
2
2
2
1
3
3
2
2
2
1
2
2
2
2
2
1
1
2
2
3
2
3
2
1
2
3
3
3
2
1
1
1
2
3
4
3
2
2
1
2
2
3
3
2
2
1
1
2
0
0
-1
0
-1
-1
-2
-2
-1
-1
-1
0
0
-1
0
-2
-2
-3
-2
-2
-2
-1
-2
-3
-3
-2
-1
-3
-2
-1
-2
-1
-1
-1
0
0
1
1
1
1
2
2
1
1
1
3
2
2
0
-1
0
1
1
1
0
-1
-1
-1
0
-1
0
-1
-1
-1
-1
-1
-1
0
0
0
-1
0
2
3
1
0
-1
-1
0
1
0
0
0
-1
-1
0
0
0
-1
-1
-2
-2
0
0
1
0
0
-1
0
0
1
1
1
1
2
2
2
2
2
2
2
2
2
2
2
3
4
3
4
3
2
4
3
3
2
2
3
4
3
3
3
4
4
4
4
4
3
2
-1
-1
-2
-1
0
-2
-2
-1
0
1
-1
-1
-3
-2
-3
-4
-3
-2
1
0
0
0
-1
1
1
0
1
2
2
2
3
3
3
3
3
4
4
4
4
4
4
5
5
4
3
4
5
3
4
5
5
5
6
5
3
4
5
4
2
2
2
3
2
5
4
2
2
1
0
2
3
2
2
1
2
1
1
2
3
1
1
1
3
4
3
3
2
1
3
2
3
4
4
3
3
4
4
5
4
4
4
4
3
3
3
2
3
2
1
3
3
4
4
3
2
1
0
1
1
-1
0
-1
-1
-1
1
2
2
1
0
0
0
-1
-3
-3
-2
-1
-2
-2
-2
-1
-2
-2
-2
-1
-1
0
1
0
-1
-1
0
0
0
-1
0
1
1
3
3
4
3
1
1
2
3
3
5
5
5
6
6
5
4
3
2
2
2
2
0
1
1
1
1
1
-1
-1
0
-1
-1
-2
0
-1
0
1
-1
-2
-2
-1
0
0
-1
0
1
0
1
1
0
-1
0
-2
-2
-1
0
2
1
1
1
1
1
1
3
3
2
2
1
2
2
1
0
0
-2
-1
-1
-1
-1
0
0
0
0
0
0
-1
-1
-1
0
0
1
0
1
1
1
0
0
0
0
0
1
2
2
2
1
0
2
3
4
3
3
3
3
3
2
3
5
5
5
4
3
4
5
6
6
5
5
6
7
7
7
6
6
8
8
7
6
7
8
7
8
7
8
7
7
7
6
7
6
8
8
8
6
6
6
6
6
6
7
7
7
5
6
6
6
7
7
7
7
7
7
8
7
8
7
9
12
13
14
13
12
11
11
13
14
14
14
12
14
15
13
13
14
14
14
12
12
14
14
15
13
13
13
13
12
13
13
13
12
11
13
12
11
11
11
12
13
11
11
11
11
10
11
11
11
11
11
10
10
11
13
12
10
10
8
10
10
10
10
11
11
11
10
11
13
14
14
14
13
12
12
12
12
12
10
9
10
10
10
9
10
10
11
12
11
10
11
12
11
11
10
9
9
8
9
10
9
10
10
10
8
6
6
7
5
5
4
2
2
3
3
2
3
3
3
3
3
4
4
4
4
4
3
4
4
4
5
6
7
6
5
6
6
5
7
6
6
7
9
9
8
7
5
5
4
5
4
4
4
4
4
4
3
5
5
4
4
3
2
2
3
2
3
3
3
1
2
2
2
3
2
3
3
2
3
2
3
2
3
3
2
3
2
3
3
3
3
3
3
3
3
4
3
4
3
2
1
1
1
0
1
1
-1
-1
0
1
1
1
2
2
3
5
4
5
4
2
3
3
3
4
4
4
3
4
3
4
3
3
1
1
0
2
2
2
3
3
3
1
2
1
2
2
2
1
3
4
4
4
3
2
2
2
2
3
5
3
2
3
3
3
4
5
4
4
4
4
5
5
6
5
6
5
5
4
4
3
3
2
1
1
1
0
0
0
0
0
0
1
0
0
0
-1
-1
0
-2
-1
0
0
-1
0
0
1
3
2
2
1
3
3
3
4
4
4
6
5
5
5
5
6
7
7
6
6
5
5
6
6
6
6
7
7
5
4
5
5
4
5
5
4
5
6
6
5
6
5
4
4
3
5
4
4
3
3
4
4
5
4
3
3
3
2
2
4
3
2
2
1
1
2
1
0
-2
-3
-2
-2
-1
-1
-1
0
0
-1
-2
-2
-2
-2
-3
-4
-3
-3
0
0
-1
-1
0
0
0
0
0
-1
-1
2
2
3
5
4
4
4
3
4
4
4
3
3
3
3
2
3
2
1
-1
-2
-1
1
2
2
1
0
0
0
0
0
2
3
3
2
2
3
3
2
1
1
2
0
0
0
1
2
2
1
0
1
2
3
2
2
3
4
4
3
1
2
1
2
1
3
3
1
1
2
4
4
3
1
-1
-1
0
-1
1
1
1
1
1
3
2
2
2
1
1
2
3
3
4
5
4
4
4
4
4
4
3
2
2
2
1
2
2
1
1
-2
0
1
1
1
2
2
2
2
3
3
2
2
2
2
2
2
1
1
1
0
0
0
0
0
-2
-2
-2
-2
-1
-2
-3
-2
-2
-2
-2
-1
-1
-1
-1
-2
-2
-1
-1
0
-2
-2
-2
-2
-1
-2
-2
-4
-3
-3
-2
-4
-4
-4
-4
-3
-2
-2
-1
-1
-2
-1
-2
0
-1
-2
1
0
0
0
0
1
1
0
-2
-2
-3
-2
-2
-3
-3
-2
-2
-1
-1
-3
-3
-2
-3
-1
-1
-1
-1
-3
-3
-1
-1
0
1
0
1
-1
-2
0
-1
0
0
-1
-2
-2
-1
-2
-1
0
-1
-2
-3
-3
-1
1
0
-1
-2
-2
0
0
1
1
1
1
0
1
3
5
5
4
2
4
4
4
6
5
3
3
3
3
3
4
3
2
1
3
3
2
2
1
1
-1
0
2
1
1
1
1
1
0
3
1
3
2
0
0
2
3
4
4
3
2
2
2
2
3
3
3
4
4
5
5
5
5
5
6
6
5
6
7
8
8
8
8
6
7
7
8
7
7
8
7
9
8
9
9
9
9
9
9
9
10
10
10
10
10
10
11
10
10
9
9
8
7
6
7
7
8
9
8
7
6
5
6
7
7
7
7
6
7
6
8
8
7
7
6
6
6
6
6
7
6
5
5
4
5
5
5
4
4
6
6
5
5
5
4
4
5
5
6
5
6
6
7
7
6
7
6
5
5
5
5
5
4
4
3
4
5
4
4
3
2
3
3
4
3
4
4
5
5
6
6
6
7
6
5
5
6
7
8
7
6
5
6
5
6
7
6
7
6
7
7
9
9
9
9
10
10
12
12
12
10
10
10
10
10
11
10
10
8
8
6
6
5
4
6
4
3
3
2
1
2
1
1
3
3
3
2
1
1
1
0
0
1
1
0
0
1
2
3
3
1
2
2
1
2
2
2
1
1
0
1
2
2
3
3
3
3
3
3
3
3
4
4
4
2
2
1
1
-1
-1
-1
-1
0
-1
-2
-1
0
0
0
-1
-1
-1
0
-1
-2
-3
-2
-1
-1
-2
-3
-3
-2
-1
-2
-2
-3
-4
-5
-3
-3
-4
-3
-4
-3
-3
-3
-2
-2
-1
-1
0
1
1
0
-1
0
-1
-1
0
1
1
1
0
-1
-2
-1
0
0
-1
-1
0
0
-1
0
0
1
0
1
1
2
1
1
0
1
1
1
1
1
1
1
2
1
1
1
1
0
1
1
1
1
1
2
2
2
4
5
5
3
3
3
5
5
7
6
5
4
5
3
3
3
4
3
3
3
3
5
5
5
4
3
2
4
4
4
5
5
5
5
5
6
7
9
9
9
7
7
6
6
8
7
8
8
9
7
7
8
6
7
7
5
5
5
3
3
4
5
5
5
5
5
4
5
5
6
6
6
5
3
4
5
8
8
8
8
8
9
10
11
11
10
11
11
11
12
14
14
14
13
12
12
12
12
12
11
11
10
9
9
10
11
11
11
10
10
9
9
7
8
8
8
9
9
9
8
8
8
9
9
9
9
8
8
9
9
9
10
9
8
8
9
11
11
11
11
10
11
10
11
12
11
10
10
9
9
10
10
10
9
9
9
9
10
11
10
9
9
10
10
11
11
10
9
9
8
9
9
12
11
11
11
11
10
10
10
9
9
8
9
9
10
9
10
10
10
10
10
10
12
14
12
11
10
10
10
10
10
12
12
13
14
13
13
13
14
11
12
11
13
12
12
12
12
13
13
12
12
12
11
12
11
12
11
11
12
12
12
13
12
11
12
12
12
11
11
12
11
10
10
10
10
9
9
8
8
9
10
9
9
9
7
6
5
6
5
5
4
3
3
4
4
4
3
3
3
2
3
2
2
3
1
2
1
0
2
2
0
1
0
1
2
2
1
1
-1
-1
0
1
1
0
0
-1
2
1
1
0
0
-1
-2
-1
-1
0
2
2
1
0
-1
1
1
2
1
0
-1
-2
-2
0
1
1
1
0
-2
-1
1
1
1
1
-1
0
-1
-1
0
1
1
0
0
-1
1
1
2
3
2
3
3
2
2
2
2
3
3
4
4
4
4
5
4
4
5
4
4
5
5
5
5
6
6
5
5
5
4
5
6
6
7
6
6
5
4
4
5
6
7
6
5
5
6
7
7
7
6
5
6
6
4
5
4
4
4
3
3
2
4
4
4
4
4
4
5
5
5
5
6
6
5
5
4
4
6
7
6
6
5
6
5
4
5
6
6
7
8
7
7
9
7
8
9
9
9
8
9
9
10
9
9
9
8
8
7
6
7
8
7
6
5
5
7
8
9
9
9
9
9
9
9
9
9
8
8
7
9
9
9
9
9
7
6
7
8
9
8
8
6
8
7
8
8
8
7
6
5
7
6
8
8
6
5
5
6
6
7
6
5
6
6
7
7
8
7
6
5
5
4
5
5
4
4
3
4
4
4
3
2
2
2
3
3
2
3
2
2
3
4
4
4
3
4
4
4
4
3
3
3
2
2
1
2
2
0
0
0
0
0
1
1
1
1
1
2
3
3
3
2
2
2
2
0
0
1
1
1
2
2
1
3
2
3
1
0
-1
1
2
2
2
1
1
1
1
2
2
2
2
1
1
1
0
-2
-1
-1
-2
-1
0
-1
0
-1
-2
-3
-3
-3
-4
-3
-3
-3
-3
-4
-4
-3
-3
-2
-3
-4
-2
-2
-1
-2
-3
-3
-3
-3
-3
-3
-3
-2
-3
-3
-3
-4
-5
-6
-5
-6
-6
-8
-7
-6
-7
-6
-5
-5
-7
-7
-7
-6
-6
-8
-8
-9
-10
-11
-10
-10
-11
-11
-11
-11
-11
-11
-10
-10
-11
-11
-11
-11
-10
-9
-9
-10
-10
-10
-10
-9
-9
-11
-11
-11
-13
-10
-11
-10
-11
-11
-10
-11
-10
-9
-9
-9
-10
-9
-8
-9
-8
-8
-8
-9
-10
-10
-9
-8
-7
-8
-9
-11
-10
-11
-10
-11
-11
-11
-12
-11
-11
-10
-11
-11
-11
-12
-12
-11
-13
-14
-14
-16
-15
-14
-15
-15
-16
-17
-17
-17
-17
-15
-15
-16
-14
-15
-15
-15
-15
-15
-16
-16
-16
-15
-15
-14
-15
-15
-15
-15
-15
-15
-14
-15
-15
-13
-13
-14
-14
-15
-16
-16
-17
-16
-16
-15
-15
-14
-16
-16
-16
-15
-14
-13
-14
-14
-13
-15
-14
-14
-13
-13
-14
-14
-14
-13
-12
-12
-12
-14
-14
-13
-14
-14
-14
-13
-14
-12
-14
-12
-14
-14
-14
-15
-14
-14
-13
-14
-15
-15
-15
-14
-15
-15
-15
-14
-15
-15
-15
-14
-13
-14
-14
-16
-16
-16
-15
-17
-16
-17
-17
-16
-16
-16
-16
-17
-17
-16
-16
-16
-16
-16
-16
-17
-16
-16
-15
-14
-15
-14
-15
-15
-15
-15
-14
-15
-15
-15
-14
-14
-14
-13
-14
-13
-14
-13
-12
-12
-12
-11
-12
-13
-14
-14
-12
-11
-10
-10
-10
-8
-7
-8
-7
-7
-7
-7
-7
-7
-7
-5
-5
-5
-5
-5
-6
-8
-9
-9
-9
-9
-11
-11
-12
-10
-10
-10
-8
-8
-7
-8
-9
-9
-9
-8
-8
-10
-9
-9
-9
-9
-9
-9
-10
-12
-12
-13
-14
-14
-15
-15
-15
-16
-14
-14
-15
-14
-15
-14
-15
-15
-16
-15
-16
-15
-15
-16
-15
-15
-15
-15
-15
-16
-15
-15
-16
-18
-20
-19
-19
-19
-19
-18
-17
-18
-18
-18
-17
-14
-14
-14
-14
-13
-13
-11
-9
-8
-10
-11
-9
-8
-7
-9
-10
-11
-12
-11
-10
-8
-9
-10
-10
-9
-9
-8
-8
-8
-9
-10
-9
-8
-7
-8
-6
-7
-7
-7
-7
-8
-7
-8
-7
-8
-8
-8
-10
-10
-9
-7
-6
-5
-5
-4
-4
-4
-2
0
0
0
-2
-2
-3
0
0
0
0
-2
-2
-3
-4
-4
-3
-1
-1
-2
-1
-3
-2
-2
-1
-2
-4
-6
-7
-6
-5
-5
-5
-3
-2
-1
-1
1
1
2
-1
0
0
1
1
2
1
-1
-1
-1
-1
0
0
-2
-3
-4
-4
-4
-6
-4
-5
-6
-6
-8
-8
-7
-6
-4
-6
-6
-7
-6
-3
-3
-3
-3
-3
-2
-2
-3
-4
-4
-2
-2
-2
-3
-3
-3
-1
-3
-5
-2
-2
-1
-2
-3
-4
-2
0
0
-1
-2
-2
-2
0
1
3
-1
-1
-3
-2
0
-1
1
1
0
-3
-3
-1
2
1
0
-1
-3
-1
-4
2
1
0
-3
-4
-5
-4
0
4
0
-2
-6
-6
-2
-4
-1
-4
-2
-8
-7
-6
-1
-2
-2
-4
-8
-7
-9
-3
-4
0
-3
-4
-3
-2
1
2
3
2
3
0
-2
-3
-2
2
3
1
-5
-6
-8
-5
-3
-1
-4
-7
-10
-10
-7
-8
-3
-7
-6
-10
3
4
-16
-5
-6
-3
-8
-4
-7
-6
-1
0
-3
-6
-2
-4
5
9
0
-4
-4
3
5
3
-2
2
8
5
3
-1
2
6
7
8
-3
-2
-2
4
4
1
-3
-6
-8
-4
-2
-8
-6
-3
-4
-8
-9
-10
-8
0
-3
-2
-9
-8
-9
-6
-5
-8
-3
-13
-9
-11
-15
-5
-6
-4
-7
-10
-13
-13
-10
-8
-8
-8
-12
-14
-11
-11
-8
1
-13
-6
-15
-11
-8
-10
-6
-4
-6
-10
-7
-12
-2
-3
-1
-6
-9
-6
-12
-3
-8
-7
-7
-12
-12
-6
-13
-3
-7
-14
-5
-11
-7
-12
-15
-12
-9
-6
-9
-9
-7
-12
-6
-9
-11
-8
-7
-11
-6
-18
-8
-10
-4
-4
-12
-6
-15
-12
-6
-9
-4
-11
-16
-11
-16
-15
-8
-13
-8
-13
-19
-14
-14
-14
-4
-15
-9
-16
-16
-9
-10
-13
-7
-15
-7
-7
-13
-1
-9
-7
-8
-13
-11
-10
-14
-1
-14
-12
-10
-15
-6
-9
-14
-1
-15
-7
-7
-14
-6
-9
-10
2
-11
-7
0
-17
3
-12
-4
5
-11
0
-3
-11
4
-7
-4
9
-5
0
0
-11
14
-9
-1
4
-8
2
-7
-4
5
-5
-7
5
-16
-3
-10
-10
3
-11
-11
6
-20
5
-9
-16
12
-25
5
-5
-15
10
-15
-1
5
-11
8
-8
-8
5
-9
-5
9
-13
6
1
-14
22
-20
9
3
-13
14
-14
4
-4
-4
-5
7
-17
6
-2
-11
11
-23
9
-5
-11
5
-17
1
-4
-7
-2
-3
-6
1
-5
-11
6
-13
4
-5
-7
5
-6
-3
-3
-5
2
-2
-8
-1
-6
-2
-2
-5
-3
-1
-8
-3
-7
-7
-1
-9
-1
-4
-9
-3
-11
-5
-9
-6
-10
-3
-15
-6
-10
-12
-5
-18
-5
-14
-11
-12
-12
-12
-13
-13
-13
-9
-15
-8
-12
-12
-9
-14
-6
-12
-11
-10
-7
-11
-9
-15
-11
-7
-18
-9
-15
-8
-10
-12
-10
-10
-9
-8
-12
-9
-9
-8
-5
-8
-4
-3
-3
-2
-7
-9
-1
-8
-1
-7
0
0
-1
-4
-1
-1
-4
-2
-6
2
-6
-1
-2
-3
-1
-4
-2
-2
-5
-5
-6
-8
-4
-8
-3
-9
-8
-13
-10
-7
-13
-7
-16
-8
-9
-13
-12
-15
-7
-15
-14
-18
-14
-12
-18
-13
-22
-11
-24
-16
-22
-20
-22
-25
-23
-29
-22
-29
-21
-29
-23
-29
-26
-29
-27
-26
-29
-24
-29
-25
-27
-27
-21
-24
-21
-20
-21
-17
-17
-19
-11
-16
-10
-14
-11
-7
-10
-5
-8
4
-6
2
-3
-5
12
-5
9
3
-2
9
0
8
1
10
0
18
0
15
12
5
23
-3
20
4
8
9
4
4
3
4
-2
11
-13
2
-4
-13
5
-20
-5
-16
-19
-13
-25
-17
-26
-20
-33
-31
-30
-45
-27
-52
-42
-45
-63
-48
-68
-61
-69
-73
-76
-82
-88
-89
-93
-102
-98
-106
-111
-107
-121
-108
-120
-118
-124
-115
-117
-114
-114
-117
-99
-108
-93
-97
-81
-83
-64
-71
-54
-49
-36
-25
-18
-6
7
23
26
47
51
74
76
91
102
122
121
144
143
161
171
172
185
185
198
201
207
203
212
201
213
195
200
187
189
171
163
150
137
127
107
94
72
54
31
17
-19
-33
-60
-83
-107
-131
-160
-179
-211
-233
-251
-278
-290
-326
-336
-375
-376
-403
-415
-430
-436
-472
-461
-456
-476
-480
-480
-443
-435
-411
-414
-395
-387
-323
-313
-284
-245
-212
-174
-161
-123
-64
-10
13
41
62
106
138
156
192
226
237
250
243
260
286
292
294
293
283
284
278
266
292
266
273
247
240
252
232
237
248
232
216
215
202
249
223
220
219
208
220
210
211
231
224
211
210
196
215
219
199
199
183
168
166
130
124
105
75
51
35
-12
-24
-64
-117
-111
-203
-210
-256
-312
-361
-393
-447
-510
-516
-590
-632
-619
-669
-671
-696
-652
-641
-705
-679
-730
-572
-565
-565
-562
-499
-414
-398
-354
-313
-147
-145
-122
-108
-31
107
130
141
195
252
282
289
300
377
456
416
406
401
420
476
423
431
441
422
387
355
325
355
342
281
269
210
185
206
144
138
108
71
87
43
32
32
59
21
42
5
50
88
45
84
85
133
162
163
166
234
233
269
283
283
345
315
312
343
329
364
313
288
260
248
203
173
144
81
92
-95
-36
-130
-235
-183
-325
-370
-454
-487
-557
-645
-674
-681
-776
-776
-779
-851
-782
-824
-867
-856
-825
-714
-762
-738
-711
-616
-565
-540
-475
-376
-263
-264
-226
-162
-15
76
81
133
217
285
306
318
397
493
520
477
497
524
582
577
534
573
561
532
491
463
466
476
412
364
332
278
281
239
203
183
114
118
73
45
40
36
62
12
-6
-26
30
38
44
54
62
106
102
122
161
225
248
250
248
287
342
346
355
380
382
391
344
354
344
322
311
217
181
171
103
71
10
-129
-57
-188
-316
-278
-392
-488
-579
-670
-699
-835
-836
-848
-1055
-881
-931
-1007
-1043
-1012
-1090
-939
-868
-989
-836
-883
-749
-714
-652
-567
-385
-361
-341
-224
-219
41
95
103
223
275
327
380
403
508
640
608
597
620
617
727
700
661
714
669
629
586
547
558
589
477
454
404
360
371
276
252
243
235
151
120
69
101
148
39
73
19
64
76
28
59
136
123
142
134
143
261
228
283
275
333
337
359
363
380
413
396
376
278
388
236
270
215
247
21
117
4
-109
-95
-239
-205
-445
-431
-576
-745
-735
-776
-1024
-1000
-1051
-1082
-1262
-1098
-1034
-1316
-1128
-1394
-1174
-1066
-1017
-1061
-1153
-855
-749
-767
-803
-463
-306
-292
-257
-311
67
238
188
265
352
525
575
522
551
847
867
795
816
738
928
918
824
853
865
799
750
654
625
708
611
605
551
397
374
338
336
301
263
134
155
85
41
83
86
102
83
-38
-10
89
31
174
102
140
189
133
226
236
370
358
371
326
376
417
440
479
404
434
343
292
297
189
336
154
109
-6
-161
-23
-282
-316
-425
-448
-730
-780
-954
-1066
-943
-1469
-1090
-1506
-1519
-1290
-1385
-1412
-1531
-1462
-1720
-1103
-1339
-1231
-1162
-1222
-787
-932
-761
-619
-234
-273
-126
-151
-50
506
415
482
644
686
868
860
821
1013
1281
1104
1127
1059
1021
1261
1068
1044
1082
1026
907
879
682
718
854
669
634
390
343
405
418
214
236
127
114
128
-60
30
112
117
-7
-16
-67
140
156
51
190
166
219
295
231
315
479
481
420
365
432
544
531
374
501
312
343
319
263
110
136
59
-197
-305
-353
-485
-473
-845
-985
-893
-1340
-1317
-1443
-1751
-1599
-1688
-1837
-1728
-1550
-1854
-1608
-2129
-1652
-1123
-1424
-1298
-1345
-1150
-683
-656
-811
-207
133
-10
236
-33
524
1054
890
923
1125
1087
1326
1304
1179
1662
1654
1397
1537
1243
1387
1509
1236
1364
1183
955
937
817
769
757
612
447
448
194
175
186
84
95
-49
-181
-77
-119
-166
-79
-77
-96
42
-143
67
180
152
308
272
339
512
417
617
653
615
712
640
608
665
578
555
532
357
427
198
86
57
-69
-295
-480
-599
-803
-970
-1108
-1467
-1557
-1830
-1889
-1982
-2428
-2110
-2384
-2268
-2059
-2207
-1945
-2143
-2478
-1689
-1379
-1230
-1033
-1437
-891
-239
-347
-178
394
526
1049
792
519
1393
1739
1820
1914
1637
1774
2113
1712
1962
2240
1995
1949
1570
1288
1527
1399
1166
1250
818
552
463
118
317
246
-56
-85
-353
-472
-488
-430
-394
-275
-532
-555
-447
-373
-119
-54
47
164
213
209
526
621
879
933
984
1023
1100
1127
1282
1386
1231
1216
924
924
890
760
600
476
128
45
-220
-631
-505
-984
-1147
-1552
-1928
-2069
-2363
-2398
-2968
-3156
-3274
-3264
-3052
-3488
-3116
-2852
-2560
-2525
-3010
-2642
-1630
-1005
-945
-1174
-953
78
616
490
997
1484
2046
2246
1822
2178
2900
3054
3158
2948
2754
2870
2744
2600
2708
2405
2015
1887
1379
1151
885
518
528
263
-274
-681
-746
-918
-730
-1144
-1296
-1170
-1335
-1272
-1235
-1174
-803
-759
-756
-499
-289
5
318
552
692
1073
1041
1435
1732
1639
2008
1832
2108
2061
2032
1862
1917
1754
1430
1417
849
878
389
48
-27
-490
-758
-1231
-1619
-2237
-2187
-2903
-3101
-3548
-3998
-4040
-4558
-4547
-4776
-4426
-4440
-3873
-3353
-3614
-3076
-3583
-2496
-1324
-686
-301
-456
-34
881
1876
1931
2670
3293
3466
3833
3263
3558
4485
4546
4381
4031
3256
3289
2986
2556
2638
2066
1378
780
109
-329
-476
-1020
-1167
-1424
-2127
-2423
-2587
-2579
-2177
-2412
-2387
-2164
-2080
-1810
-1462
-1089
-501
-93
33
523
900
1318
1854
2144
2542
2742
2819
2894
3122
3079
3036
3081
2773
2757
2263
1858
1757
1297
1032
527
-59
-401
-874
-1321
-1734
-2317
-2679
-3347
-3603
-4292
-4441
-4946
-5219
-5496
-5653
-5873
-5865
-5672
-5377
-4774
-3846
-3228
-3029
-2771
-2740
-1082
418
1018
1662
1423
2281
3276
3905
4366
5077
5375
5416
5185
4634
4807
4953
4793
4397
3506
2482
1828
1175
877
396
-334
-1146
-1990
-2623
-3085
-3396
-3578
-3650
-3729
-3703
-3612
-3594
-3357
-2920
-2224
-1212
-728
-419
135
579
1629
2398
2855
3548
3675
3859
3970
4111
4466
4578
4487
4010
3593
3105
2744
2581
2326
1867
1115
312
-364
-558
-905
-1171
-1674
-2376
-2872
-3497
-3814
-3890
-4165
-4559
-5052
-5503
-5568
-5333
-5501
-5850
-5732
-5860
-5058
-4406
-4084
-2463
-1495
-1158
-961
-1254
349
2819
3773
3820
3409
3647
4973
5572
5496
5946
6035
5538
4957
3764
3477
3607
2944
2384
1283
-231
-1177
-1842
-2108
-2205
-3212
-4044
-4364
-4642
-4634
-4838
-4729
-4079
-3521
-3330
-2928
-2096
-659
382
1485
1872
2467
3606
4109
5401
5770
5556
5607
5348
5532
5535
4984
4468
4020
3456
2729
2067
1534
1237
874
80
-479
-1094
-1574
-1884
-2336
-2567
-2616
-2933
-3107
-3294
-3860
-3669
-4166
-3898
-4042
-4143
-4223
-4736
-4499
-5143
-4180
-4535
-3873
-3235
-3107
-640
-304
279
-211
-608
1410
3853
4884
4409
3717
3389
4876
5430
5163
5407
4890
4406
3705
2268
1662
1475
961
666
-322
-1888
-3112
-3817
-3712
-3153
-3571
-4209
-4507
-4519
-3888
-3584
-3193
-2251
-1371
-603
-120
319
1278
2596
4065
5285
5573
5348
5204
5447
6376
6428
5861
4954
4105
3799
3250
2658
2010
1542
961
255
-388
-880
-1036
-1090
-1142
-1440
-1836
-2380
-2557
-2427
-2060
-1992
-2223
-2481
-2944
-2824
-3043
-2820
-2935
-3326
-3867
-4563
-4349
-4027
-4020
-3974
-3946
-3115
-905
311
102
3
-1273
959
3463
4523
4972
3721
3357
4338
4721
4603
5062
4471
4255
3404
1623
1006
391
17
-49
-824
-2038
-3081
-4255
-4332
-3619
-3509
-3533
-3512
-3651
-2808
-2330
-2087
-1086
-128
1039
1989
2173
2502
3260
4408
5582
6578
6007
5566
5075
4813
5417
4671
3991
3110
2305
1905
1233
481
65
-204
-461
-776
-1176
-1454
-1446
-1368
-1205
-1205
-1433
-1739
-1736
-1693
-1333
-1519
-1721
-2212
-2642
-2969
-3060
-3274
-3598
-4592
-5048
-5170
-4838
-4080
-4511
-3443
-1921
102
678
-14
-983
699
3710
5174
5815
4306
4194
4645
4975
4859
5031
4607
4046
3094
1419
482
-610
-1457
-1564
-1896
-2539
-3751
-5206
-5425
-4774
-4047
-3356
-3096
-2706
-2049
-1625
-711
126
1434
2600
3733
4366
4433
4389
4812
5883
6886
7201
5840
4934
3638
3594
3357
2600
2069
1102
507
-274
-868
-1280
-1257
-1144
-963
-933
-1102
-1263
-1157
-722
-329
-204
-628
-573
-867
-543
-795
-1299
-1546
-2684
-2872
-3464
-3723
-4479
-5553
-6494
-6517
-5733
-5096
-4494
-3161
-1082
-257
569
-819
411
3350
5149
6844
6053
5538
5648
5563
5323
5905
5467
4710
3496
1751
356
-856
-2156
-2599
-2691
-3653
-4436
-5535
-6163
-5637
-5368
-4479
-3069
-2258
-1268
-819
-368
905
2117
3546
4903
5620
5804
5652
5212
5668
6169
6689
6475
5031
3738
2263
1699
1314
934
620
-64
-677
-1395
-1682
-1657
-1324
-821
-347
-125
-70
-28
174
550
723
699
648
465
189
-266
-1179
-1926
-2938
-3740
-4120
-4997
-5713
-7095
-7651
-7719
-7199
-6415
-6041
-3148
-887
720
822
-785
1230
4267
6873
8356
7749
7222
7113
6311
5996
6179
5416
4655
3223
1386
-377
-2394
-4037
-4335
-4374
-4910
-5376
-6293
-6441
-5977
-5533
-4275
-2497
-864
713
1559
1903
2790
3696
5203
6640
7171
7122
6274
5440
5008
4907
4773
4482
3284
2076
723
-475
-1033
-1419
-1207
-952
-1070
-1231
-1177
-1236
-574
-149
796
1859
2203
2472
2391
2232
2273
2108
1804
1787
1085
288
-923
-2331
-3620
-4917
-5899
-6448
-7170
-8524
-9126
-9758
-8646
-7425
-6387
-3010
-540
1529
2210
949
3023
5813
8184
9873
9583
9016
8375
6957
5895
5539
4314
3311
1889
-261
-2091
-4515
-6303
-6486
-6520
-6205
-6203
-6477
-5958
-5340
-4199
-2491
-554
1673
3594
4854
5537
5877
6291
7108
7822
7983
7524
6244
4866
3631
2468
1995
1395
411
-216
-1715
-2462
-3041
-3272
-2395
-1771
-1133
-474
-4
808
1316
1928
2784
3746
4474
4680
4680
4332
3854
3147
2632
2003
1264
-69
-1255
-2618
-4182
-5782
-7339
-8055
-9193
-9356
-10100
-9905
-9069
-8274
-5983
-4345
-467
2490
4448
5636
4433
6746
8912
10786
11613
10262
9109
8095
6157
4510
3088
1172
-238
-1860
-3745
-5336
-7254
-8762
-8402
-7702
-6689
-5643
-5477
-4055
-2335
-647
1717
3736
5752
7434
8161
8483
8539
8295
8073
7606
6638
5413
3722
2222
778
-541
-1130
-1991
-2505
-2996
-3732
-3435
-3332
-2780
-1333
-412
888
1806
2726
3803
4469
4940
5411
5939
6006
5838
5355
4653
3802
2624
1641
746
-568
-1867
-3403
-4550
-5803
-7257
-8570
-9389
-10055
-10000
-9453
-8849
-7446
-6551
-4729
-1970
1482
5165
7184
8334
7530
8537
9936
10963
11525
9976
8412
6787
4463
2562
571
-1543
-3023
-4489
-5579
-6518
-7936
-8998
-8716
-7839
-5919
-4115
-2691
-1024
698
2706
4729
6501
7730
9553
10249
10383
9260
7848
6900
5688
4442
3003
1264
-480
-2186
-3348
-4255
-3542
-4183
-3607
-3404
-3562
-1578
-1181
616
2161
3111
4782
5701
6418
6866
6836
6961
6603
6329
5370
4773
3789
2662
1610
183
-761
-1923
-3057
-3916
-4864
-5944
-6879
-7960
-8633
-8589
-8822
-7466
-6710
-5786
-4643
-4507
-2081
-435
2748
6706
9013
10288
9028
7344
8485
8963
9216
8608
6536
4955
2765
83
-1604
-3385
-5112
-5270
-5743
-5845
-6518
-7738
-7499
-6191
-4413
-1991
-82
1556
3200
4439
5815
7152
7928
8756
9418
9302
8768
7588
5370
3588
1587
311
-225
-1684
-2807
-4226
-5315
-5535
-4553
-2761
-1684
5
-345
1216
2733
3754
5899
6220
6934
7825
7773
7779
6618
5583
4849
4169
3592
2572
1571
157
-802
-1877
-2766
-3533
-4449
-4702
-5105
-5546
-6349
-7132
-7271
-7095
-6542
-5236
-4582
-3163
-2612
-2154
-689
408
2478
6755
8798
10460
8836
6040
6879
6864
7285
6884
4828
3306
1662
-843
-2082
-4002
-5745
-5574
-5315
-4839
-4832
-6016
-5874
-4574
-3050
-484
1257
2681
4215
5374
6512
7162
6986
7338
8049
8153
7610
5940
4458
2379
573
-1038
-1966
-2456
-3370
-3940
-4371
-4904
-4844
-4245
-1136
1193
2803
3617
3105
5217
5855
7184
8415
8107
7889
7478
6739
5662
3883
2379
1794
1669
1012
-73
-1316
-2424
-3005
-3602
-3599
-4142
-4315
-4600
-4430
-4315
-4889
-5283
-5105
-4760
-3145
-2544
-2156
-1753
-2832
-1073
-66
1821
4267
6298
7772
8235
5302
4824
5231
5111
5732
4362
3207
2080
-243
-1829
-2744
-4340
-4415
-4149
-3710
-3252
-4032
-4235
-3440
-2508
-865
1023
2385
3769
4648
5448
6207
6097
6062
6511
6856
6489
5550
4168
2288
425
-1231
-1926
-2198
-2912
-3297
-3715
-3858
-3682
-3555
-1611
853
2509
4267
3837
5158
5951
6665
7824
7552
7488
6867
6286
5343
3660
2221
1233
783
398
-465
-1216
-2096
-2469
-3076
-3214
-3458
-3601
-3466
-3497
-3088
-3661
-3736
-4007
-3844
-3124
-3004
-2289
-1971
-2201
-1503
-1778
25
591
3138
5876
6820
6908
4208
3896
4428
4515
4611
3805
2572
1750
114
-992
-2167
-3795
-4078
-3415
-2811
-2669
-3167
-3482
-2656
-1930
-471
1034
2057
3350
4468
5560
5926
5277
5023
5417
5895
5574
4745
3294
1656
399
-952
-1550
-2329
-3198
-2987
-2916
-2817
-2825
-2987
-2171
-187
2334
4292
5680
5414
5841
6358
6803
7568
6982
6618
5811
5131
3839
1789
491
-332
-440
-474
-950
-1443
-2058
-2370
-2495
-2582
-2538
-2572
-2403
-2012
-2011
-2401
-2774
-3270
-2895
-2722
-2478
-2506
-2211
-2741
-2510
-2502
-1607
-683
1194
4239
5907
6110
3454
3138
3866
4489
4820
4179
3406
2639
1351
393
-932
-2874
-3361
-2783
-1968
-2057
-2860
-3126
-2678
-2180
-1101
156
1007
2023
3200
4555
4972
4322
4044
4379
5285
5100
4962
3943
2307
1108
-198
-693
-1542
-2254
-2200
-2002
-2056
-2231
-2540
-2079
-1253
1223
2750
4691
5059
4794
5977
5773
6513
6377
5590
5406
4989
4056
2582
895
55
-185
-51
-103
-423
-664
-1012
-1158
-1478
-1549
-1878
-1619
-1261
-1325
-1630
-2554
-2941
-3169
-3246
-3259
-3478
-3774
-3051
-3648
-3457
-3713
-3420
-1637
613
4079
5479
5980
3724
4013
4559
4971
5474
4873
4619
4163
2875
1514
-515
-2495
-2832
-2424
-1800
-2279
-3160
-3540
-3442
-3234
-2620
-1703
-921
580
2187
3679
4075
3870
4018
4877
5948
5834
5866
4851
3843
3031
1498
494
-689
-1512
-1640
-1724
-2037
-2531
-3273
-2987
-2643
-797
662
2113
3452
3418
4823
4856
5518
5769
5704
5912
5898
5358
4056
2837
2185
1831
1575
1337
910
604
168
-172
-747
-1360
-2024
-2275
-2203
-2379
-3064
-3640
-3923
-4185
-4296
-4673
-4491
-4351
-4150
-3494
-3471
-3776
-3545
-2516
-623
2220
4803
6296
7120
5075
5293
5654
5582
5941
5216
4912
4235
2572
836
-1085
-3171
-3754
-3598
-3431
-3734
-4451
-4599
-4247
-4249
-3451
-2264
-801
1044
2892
4487
5205
5285
5676
6314
7027
6896
6681
6010
4629
3169
1536
54
-1403
-2438
-2801
-3069
-3579
-4229
-4601
-4395
-3866
-2769
-890
1320
3006
4392
5199
6035
6559
7136
7704
8023
7867
7378
6398
4889
3526
2285
1606
961
313
-441
-1047
-1791
-2507
-3285
-3936
-4090
-3943
-3635
-3411
-3604
-3589
-3724
-3344
-3174
-2670
-2614
-2107
-1977
-2072
-2074
-2356
-1693
-1292
-711
1549
4442
5772
6422
3711
3800
3925
3637
4287
3647
2903
2624
1695
789
-1255
-3607
-3621
-3036
-2464
-2492
-2856
-2876
-2760
-2722
-1828
-1235
-616
1049
3344
5066
5210
4754
4621
5039
5121
5275
5214
4516
3407
2366
1178
-544
-2261
-2938
-2684
-2440
-2563
-2883
-3068
-2937
-2607
-1496
40
1912
3435
5100
6205
6649
6725
6548
6979
6864
6725
6208
5203
3746
2226
1094
211
-638
-971
-1060
-968
-1147
-1593
-2019
-2488
-2582
-2274
-1730
-1231
-1329
-1370
-1719
-1799
-1975
-2221
-1986
-2144
-2069
-2265
-3164
-3423
-4234
-4182
-3567
-2537
-1642
861
3169
4696
4529
2589
3563
3718
4236
5041
4718
4365
3615
2602
1807
-525
-1979
-1866
-1337
-1378
-2081
-2700
-3052
-3379
-3177
-2352
-2018
-1355
120
2025
3145
3146
3279
3796
4355
4689
5050
5166
4449
3876
3170
2290
887
-338
-545
-562
-706
-977
-1606
-1820
-1770
-1255
-504
-7
762
1567
2980
3679
3868
4058
4102
4477
4983
4756
4570
3974
3550
3127
2765
2180
1670
1495
1397
1284
800
187
-551
-1078
-1446
-1786
-2128
-2401
-2678
-2769
-2872
-3146
-3244
-3128
-3321
-3142
-3173
-3214
-3210
-3759
-2958
-3702
-1809
-2136
-1034
-214
2211
4509
5782
4558
3519
4154
3965
4515
4091
3401
2680
2125
1826
613
-1261
-2090
-1979
-1400
-1616
-1843
-2086
-2154
-2068
-1580
-1057
-989
-440
1058
2351
3014
3120
3201
3437
3643
3787
4180
3917
3420
3092
2446
1693
640
195
-45
-232
-591
-623
-1043
-980
-781
-283
235
534
1128
1864
2670
3023
3632
3861
3988
4376
4519
4608
4356
3919
3563
3133
2710
2168
2027
1659
1417
1155
647
163
-613
-1021
-1350
-1685
-1782
-2209
-2446
-2418
-2507
-2294
-2421
-2730
-2876
-3062
-3098
-3141
-3100
-3154
-2970
-2706
-2092
-1971
-1601
-1430
-597
954
1912
3223
3167
3187
3408
3202
3496
3259
3087
3352
3035
2789
2307
1254
834
473
93
82
-242
-414
-589
-835
-986
-1212
-1233
-1161
-794
-199
112
609
1024
1217
1518
1602
2064
2152
2412
2834
2828
2807
2507
2385
2307
1865
1946
1967
1911
1772
1849
2031
1290
1551
1121
1244
1327
1398
1693
1994
1800
1838
2093
2073
2218
2602
2874
2864
3194
3091
3186
2855
2568
2392
2240
1884
1255
963
334
-120
-566
-1093
-1753
-2313
-2423
-2661
-2689
-3003
-3004
-3257
-3567
-3604
-4036
-3408
-3453
-2788
-2306
-1964
-1742
-1604
-652
-308
1059
1974
2835
3630
3470
3938
3946
3482
3707
3467
3492
3279
2907
2691
1711
1127
771
190
-136
-505
-461
-501
-857
-963
-1127
-1263
-1104
-759
-378
44
292
964
1268
1537
2151
2315
2605
2752
2714
3017
2866
2864
2871
2642
2436
2201
2373
1814
1646
1509
1306
1113
1029
972
777
1088
1180
1566
1541
1744
1853
2310
2536
2496
3023
2807
3113
2983
3031
2779
2557
2437
2198
1864
1323
878
592
228
-12
-127
-378
-489
-300
-385
-529
-470
-445
-524
-165
-260
-185
93
-423
-312
-1236
-1353
-1590
-1627
-1322
-2007
-1688
-2268
-1944
-2255
-2191
-1590
-1294
-543
-58
612
1010
1055
1905
1762
2260
2305
2585
3135
2755
2815
2552
1994
1375
1229
1141
668
436
354
217
-226
-628
-749
-1111
-1106
-718
-693
-425
-171
141
500
485
1004
1107
1190
1354
1677
1623
1667
1599
1499
1313
1317
1279
1361
1033
916
911
461
286
75
124
-22
-80
11
-26
181
247
453
449
420
715
789
733
896
777
886
998
871
741
547
591
312
745
859
-165
1067
179
-52
266
-645
-794
-731
-1268
-1449
-1273
-1922
-1954
-1670
-2848
-3000
-3142
-3173
-3259
-2997
-3175
-3413
-2484
-2890
-3065
-2677
-2919
-2786
-2537
-2424
-2731
-2726
-2742
-2481
-2308
-2259
-2061
-1925
-1447
-1984
-1921
-1548
-1769
-1622
-1318
-1361
-1587
-1355
-1354
-1494
-1773
-1797
-1725
-1424
-1689
-1478
-1286
-1408
-1234
-1214
-1311
-1242
-1577
-1185
-1470
-1469
-1278
-1401
-1269
-1300
-1254
-1288
-1109
-852
-1052
-823
-879
-642
-477
-342
-182
-129
264
41
38
-1
-230
-321
-387
-458
-592
-733
-451
-1033
-690
-885
-654
-662
-590
-24
-208
-284
134
276
-134
322
-139
35
-279
-239
-254
279
-1141
1152
-728
142
136
-657
-501
-1141
-417
-1477
-1017
-1233
-2215
-1393
-2085
-2331
-1437
-2383
-1701
-1214
-1522
-935
-1459
-1689
-750
-2130
-1205
-671
-2044
-1161
-1240
-1031
-1385
-1408
-525
-1260
-1345
-1043
-1486
-2148
-2226
-1561
-2466
-1803
-2077
-1824
-1877
-1529
-1869
-1204
-1173
-1253
-300
-308
-889
-351
-562
-1107
-500
-780
-853
-172
-591
-217
-325
-357
-65
-744
302
-477
-222
853
-149
719
935
421
723
1136
353
541
431
888
528
-57
1130
-15
259
432
166
-50
471
256
301
1277
-618
1542
769
760
1709
1397
1498
1348
1863
883
1799
1292
593
2151
742
978
1665
521
397
1691
24
410
1592
-62
838
1146
86
1567
181
1001
762
307
-125
1137
-1005
610
-400
63
-309
-331
-218
-539
154
-552
200
56
146
-123
612
564
-285
1190
557
268
1197
-538
1531
-222
565
471
-140
-74
-194
-197
-82
-290
-604
-316
-173
-36
-671
496
-674
975
-248
1428
306
1003
831
1089
915
945
604
1241
644
424
509
531
-107
481
323
-199
976
-109
453
659
117
1
898
361
380
1217
261
1367
241
788
1101
-245
424
743
-367
740
-209
-100
-24
161
-1381
582
-358
-699
939
-488
313
192
192
42
1338
171
1205
815
418
1332
592
852
1004
345
1066
480
217
823
-179
641
953
-1051
1335
-132
-253
633
188
-26
331
959
-414
1000
-245
376
762
310
801
389
876
-159
1379
287
576
814
665
924
478
1182
749
866
1287
626
1049
1391
-5
1669
566
131
1488
-188
1658
139
582
641
-656
1017
127
738
567
634
584
1043
287
1499
385
1645
818
1194
717
319
1689
-454
586
1140
-908
507
201
-28
-340
688
-267
-37
423
-258
1437
-482
1952
295
884
1141
1247
722
1344
1146
898
1461
225
1818
-244
1040
879
-496
1289
-107
528
208
302
-13
472
341
649
506
835
649
959
625
1640
-246
1753
-217
1568
38
-15
964
-486
-329
997
-362
-795
1604
-837
70
1266
-559
556
1134
-111
1381
669
1255
1096
626
1559
1192
445
2225
85
1036
1264
-468
1134
486
-182
769
-277
-62
183
52
-213
467
-218
570
64
297
1345
-865
2208
-50
164
2009
-1242
2084
168
127
946
263
329
125
676
-88
635
-244
920
-73
55
513
113
18
647
211
-151
1571
-1058
717
825
-451
807
484
746
-244
1216
231
-213
1654
-311
857
886
914
-339
1546
457
-994
1818
-758
170
634
-180
-434
488
-771
-362
79
-246
-257
859
-547
495
-376
1231
-488
1039
743
-105
2242
-901
1780
1024
-924
2254
625
-866
2052
383
-1300
3201
-1688
927
501
-994
469
579
-1452
2651
-1132
326
1371
-357
883
-254
2053
-977
1736
448
-253
1575
-52
-173
2090
-1184
413
1234
-1449
2350
-654
-57
1514
-993
592
568
-511
1347
-707
997
251
-446
562
611
364
-581
2845
-2284
2694
-83
-642
2865
-978
450
3022
-1925
1895
893
-71
1088
260
1236
-560
927
1164
-1411
2770
-1518
1043
732
-1024
1217
485
-916
1435
386
-1223
2284
-625
449
1263
-525
1054
98
306
1146
-42
761
592
205
55
1427
-475
864
877
-521
1002
235
755
136
1530
-263
1324
453
557
630
676
33
1447
-353
1524
-422
627
691
-313
1165
347
-474
1664
-531
288
800
-94
-75
2043
-647
82
2321
-1292
359
2390
-1793
1877
652
-711
1722
-392
-63
1390
-781
665
144
895
-516
1177
510
-265
1450
74
408
2134
-725
1625
318
1138
-158
1738
721
-887
2645
-1391
1063
1030
-1080
2002
-899
567
68
762
-363
921
830
-910
2811
-2018
2777
-196
-37
2234
-218
589
1347
272
256
1368
-136
1264
-137
1209
187
616
870
239
374
1571
-644
1664
32
576
946
623
303
1309
316
71
1942
-1082
1265
191
387
145
1200
-20
691
819
252
893
827
427
1428
-491
2497
-926
2068
-238
954
788
296
1299
-131
1318
-207
753
768
-503
1670
-888
1067
-339
721
264
202
1297
403
-510
2719
-1504
2291
1127
-683
3009
-826
953
965
689
-110
2050
-443
498
1373
-635
435
2256
-2313
2312
312
-534
1759
-8
553
980
589
1325
327
1109
675
167
1647
-714
2015
-384
1316
213
742
435
761
-162
2423
-882
1449
966
299
109
3044
-1825
2274
1454
-1312
2810
310
-179
1833
313
173
1272
274
751
40
2273
-1635
2684
-1220
2296
-709
2103
-40
951
917
1264
829
307
2594
-587
1908
1583
-506
2246
724
-185
2589
-224
-326
2915
-757
-7
2876
-2019
2026
237
696
251
1628
-385
1930
805
-355
2017
160
-271
2423
-353
932
1142
220
631
493
1138
-294
2043
143
-2
2073
-434
1154
1222
163
2095
-256
1620
432
1123
235
1689
15
1266
92
1378
-185
1820
-105
790
1521
-423
1363
734
93
1597
268
1170
769
860
434
1335
1105
136
2058
246
1100
746
954
317
1050
731
417
1354
546
629
936
1068
828
102
2306
-59
806
2065
-147
1745
1226
515
1465
780
617
1506
439
881
1115
386
795
1619
-465
2184
-70
1291
1520
-355
3073
-949
2177
351
1766
44
993
2298
-1777
3504
-168
-433
3747
-2405
2572
1862
-1984
4149
-1451
1698
1021
416
1873
486
1664
219
2261
-450
2360
283
821
2130
-634
2417
-389
1562
268
1487
125
1186
1256
-461
2306
159
957
1419
1035
629
1898
160
1774
161
2196
-495
1974
864
-335
2230
-84
1001
1439
-221
2548
-1516
3025
-786
1638
732
598
1642
248
1317
1176
559
1721
596
1432
552
1593
337
987
1502
-531
3229
-1132
2155
774
-186
1949
224
871
1299
-85
3086
-1279
2346
1123
131
918
2764
-2205
4271
-619
898
2377
-153
1376
1385
161
1850
867
123
3033
46
479
3434
-1143
1559
2710
-1398
3243
276
408
2095
154
1036
892
1345
-104
2445
354
422
2354
-118
704
1809
185
1034
1604
685
1308
868
1327
523
1486
1075
700
1677
825
400
2383
-789
2520
283
591
1850
150
1499
1496
-140
2924
-871
1836
1346
314
1816
457
1861
375
1069
1721
453
1811
190
2002
476
631
2461
-1208
2749
191
193
2861
-910
1738
1555
-384
3199
-832
2208
1303
342
1666
1820
-339
2880
302
927
1999
357
1207
1776
355
1747
755
1120
1712
-344
2538
-159
878
1580
370
606
2149
-743
2082
156
2121
254
997
2275
-5
1207
2504
-502
1451
2168
-628
1873
1689
-705
2626
590
380
2117
52
1481
1462
340
1854
1070
303
1372
1639
16
1074
2887
-881
2082
2193
-834
2442
1024
666
1117
1775
186
609
3215
-2013
3350
1364
-883
3400
627
-432
3560
72
679
2618
117
781
2277
-243
2235
454
1490
459
990
2117
-850
3190
-875
2394
78
1096
1848
-14
1881
1547
224
2375
599
1429
1490
1607
-49
3207
-28
1004
2610
-381
1968
1373
318
1305
1799
5
1194
2480
-1165
2367
980
341
1569
930
1601
997
1196
1651
850
1050
1841
823
1527
641
2120
245
1381
2013
-409
2800
-155
1972
935
1419
1103
1090
1461
318
1850
436
1426
1306
1083
833
1477
1379
-276
2911
485
252
2886
-699
1705
1244
287
2014
491
1516
1216
343
2372
-857
3091
-203
1460
1130
871
975
1619
-364
3372
-871
2136
1223
-504
2727
-609
2006
1118
-155
2774
-485
2178
400
1018
2208
-894
3430
-819
2406
725
1291
959
990
1138
943
1333
657
1198
895
1321
557
1919
269
1163
2807
-1563
3356
1012
-668
3490
683
-301
3249
376
496
2543
459
760
1774
1082
-50
2636
249
835
2194
495
1262
2099
454
2118
620
1783
910
1642
1944
262
2292
1267
425
2358
602
850
1730
1053
938
1288
836
1245
374
2562
-837
2539
1215
-410
3609
-728
2154
1192
1116
1466
1358
1271
1511
749
2593
-881
3070
737
354
2154
1559
-506
2868
951
-409
3625
-712
1462
2459
-620
3128
-197
1976
960
946
1701
805
2359
-929
4563
-1671
1519
2968
-1407
2230
2058
-812
2523
1146
428
1619
1395
1133
619
2672
116
1788
1999
422
2377
1203
406
2021
1247
-30
3494
-534
1614
1775
464
974
2343
-627
3411
-324
1866
1592
118
2289
778
1314
1070
1894
176
2300
920
-98
2998
-192
993
2071
141
2000
-266
2966
-667
1559
1761
330
1726
1375
1002
1534
1101
1529
1359
766
1898
732
1159
1961
-537
3105
26
382
3223
-900
1690
2244
-693
2349
1530
119
2608
750
978
1863
1227
1107
1688
970
1096
1995
-150
2874
-147
1778
1475
622
832
2776
-1068
2887
1208
372
1228
2497
-849
2646
1563
-366
3334
1218
-767
4516
-1088
1523
2957
-568
1865
2064
241
1403
1996
424
1167
1844
1508
-51
3086
1020
-200
3934
-452
905
3373
-1281
2436
958
1188
724
1612
1464
-102
2702
-172
1813
639
2310
-553
3191
-64
1369
2005
558
955
2294
313
1677
1688
566
1684
971
1261
943
1137
769
2562
-1001
3748
-879
1776
2346
-537
2291
1290
-84
3069
-218
2300
871
1237
1106
1879
-109
2086
1842
-664
3019
606
-293
3529
-277
492
3672
-1221
1955
2367
-579
2352
1432
314
2990
-235
1996
2390
-1284
3952
161
-119
3803
-654
1427
2993
-1329
3324
-62
1454
1297
464
2958
-346
2241
1880
-222
2410
1458
3
2944
1
1709
1423
308
2659
-145
2272
1226
636
1722
1296
1112
1203
2188
-203
2557
560
1269
2107
124
2618
321
1781
830
1617
767
1392
1332
1215
1385
679
2004
459
1137
1968
360
1102
2333
14
1443
2428
-685
2096
1372
537
781
2386
85
1090
2283
-553
3287
109
1024
2709
-15
1327
2472
-169
2028
987
2162
-264
2733
328
1250
1066
1526
139
2280
56
2157
-99
2206
1255
-234
3015
100
693
2372
5
1499
1057
830
1697
213
2611
-614
2382
669
508
2054
737
1169
528
2501
-446
1889
1659
-12
1678
1498
181
1309
2088
-358
2281
1856
-739
3013
337
847
1948
787
1047
1747
841
1314
1196
1425
1175
809
2014
181
1520
1593
206
1954
1095
545
2240
186
1329
1914
588
1830
854
2033
-327
3061
27
1169
2206
-243
2411
18
2717
-416
2372
1006
869
1119
2546
-902
3254
27
1822
381
2258
451
987
2507
-682
2571
1234
79
2303
537
1622
808
1667
1315
668
1760
1346
1345
314
3196
-623
1280
3451
-2295
4718
-710
1452
1587
1045
574
2306
478
838
1782
365
1090
1865
-72
1965
539
1985
53
2289
1288
379
2380
566
2240
54
2171
1742
-323
2804
793
627
1643
1557
536
1407
2038
-188
2454
791
991
1331
1382
728
1603
855
1336
1179
1143
1492
847
1664
1333
380
2650
-271
3086
-259
2628
954
91
3529
-917
2168
1422
964
882
2466
340
1008
2672
-773
2985
79
1319
1884
717
1354
1363
868
835
1860
765
579
2638
120
961
2514
-307
1062
2584
-446
1383
2910
-1511
3382
1036
-378
3238
12
431
3205
-513
1093
2946
-1142
2402
1174
83
1687
1122
17
2641
12
956
2232
-434
1377
1952
283
1010
1924
42
1630
1084
770
951
1359
893
1159
1082
663
1494
572
1307
1830
96
1450
2206
-1037
3336
169
842
2393
460
678
2523
-177
1306
2146
135
1546
1799
497
682
2775
-871
1986
1815
-345
2252
821
644
1425
1612
-570
3831
-1039
1995
2096
-300
1672
2083
-259
2426
1101
233
1995
793
727
1410
1473
297
2027
1070
289
2034
432
745
2416
-133
1572
1255
1021
708
1623
830
312
2088
913
661
1596
1372
350
1637
1201
609
1216
1749
452
1489
1201
631
1820
297
1847
887
346
2201
493
313
2505
-28
1369
1976
-555
2640
163
977
1902
438
237
2991
-1242
2701
951
-62
2839
252
787
2617
-36
1173
2102
113
1455
1163
1074
572
1695
904
869
1505
1025
1207
706
2120
272
1418
2057
-122
2133
1274
432
1718
1386
235
2348
878
296
2614
0
1237
1962
-267
2207
619
1250
972
1443
569
1147
2082
-455
2266
1065
562
1403
1294
795
737
1748
1092
-219
2784
-141
1232
554
2925
-1713
2903
1658
-2057
4555
-604
108
3054
7
658
1755
1668
-754
1837
2492
-1868
3203
1090
-512
2249
1586
-604
2068
1075
570
662
2780
-892
2128
1539
-607
2806
419
491
2427
125
604
2841
-980
2547
1028
44
2022
936
-235
2895
-640
2151
629
992
1684
-55
1851
1038
-78
2954
-136
1408
1660
157
1462
1258
812
715
1430
1523
54
1903
1620
-72
1230
2094
-154
956
2865
-538
736
3303
-1246
1366
2815
-363
740
3226
-571
687
3000
-431
1139
2209
-5
1190
1151
1398
-183
2263
1207
-713
3369
-10
762
1583
810
176
1735
1180
371
1495
960
949
377
2122
-95
1123
2118
4
1253
1262
983
-21
2293
-50
590
2702
-867
2127
1225
-87
1743
806
786
974
1116
1220
525
1706
817
269
1932
287
1027
1134
1451
-3
2019
1047
-284
3366
-974
2062
1852
-1019
4157
-1963
3155
639
-289
3045
-624
1358
1452
816
1301
719
2174
-503
2028
1044
338
1859
1293
105
2843
-348
1294
2337
-627
2259
393
1490
895
1212
1466
567
959
1479
811
592
1845
869
331
2132
114
1220
1290
1353
-190
2478
210
916
1657
1067
361
1876
448
1234
640
1246
1228
409
2030
320
625
2521
-587
1670
1429
-60
2115
443
1049
1459
109
1350
1214
320
1844
142
1912
547
797
2143
-726
2467
727
233
1740
991
335
1727
1166
13
1260
1673
-555
2126
980
68
1835
970
28
1686
434
1380
-14
2414
-829
2615
-109
1435
727
1259
492
1247
1145
784
1145
1619
-64
1145
1606
-742
2238
737
220
1210
1703
-1097
2489
627
-374
2269
959
-793
2762
67
292
1705
565
633
989
1360
-80
1931
413
421
2023
-192
625
2534
-1204
2238
665
247
974
2033
-1178
2201
686
-241
2133
-108
1043
1155
-222
2439
-752
1621
1525
-948
3449
-1225
1883
1397
-167
1961
97
898
1866
79
792
2593
-1421
2375
666
85
1100
1113
523
919
1610
-460
1103
1759
-431
1037
1830
-438
1505
1463
675
-192
2440
123
203
2032
844
-387
2285
514
-30
1636
860
-90
2524
-699
2093
321
696
1013
636
990
415
1184
1090
230
1580
658
625
1360
285
1499
-101
1936
307
877
1196
730
860
732
1572
-416
1417
1438
-553
2036
703
184
1419
840
300
1264
670
772
983
1110
322
1002
878
845
789
543
1773
26
1253
1614
-229
934
2057
-512
1755
931
215
1176
1498
-105
1441
820
713
1372
441
1443
535
749
1642
97
1000
612
1538
84
1483
1164
300
1203
1377
403
1086
1093
839
413
1534
350
1313
376
2022
-93
1112
1939
-907
2628
-200
1363
1059
230
1728
187
1049
1568
519
1104
1762
-400
1812
1278
-139
2138
422
1220
661
1511
618
332
1790
316
533
2386
-1074
1994
725
495
766
1424
793
419
1796
242
1183
727
1018
784
892
1616
-111
1798
358
689
1323
344
1108
639
981
1096
314
881
1215
295
1138
718
1168
262
1441
616
351
1393
865
588
1220
586
287
1742
24
1023
1186
-168
1962
-50
928
1016
432
722
1217
364
392
1369
146
880
775
732
527
1035
491
694
750
704
518
491
829
397
982
295
1311
22
659
1300
-380
1351
606
345
1267
235
932
324
548
741
145
1380
-400
1599
-239
950
440
531
589
661
448
622
858
-106
1378
14
1085
569
504
1260
-337
1604
357
-14
1566
-234
690
1002
462
148
1497
89
205
1557
-264
1013
466
334
1065
111
1020
353
896
205
1093
685
-153
1617
-169
801
676
710
350
560
1301
-739
1920
-122
873
906
-83
1486
21
757
1039
-12
988
16
1400
-269
1085
1076
-173
1034
1320
-692
1880
376
151
1669
-476
1562
-80
1648
-541
1657
709
-322
1926
-12
556
809
849
95
1015
728
-14
1806
55
650
1247
184
1338
174
1348
853
-188
2410
-158
496
1460
331
116
1395
536
-64
2044
154
287
1227
711
31
1133
1423
-648
1528
1254
-672
1620
338
630
834
609
1112
30
1311
743
396
635
793
840
-72
2321
-777
961
1779
-993
1894
357
602
96
1518
187
192
1718
-192
931
751
736
529
593
870
637
302
1197
292
771
684
533
822
80
1611
-174
1406
394
775
206
1489
-145
971
774
-353
1868
-73
51
2003
-762
1312
712
378
787
654
670
382
730
267
824
651
337
1343
-655
1456
663
-396
2318
-713
1450
450
344
687
941
-30
942
1285
-954
1913
407
-497
1738
240
143
1086
850
-44
916
766
115
520
971
-96
1081
554
441
1302
-58
1070
940
142
1229
687
339
804
1393
-175
1339
1129
-25
1638
71
1274
240
998
1349
-626
2173
557
-573
2914
-263
420
1781
374
842
674
1536
135
1626
172
1264
967
865
1048
652
2581
-1129
2050
2121
-1295
3111
36
1711
195
1558
1337
251
2082
-143
2429
-35
1395
1573
468
1307
1009
1361
339
1105
1386
221
1550
540
1217
229
1610
1295
-186
2365
113
1074
1365
734
1024
519
1649
322
765
1098
265
1475
470
884
677
528
1282
104
1577
-189
1668
-261
1417
1121
-1521
3161
-711
639
1165
445
641
491
586
1039
-323
524
1837
-530
546
1150
-772
1609
211
-44
1490
239
22
1062
454
-638
1286
448
-397
1192
-9
-728
2043
-939
164
1157
-339
296
392
573
-601
491
261
-196
558
-98
-5
536
-310
47
881
-571
808
-280
-188
997
-1030
1148
-216
59
375
-488
1110
-313
486
283
465
674
-639
1749
-818
1026
673
-485
1744
-349
568
824
507
286
703
316
1102
177
460
2075
-765
974
2027
-856
1340
1528
-197
1198
1244
425
619
1598
997
77
1465
1523
-569
1829
1131
-363
1763
-16
748
432
304
517
49
627
-252
-26
741
-625
192
653
-654
-79
422
-379
-263
328
-662
140
-40
-480
-653
25
-954
-585
-244
-1117
-831
-103
-1575
-786
-355
-1577
-424
-423
-973
-1048
-222
-995
-587
-130
-1366
-26
-542
-824
49
-797
-561
287
-915
-107
182
-811
143
390
-1105
722
65
-587
783
-17
425
-86
1221
10
18
1744
-427
1562
248
549
1250
298
962
1106
566
1200
936
789
1576
516
975
1688
117
1347
961
573
1002
1161
619
880
1288
-156
1195
607
205
1263
-127
733
1071
-324
522
715
-115
340
783
10
250
380
166
283
195
405
135
266
407
5
334
640
61
209
821
-25
695
-93
109
1350
-741
37
1579
-944
337
1354
-492
748
856
-437
1043
292
-415
1221
50
-20
504
231
183
348
101
167
406
107
160
623
586
7
252
1045
-376
148
1024
-333
388
555
131
589
400
68
568
328
378
667
-10
692
442
22
389
893
-379
685
958
-379
794
170
-29
803
-602
738
444
-532
535
830
-595
651
703
-389
633
352
134
807
-79
461
653
-399
481
550
-295
616
296
-174
509
245
261
116
356
452
-344
691
-223
145
562
141
74
624
2
-189
748
187
-459
725
677
-487
615
302
36
76
233
522
-439
429
350
-25
425
30
120
486
185
21
340
830
-1053
1238
526
-1033
1080
514
-406
544
191
-571
1356
-1002
693
353
-521
877
-65
-16
747
-509
760
670
-278
-25
959
298
-562
1392
-230
-50
776
214
-247
859
-8
147
814
-197
510
250
502
448
-271
914
-93
94
807
-459
381
695
-314
420
980
-113
-499
1775
-276
-586
1726
-111
1
665
662
-619
748
888
-608
856
1259
-998
789
975
-564
150
1195
-246
262
846
-39
425
279
400
64
752
526
-194
1119
578
-167
1168
59
308
853
40
588
573
202
723
283
714
144
103
1065
-284
768
471
314
545
511
235
421
200
346
887
-154
367
878
-303
368
1230
-380
483
1008
332
131
688
547
87
464
793
148
25
1017
131
157
1120
20
-15
1019
175
-182
1182
141
9
834
254
75
528
425
444
206
369
102
470
565
-50
584
432
-449
516
-21
162
192
501
350
171
233
26
248
269
157
176
499
189
-1
392
244
-130
328
645
44
-176
573
88
66
210
197
415
-234
502
53
20
565
-283
376
618
-651
572
313
-206
464
-35
275
371
-25
242
464
135
-79
725
543
-236
677
597
-375
375
424
-3
168
415
99
-15
128
166
309
-280
297
474
-344
244
346
97
106
357
573
-246
445
252
64
296
444
189
66
348
307
-226
450
209
-219
282
632
-674
160
818
-554
-233
728
-9
-738
925
-69
-359
685
-2
-86
236
-273
3
456
570
-548
422
822
-38
-184
825
648
24
364
911
687
141
584
1227
588
197
557
662
660
7
224
618
-181
-357
-385
-19
-634
-835
-454
-760
-725
-1660
-1601
-659
-1416
-2310
-550
-619
-1889
-716
-368
-880
-302
-406
393
172
81
743
555
1054
594
1064
932
1399
1428
949
1207
1914
555
719
1456
688
288
547
1291
170
367
873
335
593
201
397
303
508
775
21
589
877
-53
518
1015
474
467
827
1257
131
748
924
261
602
1042
139
774
522
695
529
590
847
546
343
791
476
30
153
376
-289
54
-275
-655
55
-331
-668
196
-412
-702
89
-110
-793
-558
-508
-1340
-1384
-1806
-2370
-2455
-2651
-2592
-2575
-2073
-1787
-1499
-456
-427
-169
330
936
992
1032
1493
1535
1028
1310
1413
594
949
1459
742
749
535
64
627
109
-662
-318
-698
-1056
-1018
-1482
-1160
-1468
-1503
-723
-950
-1139
-328
-58
-82
-606
-96
-139
-147
84
-205
-264
118
-105
-473
-425
-232
-247
-169
-134
91
-147
16
439
397
0
200
922
263
483
395
355
337
557
27
56
475
247
-130
507
167
-247
207
636
-96
-118
648
742
574
691
1063
848
952
1051
1074
960
923
878
730
954
548
446
778
1034
433
364
1195
910
630
963
869
772
629
841
989
669
663
963
690
440
670
351
705
687
235
67
636
380
-84
299
531
12
480
241
106
598
265
428
593
194
366
213
796
242
8
600
575
304
491
421
329
584
499
352
212
497
624
230
528
402
361
599
371
13
167
395
335
356
348
374
245
133
269
231
-174
499
589
42
199
214
79
383
-29
212
109
50
251
123
142
2
288
148
289
106
116
141
314
287
-95
102
278
-110
171
326
-36
77
182
56
49
57
63
71
-37
223
-257
123
332
68
-102
200
3
-95
16
247
75
59
10
-77
-83
30
-83
-207
110
201
-251
-91
178
-235
-257
57
-126
-195
-241
-240
-53
-130
-406
-255
-22
-388
-267
-320
-10
-118
-265
-111
-36
-373
-583
-289
-226
-551
-236
-113
-394
-366
-403
-418
-486
-357
-568
-143
-274
-571
-508
-529
-306
-662
-603
-283
-433
-616
-346
-566
-733
-451
-674
-592
-525
-611
-501
-584
-465
-628
-811
-409
-419
-816
-502
-430
-764
-578
-447
-869
-624
-374
-833
-571
-531
-706
-643
-362
-500
-609
-659
-323
-623
-512
-280
-907
-453
-321
-647
-647
-522
-362
-542
-498
-436
-622
-544
-340
-397
-336
-463
-441
-301
-501
-467
-436
-535
-446
-304
-537
-491
-387
-432
-435
-474
-472
-290
-467
-454
-422
-400
-345
-348
-379
-566
-463
-422
-324
-311
-322
-437
-255
-110
-259
-448
-462
-161
-270
-300
-289
-428
-319
-297
-357
-463
-381
-339
-324
-283
-353
-296
-177
-265
-136
-378
-384
-110
-255
-259
-146
-186
-184
-39
-112
-424
-311
-34
-251
-210
131
-278
-196
-4
-416
-353
-166
-122
-287
-40
-96
-449
-80
-51
-405
-293
-196
-148
-39
-234
-100
-174
-270
-4
-230
-260
-103
-225
-87
53
-247
-262
59
