9
8
9
9
10
10
10
9
9
10
10
11
12
10
10
9
10
11
11
12
12
10
10
10
10
11
11
11
10
12
12
11
10
10
10
9
9
9
9
9
9
8
9
9
9
10
10
10
10
11
12
13
12
10
10
9
9
10
11
10
11
10
10
11
11
11
9
8
6
8
9
8
8
7
8
8
10
9
8
7
8
10
8
7
5
6
7
6
7
7
9
10
8
7
5
5
5
6
5
4
4
5
3
2
2
5
6
4
2
0
1
1
2
2
2
2
1
1
2
2
3
2
2
1
1
1
1
2
1
1
1
-1
0
1
1
1
1
1
0
-1
0
0
0
0
0
0
0
0
0
0
-1
-2
-2
-1
0
-2
-2
-3
-4
-3
-3
-4
-4
-4
-2
-3
-3
-2
-2
-1
-1
-2
-2
-2
-1
-2
-3
-3
-2
-2
-1
-2
-2
-3
-4
-4
-4
-3
-2
-4
-2
-3
-3
-3
-3
-4
-5
-4
-5
-6
-6
-6
-5
-6
-4
-5
-4
-4
-6
-6
-6
-6
-5
-5
-6
-6
-6
-5
-5
-5
-3
-3
-3
-4
-4
-5
-6
-4
-5
-3
-4
-4
-4
-5
-5
-6
-4
-4
-4
-5
-5
-4
-4
-3
-4
-5
-4
-3
-1
-2
-3
-3
-3
-3
-2
-2
-2
-2
1
-1
0
0
0
0
2
3
4
3
4
4
4
4
4
4
3
4
3
3
3
4
3
4
3
3
2
2
3
4
4
4
4
3
3
5
3
4
3
3
3
4
2
2
1
2
0
1
1
0
1
1
1
1
1
1
2
3
3
3
2
1
1
1
2
2
2
2
2
2
1
2
2
2
2
2
2
2
3
3
3
2
2
3
4
3
4
3
3
3
3
4
3
2
2
2
4
7
7
5
4
4
5
5
5
5
6
3
4
5
5
6
5
4
3
4
4
4
4
3
2
1
2
2
2
3
2
1
0
1
1
3
4
4
2
2
1
2
2
1
4
2
2
2
3
3
2
2
3
2
2
3
3
3
4
5
5
5
5
6
7
5
6
6
7
7
7
6
5
6
5
5
5
5
3
2
3
3
4
4
3
4
4
4
4
4
3
4
4
4
3
4
4
4
5
3
3
4
5
5
4
5
4
6
6
4
4
4
4
2
3
4
6
6
5
6
6
7
7
6
6
5
4
6
5
5
5
5
4
4
3
5
5
7
6
4
4
2
3
4
3
4
4
4
5
6
6
5
5
4
5
5
4
5
4
3
4
3
3
3
4
3
4
3
4
4
4
4
3
3
2
2
5
4
4
4
4
5
5
4
2
3
2
2
3
3
3
2
3
2
0
0
0
2
1
1
0
2
1
1
1
1
2
2
3
2
3
3
2
2
4
4
4
6
6
5
5
5
7
7
7
6
6
7
7
8
8
8
9
9
7
8
10
11
11
9
8
8
6
7
6
7
7
7
6
5
6
8
8
6
6
6
7
7
9
9
8
8
8
9
9
10
9
8
7
6
6
8
9
8
8
7
7
8
9
9
9
9
9
8
7
7
8
9
10
10
9
10
10
9
9
8
8
9
10
10
9
8
8
9
11
11
11
11
10
12
11
13
14
15
13
13
12
12
13
14
15
13
13
13
14
15
16
17
16
15
16
16
17
17
17
16
15
14
14
15
16
15
16
15
15
14
14
15
15
14
13
14
15
17
16
16
16
17
16
16
16
17
17
16
15
15
17
16
16
17
16
16
18
18
16
16
14
14
15
15
16
16
15
16
15
15
15
14
14
12
13
13
13
14
14
13
12
13
13
12
13
13
11
12
12
12
11
11
13
12
11
12
12
12
13
15
13
12
13
14
13
13
12
13
13
13
13
13
13
15
15
14
14
14
15
14
15
13
15
14
15
15
14
14
14
13
14
14
13
13
12
13
13
13
11
11
10
10
11
11
11
10
11
11
11
11
11
13
12
12
12
13
13
13
15
14
14
12
12
13
13
12
10
9
8
9
9
10
12
13
12
11
9
8
9
10
10
8
7
7
8
10
8
8
7
7
5
5
5
5
6
5
3
2
2
2
3
2
1
3
3
3
5
4
5
4
3
4
4
3
3
2
2
1
1
2
2
2
3
3
3
3
1
1
1
0
-1
-1
-1
0
0
-1
-1
-2
-1
-1
-1
-1
-1
-1
0
0
1
1
1
1
1
1
1
3
2
1
2
3
3
4
4
4
3
3
3
3
4
4
3
2
2
2
3
4
3
2
4
2
4
5
4
4
3
3
2
1
3
4
4
3
2
3
4
5
5
5
5
4
5
4
5
4
6
4
4
5
2
3
4
3
2
4
4
3
4
4
4
6
6
6
6
6
5
4
5
4
5
6
6
4
5
4
5
6
5
3
3
2
1
3
4
4
3
4
3
2
3
4
4
3
4
4
4
4
4
4
4
2
2
2
3
2
2
3
3
3
2
2
2
4
3
2
2
3
4
5
3
3
4
3
2
3
2
3
3
2
3
3
3
4
3
4
3
3
4
3
3
2
2
2
2
3
3
2
2
2
2
2
1
2
0
-1
-1
-2
-1
0
0
-1
-2
-3
-2
-1
-2
-3
-3
-5
-6
-6
-5
-4
-3
-3
-4
-4
-4
-3
-1
-3
-4
-5
-5
-4
-2
-2
-3
-2
-3
-5
-5
-7
-7
-8
-7
-8
-7
-7
-5
-6
-6
-7
-8
-6
-7
-6
-8
-9
-9
-10
-11
-11
-11
-10
-11
-11
-12
-12
-10
-10
-10
-10
-11
-12
-10
-11
-11
-10
-10
-9
-11
-10
-9
-10
-10
-9
-8
-9
-11
-10
-10
-9
-9
-10
-9
-10
-10
-9
-8
-8
-8
-9
-10
-10
-12
-13
-12
-11
-12
-13
-13
-14
-12
-10
-11
-12
-12
-12
-12
-12
-11
-12
-12
-10
-11
-11
-10
-10
-10
-10
-11
-12
-11
-10
-10
-10
-12
-13
-14
-12
-11
-9
-9
-10
-11
-10
-10
-10
-9
-10
-9
-10
-11
-11
-10
-10
-9
-10
-10
-11
-11
-11
-10
-9
-11
-11
-11
-10
-9
-8
-8
-9
-9
-10
-9
-9
-8
-7
-6
-6
-6
-6
-5
-5
-5
-4
-5
-4
-5
-4
-5
-4
-5
-4
-4
-4
-5
-5
-4
-3
-3
-4
-3
-3
-3
-3
-3
-4
-3
-2
-1
-3
-1
-1
-1
-1
0
0
0
0
0
-1
-1
-1
-1
-1
-1
0
0
1
0
0
2
1
1
1
2
1
1
2
1
1
3
3
2
2
3
3
4
4
3
4
4
5
6
6
6
6
7
6
7
7
7
9
9
11
8
9
8
9
9
9
10
10
10
10
12
12
12
10
9
8
9
11
12
12
12
12
10
10
11
12
14
14
14
14
15
15
16
16
16
16
14
15
16
16
15
16
17
17
16
16
15
15
16
14
15
14
14
15
14
13
13
12
13
13
13
13
13
14
14
14
15
15
15
13
14
15
16
16
17
16
15
16
16
16
17
16
17
17
15
16
16
18
18
18
18
16
15
16
18
18
17
17
17
19
19
17
18
17
17
17
17
18
18
18
18
17
16
16
16
15
16
17
17
17
16
16
16
16
16
16
16
15
16
16
15
15
14
15
15
13
13
12
12
15
17
15
13
13
13
14
13
12
12
12
11
11
10
10
10
10
10
10
11
9
9
8
7
8
9
8
8
8
7
8
8
7
6
7
7
6
6
6
5
5
5
7
6
6
6
6
4
3
2
3
2
3
2
1
0
-1
-1
-1
1
1
1
1
0
1
2
1
0
0
-1
-1
-2
-1
0
1
1
0
-2
-2
-2
-3
-1
0
-1
-3
-4
-3
-1
-3
-4
-4
-4
-5
-4
-3
-4
-3
-2
-3
-3
-4
-4
-3
-3
-4
-3
-3
-3
-1
-3
-2
-2
-1
-2
-3
-3
-2
-5
-4
-5
-5
-5
-5
-5
-6
-6
-8
-8
-8
-8
-9
-8
-8
-7
-7
-6
-7
-10
-9
-8
-8
-7
-8
-9
-9
-10
-9
-10
-10
-10
-10
-11
-11
-10
-10
-10
-10
-12
-12
-14
-12
-11
-13
-12
-12
-12
-11
-11
-11
-11
-11
-12
-13
-12
-12
-11
-12
-13
-14
-16
-15
-15
-15
-16
-17
-15
-17
-17
-17
-17
-16
-16
-17
-17
-16
-16
-15
-16
-17
-18
-18
-18
-16
-16
-16
-16
-18
-19
-20
-18
-17
-19
-20
-21
-20
-20
-19
-18
-20
-19
-19
-19
-20
-20
-20
-21
-20
-20
-20
-20
-21
-22
-22
-22
-22
-22
-22
-21
-20
-20
-21
-21
-21
-22
-22
-24
-23
-23
-23
-21
-22
-21
-23
-23
-22
-21
-20
-20
-20
-21
-21
-22
-22
-21
-20
-22
-23
-24
-25
-23
-22
-22
-23
-24
-24
-24
-23
-22
-22
-20
-21
-22
-23
-20
-19
-18
-18
-20
-21
-21
-19
-20
-19
-19
-19
-17
-18
-16
-17
-16
-17
-17
-18
-19
-19
-19
-19
-19
-17
-17
-16
-15
-16
-17
-17
-17
-16
-16
-15
-16
-16
-16
-16
-15
-15
-16
-18
-17
-18
-20
-18
-17
-16
-16
-18
-18
-17
-16
-17
-17
-17
-16
-16
-15
-16
-16
-16
-17
-17
-18
-18
-17
-16
-16
-18
-19
-20
-18
-16
-17
-17
-18
-19
-18
-17
-17
-16
-15
-17
-17
-16
-16
-16
-15
-13
-15
-15
-14
-16
-16
-15
-14
-15
-15
-15
-15
-13
-14
-14
-15
-14
-14
-15
-16
-16
-15
-15
-15
-15
-14
-14
-15
-17
-17
-17
-17
-17
-16
-17
-18
-17
-17
-16
-16
-16
-15
-15
-14
-14
-15
-15
-14
-14
-13
-13
-14
-14
-14
-14
-12
-14
-14
-16
-17
-15
-15
-14
-15
-15
-15
-14
-14
-16
-15
-16
-14
-15
-16
-18
-17
-15
-15
-15
-16
-18
-17
-18
-17
-18
-18
-18
-16
-16
-17
-17
-16
-16
-16
-18
-19
-19
-19
-16
-16
-14
-14
-16
-15
-17
-17
-17
-15
-15
-16
-17
-16
-14
-13
-14
-16
-16
-17
-17
-16
-17
-15
-14
-14
-15
-16
-15
-15
-13
-13
-12
-13
-14
-14
-14
-13
-14
-14
-14
-13
-13
-12
-13
-13
-14
-12
-13
-12
-13
-13
-12
-13
-14
-16
-14
-14
-14
-15
-15
-13
-12
-13
-13
-13
-14
-12
-12
-14
-16
-16
-15
-16
-16
-14
-14
-14
-15
-15
-16
-15
-15
-15
-14
-14
-14
-14
-14
-15
-15
-14
-15
-14
-15
-15
-15
-15
-15
-15
-15
-15
-17
-17
-18
-17
-16
-16
-15
-16
-16
-16
-17
-18
-17
-17
-18
-18
-17
-17
-15
-17
-16
-15
-15
-16
-16
-17
-16
-16
-16
-18
-16
-14
-14
-14
-14
-14
-14
-14
-15
-15
-15
-14
-14
-13
-14
-12
-13
-11
-10
-12
-14
-14
-13
-13
-12
-13
-14
-14
-15
-14
-15
-14
-13
-11
-13
-13
-14
-13
-12
-11
-11
-13
-12
-12
-11
-10
-11
-12
-13
-12
-14
-14
-14
-15
-14
-13
-13
-11
-11
-11
-11
-12
-12
-12
-13
-13
-13
-13
-12
-12
-12
-13
-12
-13
-13
-13
-13
-12
-12
-11
-11
-10
-10
-10
-11
-9
-8
-9
-10
-10
-9
-8
-8
-7
-7
-8
-8
-8
-8
-8
-7
-8
-8
-7
-7
-6
-7
-6
-7
-8
-10
-10
-8
-9
-8
-7
-7
-6
-7
-7
-7
-8
-9
-10
-9
-9
-8
-8
-6
-6
-5
-7
-6
-6
-7
-6
-5
-7
-6
-7
-8
-8
-10
-8
-7
-7
-7
-9
-8
-9
-8
-7
-7
-7
-8
-9
-10
-9
-6
-7
-6
-4
-6
-7
-7
-7
-7
-8
-8
-8
-9
-8
-9
-8
-6
-5
-7
-8
-8
-6
-7
-8
-8
-8
-7
-8
-6
-5
-5
-4
-6
-6
-7
-8
-8
-7
-6
-6
-7
-7
-7
-7
-7
-8
-7
-8
-8
-8
-7
-7
-8
-7
-9
-9
-8
-7
-7
-6
-7
-6
-8
-7
-8
-8
-8
-8
-6
-8
-7
-9
-9
-8
-7
-5
-7
-8
-7
-7
-6
-6
-6
-5
-7
-6
-6
-7
-6
-6
-5
-7
-7
-7
-7
-6
-4
-5
-5
-4
-5
-4
-4
-4
-6
-7
-8
-8
-7
-7
-7
-6
-8
-9
-8
-7
-6
-6
-7
-8
-9
-7
-7
-5
-5
-5
-6
-8
-8
-8
-8
-8
-10
-10
-10
-11
-9
-10
-10
-10
-12
-10
-11
-11
-11
-10
-9
-10
-10
-11
-11
-12
-10
-11
-11
-11
-10
-10
-10
-10
-11
-10
-11
-11
-9
-8
-8
-8
-9
-10
-10
-10
-8
-7
-7
-7
-9
-9
-9
-9
-9
-8
-8
-7
-8
-9
-10
-9
-8
-8
-7
-7
-8
-9
-10
-9
-9
-9
-8
-9
-8
-8
-8
-7
-7
-6
-8
-9
-9
-8
-8
-8
-9
-9
-9
-9
-10
-10
-10
-10
-11
-12
-12
-11
-10
-11
-11
-11
-12
-11
-12
-12
-12
-12
-12
-11
-12
-12
-11
-12
-11
-11
-11
-11
-11
-11
-12
-10
-12
-12
-12
-12
-11
-12
-13
-11
-12
-12
-12
-11
-12
-12
-12
-12
-12
-11
-11
-11
-12
-14
-15
-14
-13
-12
-13
-14
-13
-12
-11
-11
-11
-11
-12
-12
-13
-13
-13
-12
-11
-12
-11
-11
-10
-10
-11
-12
-12
-11
-10
-10
-10
-11
-12
-12
-12
-11
-11
-12
-12
-13
-12
-13
-12
-13
-14
-13
-13
-13
-12
-11
-12
-12
-11
-12
-13
-12
-11
-11
-13
-13
-13
-11
-11
-10
-10
-10
-11
-10
-11
-12
-11
-10
-10
-11
-11
-11
-9
-8
-8
-9
-10
-10
-9
-11
-10
-10
-10
-11
-11
-12
-12
-12
-12
-12
-13
-12
-11
-12
-11
-11
-10
-11
-12
-11
-11
-10
-10
-10
-9
-8
-9
-9
-9
-9
-9
-9
-9
-10
-11
-10
-10
-9
-9
-10
-11
-10
-8
-7
-6
-6
-7
-8
-9
-9
-9
-7
-6
-6
-6
-7
-7
-6
-5
-6
-5
-6
-6
-5
-5
-4
-4
-4
-4
-5
-6
-6
-5
-3
-3
-2
-3
-3
-2
-2
-2
-3
-3
-3
-2
-2
-2
-2
-2
-3
-3
-4
-5
-4
-3
-5
-5
-7
-6
-5
-3
-3
-5
-4
-5
-3
-2
-3
-3
-4
-3
-3
-2
-3
-2
-2
-2
-3
-3
-3
-3
-3
-4
-4
-5
-4
-4
-6
-6
-7
-8
-7
-5
-6
-6
-7
-6
-6
-6
-5
-5
-4
-5
-6
-6
-6
-5
-5
-5
-6
-6
-6
-5
-6
-6
-6
-6
-7
-8
-8
-7
-6
-7
-6
-6
-7
-8
-7
-8
-7
-8
-9
-9
-9
-9
-9
-10
-9
-11
-10
-11
-12
-11
-12
-11
-11
-11
-11
-10
-11
-11
-11
-12
-12
-12
-11
-11
-12
-12
-13
-11
-11
-10
-11
-12
-13
-13
-12
-10
-10
-11
-12
-12
-12
-12
-12
-11
-11
-12
-12
-12
-13
-12
-12
-11
-11
-12
-14
-14
-14
-14
-13
-13
-12
-14
-13
-13
-12
-13
-14
-15
-12
-11
-9
-10
-12
-12
-11
-10
-11
-10
-9
-9
-10
-11
-10
-9
-7
-8
-10
-10
-11
-10
-8
-9
-10
-10
-10
-10
-10
-10
-10
-11
-11
-10
-9
-9
-9
-11
-9
-10
-10
-11
-10
-10
-10
-10
-10
-9
-10
-11
-11
-9
-9
-8
-7
-7
-7
-7
-7
-9
-8
-7
-7
-7
-5
-4
-5
-4
-6
-6
-6
-6
-7
-6
-7
-7
-7
-8
-9
-7
-7
-8
-6
-6
-8
-8
-9
-9
-9
-10
-10
-11
-9
-8
-6
-6
-6
-6
-7
-7
-7
-6
-6
-5
-5
-4
-3
-4
-4
-5
-6
-7
-7
-6
-4
-5
-5
-6
-5
-5
-4
-4
-2
-2
-4
-5
-5
-5
-3
-4
-5
-5
-6
-3
-5
-4
-5
-6
-5
-6
-6
-7
-6
-6
-6
-5
-5
-6
-6
-4
-3
-3
-3
-2
-2
-3
-4
-4
-5
-5
-5
-5
-5
-5
-5
-5
-6
-6
-6
-7
-8
-8
-9
-8
-7
-6
-6
-7
-6
-7
-7
-8
-6
-7
-8
-8
-8
-8
-8
-8
-8
-8
-8
-10
-11
-10
-10
-10
-9
-9
-10
-9
-9
-9
-9
-9
-10
-10
-10
-9
-9
-9
-10
-9
-10
-9
-8
-8
-8
-10
-10
-11
-9
-8
-9
-9
-9
-9
-9
-9
-10
-8
-10
-10
-8
-8
-7
-7
-7
-7
-7
-8
-8
-8
-6
-5
-5
-5
-5
-5
-6
-5
-5
-5
-6
-6
-6
-6
-6
-6
-5
-3
-3
-4
-6
-6
-6
-7
-6
-7
-8
-7
-8
-8
-8
-8
-8
-9
-8
-10
-9
-8
-10
-11
-10
-11
-12
-12
-11
-12
-9
-10
-9
-10
-10
-11
-10
-9
-9
-9
-9
-9
-11
-9
-11
-11
-9
-10
-10
-10
-9
-9
-9
-9
-9
-10
-9
-9
-10
-10
-10
-9
-9
-9
-9
-9
-10
-10
-9
-10
-10
-10
-9
-8
-8
-9
-8
-7
-7
-7
-8
-9
-7
-7
-6
-5
-5
-5
-4
-5
-5
-5
-4
-3
-4
-4
-4
-4
-5
-4
-5
-6
-6
-5
-4
-5
-4
-4
-5
-6
-5
-4
-3
-4
-4
-5
-6
-6
-6
-4
-3
-3
-4
-5
-6
-7
-6
-7
-7
-6
-6
-5
-6
-7
-6
-6
-6
-4
-6
-5
-6
-7
-5
-4
-3
-1
-2
-3
-5
-6
-4
-5
-4
-4
-5
-6
-6
-6
-5
-4
-4
-5
-7
-7
-6
-3
-2
-2
-2
-1
-4
-5
-4
-3
-2
-2
-3
-4
-4
-2
-2
-3
-3
-3
-3
-4
-4
-2
-3
-3
-2
-4
-5
-4
-3
-1
-1
-1
-2
-1
-1
-3
-3
-2
-2
-1
0
1
1
1
1
1
2
3
3
3
1
1
2
3
3
3
3
4
5
3
4
4
4
5
5
4
3
5
6
4
6
5
4
5
6
5
6
7
8
7
6
6
8
6
4
4
4
4
5
4
4
4
4
4
4
4
4
3
4
4
3
3
4
5
7
7
5
5
7
7
8
7
6
7
6
7
7
7
8
10
11
10
8
9
10
11
11
11
11
11
12
12
14
14
15
15
15
14
14
13
13
16
16
17
17
16
16
15
16
17
16
15
15
14
14
14
14
15
15
15
14
13
13
13
11
10
11
11
12
12
12
11
11
13
13
12
11
9
8
8
7
7
7
6
6
6
5
7
8
8
8
7
5
5
4
5
5
6
5
5
5
5
7
6
5
5
3
3
3
3
4
3
2
2
0
2
2
3
1
0
0
1
0
1
0
2
2
2
4
4
5
6
6
7
6
7
5
5
5
5
6
6
7
8
9
7
8
8
7
6
7
6
5
4
3
5
4
3
2
-1
-1
0
1
0
0
-1
-4
-5
-4
-4
-5
-4
-6
-6
-6
-6
-6
-6
-6
-6
-6
-7
-8
-6
-6
-7
-7
-7
-7
-8
-7
-8
-8
-9
-9
-10
-9
-8
-8
-8
-7
-8
-7
-8
-7
-8
-10
-10
-10
-10
-10
-9
-9
-8
-8
-6
-5
-6
-5
-6
-6
-8
-9
-7
-7
-8
-8
-8
-8
-8
-7
-8
-8
-9
-9
-10
-9
-10
-10
-10
-10
-10
-10
-9
-9
-9
-9
-10
-9
-9
-9
-9
-8
-9
-8
-9
-6
-6
-6
-6
-5
-5
-5
-5
-3
-3
-3
-3
-2
-1
-1
0
-1
-1
-2
-1
-1
2
3
3
1
0
1
0
1
2
1
0
-2
-2
-2
-2
-2
-1
-1
-1
-2
-1
-2
-1
-2
-2
-3
-2
0
-1
0
0
-2
-2
-2
-3
-3
-3
-3
-3
-3
-3
-3
-3
-4
-5
-5
-5
-5
-5
-5
-5
-4
-4
-5
-4
-5
-5
-5
-6
-6
-5
-5
-6
-6
-7
-8
-8
-8
-7
-6
-6
-6
-7
-7
-7
-6
-6
-5
-5
-4
-4
-4
-3
-3
-3
-3
-3
-1
0
1
1
-1
0
0
1
2
3
2
2
2
3
4
5
6
5
6
6
6
5
7
7
5
5
5
6
6
6
7
7
6
5
6
5
6
6
6
5
6
6
6
6
4
5
5
4
6
5
5
4
6
3
3
4
6
5
4
4
4
4
3
2
1
1
1
2
2
2
3
3
3
4
4
4
4
5
4
4
5
6
5
6
6
3
3
5
5
5
6
6
5
3
2
3
3
3
3
4
3
3
2
3
2
4
3
2
-1
-1
0
0
1
-1
-2
-3
-4
-3
-3
-3
-4
-2
-3
-4
-3
-3
-3
-3
-3
-3
-2
-2
-2
-2
-2
-2
-3
-2
-2
-3
-2
-2
-2
-2
-1
0
-1
-2
-2
-1
0
0
1
-1
0
0
0
2
3
4
4
4
4
4
6
4
5
5
4
3
4
5
4
4
4
3
2
0
1
1
0
-1
-1
-3
-4
-3
-3
-2
-3
-3
-5
-6
-6
-6
-3
-4
-4
-5
-6
-7
-7
-6
-4
-4
-4
-4
-5
-5
-5
-4
-4
-4
-4
-4
-2
-1
1
1
0
0
0
1
0
0
0
0
0
0
0
1
2
3
1
0
1
1
2
1
1
1
1
1
2
3
4
3
2
2
2
4
3
2
1
1
1
1
0
1
4
4
4
3
3
3
2
1
1
2
0
1
0
1
1
0
-1
-1
0
0
-1
-2
-1
0
-1
0
-1
-1
-1
-1
-2
-1
1
-1
0
0
1
1
1
2
2
4
4
4
4
6
7
7
7
6
7
7
7
7
9
12
13
12
12
12
13
14
13
10
11
11
11
11
12
11
11
11
12
11
11
12
11
10
11
11
13
14
12
13
12
13
12
13
13
15
14
14
13
12
12
14
14
14
14
13
13
13
13
13
13
12
12
12
14
14
12
10
10
10
10
10
12
11
10
9
10
12
12
12
11
11
11
11
11
12
14
15
15
14
14
14
15
16
15
17
18
18
19
20
20
21
23
22
22
22
22
22
22
23
23
24
22
23
21
21
21
22
23
20
21
20
19
20
20
20
20
19
19
18
18
19
20
20
19
20
21
20
20
20
19
19
19
17
18
20
20
20
20
19
20
20
20
21
20
20
20
20
19
20
18
19
18
16
16
18
19
20
18
19
18
18
18
19
17
18
19
19
19
19
19
18
17
16
16
17
17
15
15
12
13
11
12
11
10
11
10
9
9
8
9
9
8
8
10
10
8
9
8
9
8
8
8
7
6
6
6
7
8
8
6
7
6
6
6
7
8
7
7
7
5
7
7
7
6
6
7
9
9
10
9
7
5
5
7
8
9
7
6
6
6
6
8
9
8
7
7
7
9
8
7
7
6
5
4
4
5
6
7
6
5
5
6
6
5
5
3
2
0
0
-1
0
1
1
-1
0
1
0
-1
-1
-1
-3
-2
-3
-1
-1
-1
-1
-3
0
0
0
1
-1
-1
0
1
3
3
3
1
1
0
1
3
4
3
4
2
1
3
4
5
3
3
2
2
4
4
4
5
4
4
2
3
4
5
4
4
4
5
5
6
7
7
7
7
8
8
9
9
8
9
7
8
8
8
8
7
7
7
6
7
7
7
8
8
7
6
6
7
7
7
6
6
9
8
8
7
8
9
7
6
4
4
5
6
7
7
7
7
6
7
9
8
7
6
5
5
5
5
4
6
6
6
4
3
4
5
5
6
5
5
5
5
7
7
7
7
7
7
6
5
5
6
7
7
7
7
8
8
7
6
6
7
8
8
7
6
7
6
7
5
5
5
3
3
5
5
5
4
1
1
1
0
0
0
1
1
1
2
2
4
5
4
4
5
4
6
6
6
6
5
6
5
6
7
7
8
7
6
9
8
8
8
8
8
8
8
9
10
11
11
10
11
12
12
12
12
12
12
13
13
13
12
10
8
8
8
8
8
7
7
6
5
4
4
4
5
3
3
4
4
6
5
3
3
3
4
3
4
5
4
4
5
5
6
6
5
5
5
4
5
6
5
5
4
4
4
6
5
6
3
2
1
1
2
2
4
4
4
3
4
4
5
5
6
7
7
8
10
10
11
10
9
9
10
10
10
10
10
11
10
10
11
10
11
10
9
9
10
11
12
10
10
9
10
9
9
9
8
8
7
7
7
5
6
5
5
4
4
4
3
3
2
0
1
1
1
1
2
2
3
4
3
4
5
5
5
6
6
7
7
6
4
5
3
3
3
3
4
3
2
3
2
0
1
0
0
-1
-1
0
0
0
1
2
2
2
1
0
0
-1
-2
-2
-2
-2
-1
-1
0
-2
-2
-3
-1
-1
-1
-1
-2
-1
0
2
4
4
3
4
4
6
5
6
7
7
7
7
7
8
9
9
8
6
7
6
6
5
6
6
7
7
7
6
7
7
7
7
7
6
5
6
6
7
7
6
4
3
4
4
6
6
7
8
7
8
9
9
11
10
10
9
10
11
11
12
11
11
10
11
10
11
11
12
12
12
13
12
12
11
13
15
14
12
12
12
11
11
10
10
9
7
7
7
7
8
8
7
7
6
6
8
8
8
9
9
11
12
12
12
12
10
11
10
11
10
9
9
9
9
10
10
9
10
9
9
9
11
10
11
12
14
14
14
15
15
16
16
17
17
16
17
17
18
19
21
20
20
19
17
18
18
18
18
17
18
17
17
17
18
18
17
17
17
16
17
17
18
17
17
17
17
17
16
15
13
11
11
11
13
12
11
11
9
9
9
9
9
10
9
9
10
9
8
9
9
8
7
8
7
8
7
7
6
7
7
7
7
7
7
7
8
10
9
10
9
7
7
7
7
8
9
9
10
9
10
9
11
11
13
12
12
10
10
10
10
10
10
8
8
7
7
7
7
7
7
6
5
4
5
5
4
4
5
6
5
5
4
6
5
6
6
5
6
5
6
7
7
6
6
4
6
5
5
5
5
5
6
6
5
4
3
4
3
3
1
1
1
1
1
1
0
-1
0
0
0
-1
-1
-2
-4
-4
-3
-3
-3
-4
-4
-5
-4
-4
-4
-5
-4
-3
-2
-1
1
2
2
2
4
5
6
5
7
8
9
9
9
10
9
10
8
8
7
8
6
6
6
5
5
6
6
6
5
5
5
5
4
6
7
7
7
6
5
6
6
7
7
7
7
7
8
9
9
10
10
9
10
9
9
9
9
10
10
8
9
9
9
9
10
10
9
11
11
11
11
11
10
10
11
10
11
11
12
11
11
10
11
11
11
12
13
13
12
12
11
14
15
15
15
14
14
13
14
12
11
11
11
9
6
6
6
6
7
5
4
3
3
4
4
5
5
5
6
6
6
7
9
8
8
8
9
9
10
11
11
11
12
13
13
14
15
14
16
17
18
17
18
16
16
16
16
17
15
15
13
13
14
14
15
17
17
17
17
16
16
17
17
18
18
18
17
18
19
20
22
20
20
21
21
22
23
23
24
23
23
23
24
26
26
25
24
24
24
23
24
23
22
22
21
20
20
22
24
23
22
23
23
24
23
23
23
24
23
23
24
24
25
24
24
24
23
22
22
22
23
23
23
22
22
22
22
21
20
20
21
21
20
19
19
20
21
22
21
19
19
18
19
19
18
19
20
20
19
19
20
19
20
21
21
19
19
18
19
21
21
20
20
21
22
21
22
23
23
24
23
22
21
22
23
22
23
21
21
22
22
22
21
20
20
21
20
19
19
19
19
20
20
19
19
18
17
18
18
16
15
14
14
15
15
14
14
13
12
12
13
14
14
14
12
12
12
12
13
12
12
13
12
11
11
12
12
11
11
10
11
12
13
15
16
15
15
15
14
14
15
14
14
14
13
14
14
15
15
15
14
13
13
13
15
16
17
17
18
17
19
20
20
20
20
21
20
20
20
21
21
23
22
22
20
20
20
20
21
21
21
20
20
20
20
20
19
18
20
19
21
23
21
21
21
21
22
22
23
21
22
21
22
23
24
26
27
26
23
23
24
24
26
25
24
23
24
25
25
26
28
26
25
25
23
23
24
24
22
21
19
19
20
20
19
18
19
19
18
20
21
21
21
21
21
21
22
24
24
25
25
24
24
23
24
23
22
23
21
22
21
20
20
20
21
23
23
23
22
21
21
21
20
21
21
21
20
20
20
20
21
20
21
21
21
20
18
18
18
17
17
17
16
16
15
16
16
16
18
18
18
16
16
16
17
18
18
17
16
15
16
17
17
17
17
15
13
13
13
14
15
15
14
15
16
17
18
19
19
18
18
18
20
20
20
21
21
23
22
23
22
22
21
21
21
20
20
20
19
18
18
18
19
18
19
20
18
18
18
18
18
18
17
17
15
15
16
15
14
14
15
15
16
16
16
17
18
19
18
18
18
20
18
17
17
18
18
19
19
18
17
17
16
15
16
15
14
14
12
11
11
13
14
13
13
12
11
12
14
15
16
18
17
16
16
16
14
15
14
15
15
15
14
13
12
12
10
9
9
8
9
9
10
10
10
10
10
9
9
9
10
11
9
9
10
10
11
9
8
8
5
4
4
3
3
3
3
2
2
3
4
4
3
4
3
3
4
5
5
4
4
4
3
2
3
3
1
1
1
1
1
0
0
0
-1
-1
0
3
3
4
4
3
3
3
3
3
3
2
2
1
1
0
1
1
1
1
0
1
2
2
1
1
-1
-2
-1
-1
-1
0
-1
-1
-2
-2
-1
0
-1
-2
-4
-6
-7
-5
-4
-4
-4
-5
-7
-7
-7
-8
-10
-10
-10
-8
-7
-8
-7
-6
-5
-6
-8
-8
-8
-8
-8
-10
-10
-10
-10
-9
-10
-11
-9
-8
-7
-8
-8
-7
-6
-6
-5
-4
-3
-1
-3
-3
-2
1
1
1
1
0
2
2
1
1
2
3
3
3
4
4
5
5
6
5
5
5
5
6
5
6
6
7
8
9
9
8
7
6
6
7
8
9
7
8
8
8
9
10
9
8
6
5
5
4
4
4
3
3
4
5
5
4
2
2
2
2
3
4
5
5
5
4
4
6
8
9
7
7
7
8
10
10
11
12
10
10
10
10
11
11
11
11
11
11
11
10
11
10
10
10
10
9
9
9
10
11
12
11
11
11
10
10
9
9
10
10
9
9
9
9
10
11
12
11
13
12
12
11
11
10
10
9
9
9
10
10
11
9
7
7
7
8
7
7
5
5
5
5
3
3
4
5
6
7
7
8
9
8
8
6
6
7
7
7
6
6
6
8
8
8
7
7
6
7
10
11
11
12
10
9
9
10
10
10
9
7
6
6
6
5
7
5
5
4
4
4
4
6
6
6
7
8
8
8
8
7
8
9
8
8
9
9
10
10
10
11
10
10
8
6
8
7
9
9
10
9
8
8
8
9
8
7
8
6
8
7
8
9
9
9
9
9
9
9
10
9
9
8
8
7
7
7
8
9
8
9
10
11
11
10
9
10
11
12
11
11
11
10
10
11
10
11
11
7
6
7
9
9
7
6
6
6
7
8
10
9
8
6
5
6
7
8
9
7
7
7
7
7
7
5
3
2
2
4
6
4
3
4
2
2
2
3
4
4
3
4
5
7
8
7
6
5
6
6
5
5
4
3
3
5
5
6
6
7
6
4
4
5
6
6
6
5
6
7
8
7
8
7
8
9
10
10
11
11
10
9
9
11
11
9
9
9
8
8
8
9
10
11
9
9
10
12
13
13
11
12
13
14
16
15
15
14
15
13
14
13
13
13
13
13
14
14
14
13
14
14
15
18
18
19
19
20
21
22
22
20
21
21
20
21
20
21
21
19
19
21
22
21
21
21
21
21
21
21
21
21
20
21
21
22
22
24
25
24
25
23
23
24
24
23
23
23
21
22
21
22
23
21
21
22
24
25
24
24
24
25
25
25
26
25
26
25
25
23
23
23
22
22
21
21
22
24
26
26
25
25
25
25
26
25
25
25
25
25
26
27
27
27
27
26
25
23
25
25
25
23
22
24
24
25
26
26
26
27
26
26
27
27
29
27
26
25
27
27
30
29
28
26
25
25
24
24
23
22
23
24
23
23
24
24
23
24
23
23
24
24
23
24
25
25
25
24
23
22
22
22
22
22
22
22
22
22
22
23
22
22
21
20
21
23
23
23
24
24
26
25
26
25
23
23
23
24
23
23
22
23
23
23
23
22
24
23
23
23
23
24
24
24
22
22
21
20
21
21
22
22
20
19
20
21
20
20
20
19
19
19
20
21
22
22
21
21
22
23
22
22
22
21
20
21
22
22
22
20
19
19
19
20
21
21
21
21
21
21
19
21
21
21
18
18
19
20
22
22
22
21
18
19
17
17
16
16
16
16
16
15
14
14
14
15
15
15
14
14
14
14
14
15
16
15
15
16
14
15
14
15
14
13
12
11
12
12
12
12
12
13
13
13
13
14
15
13
13
11
13
14
15
15
14
13
12
11
12
12
12
11
10
9
8
8
9
10
10
10
10
10
10
10
11
12
12
11
13
14
15
16
17
17
18
18
18
19
17
17
15
14
14
15
14
14
15
15
15
17
18
20
19
20
19
20
19
21
21
22
23
23
24
24
25
23
23
22
21
21
21
20
21
21
22
22
25
26
25
24
26
25
26
26
26
24
25
25
25
28
27
26
27
27
27
26
27
26
27
27
26
27
27
27
27
27
28
29
31
30
29
29
29
29
29
27
25
24
25
27
28
28
29
28
27
28
30
29
29
29
29
32
30
30
31
32
32
30
29
30
30
31
33
33
32
31
31
31
32
32
30
29
30
28
28
29
29
28
25
25
26
26
29
30
30
28
28
27
28
30
30
28
26
25
25
28
27
28
28
27
27
27
28
30
28
28
28
29
29
29
31
30
28
27
28
30
31
32
33
33
34
34
35
36
34
33
33
33
33
34
35
34
33
34
34
31
31
31
32
33
32
32
32
34
35
36
37
37
37
36
35
35
38
40
37
36
35
37
37
36
37
39
39
38
37
36
35
35
35
33
31
30
32
33
35
33
33
33
33
34
35
35
31
30
29
29
32
33
34
32
29
30
32
32
32
32
32
29
26
26
26
26
26
22
20
19
21
23
23
21
21
20
18
17
20
23
21
16
15
14
17
19
20
20
17
14
14
15
17
17
17
14
13
11
12
14
14
11
7
5
2
3
6
5
4
1
-1
-6
-7
-5
-2
0
-13
-12
-17
-6
-10
-13
-16
-20
-15
-15
-16
-20
-21
-25
-20
-26
-23
-20
-22
-26
-30
-28
-26
-27
-32
-33
-31
-32
-33
-39
-33
-36
-32
-35
-39
-37
-37
-39
-39
-41
-43
-39
-44
-44
-50
-52
-50
-52
-55
-56
-59
-56
-61
-62
-66
-64
-66
-64
-69
-73
-75
-75
-67
-77
-71
-83
-78
-81
-80
-74
-76
-77
-83
-82
-86
-77
-82
-78
-88
-89
-90
-89
-85
-88
-91
-94
-100
-101
-99
-99
-95
-101
-103
-106
-105
-101
-104
-99
-106
-106
-107
-110
-105
-111
-104
-111
-110
-113
-115
-113
-111
-112
-113
-120
-121
-117
-123
-115
-128
-117
-133
-127
-131
-128
-128
-125
-128
-132
-132
-138
-131
-132
-136
-130
-142
-133
-137
-140
-133
-144
-130
-149
-135
-150
-136
-154
-138
-150
-147
-144
-159
-142
-162
-147
-153
-151
-149
-154
-155
-159
-159
-163
-156
-163
-157
-166
-167
-161
-170
-160
-169
-163
-173
-170
-178
-172
-179
-176
-177
-186
-181
-190
-183
-187
-191
-187
-198
-194
-203
-201
-204
-205
-209
-216
-218
-218
-214
-226
-221
-232
-230
-236
-238
-235
-240
-242
-243
-252
-246
-256
-242
-252
-247
-248
-250
-238
-253
-227
-245
-218
-230
-216
-214
-211
-197
-196
-180
-184
-172
-173
-156
-169
-143
-162
-140
-143
-151
-128
-153
-129
-144
-138
-144
-139
-151
-142
-153
-154
-146
-160
-149
-162
-163
-163
-158
-171
-151
-179
-154
-170
-168
-168
-174
-168
-172
-174
-187
-166
-198
-166
-199
-180
-195
-195
-196
-199
-195
-201
-192
-205
-193
-204
-197
-196
-192
-193
-179
-193
-167
-182
-160
-162
-145
-143
-130
-132
-116
-104
-105
-76
-92
-58
-71
-50
-45
-29
-29
-9
-13
5
8
13
26
27
37
38
47
46
62
56
68
71
68
83
75
88
89
95
93
101
95
104
108
97
119
98
119
108
112
111
113
108
115
108
110
113
108
115
109
108
108
104
103
108
95
108
94
105
90
105
88
102
90
91
95
89
98
87
96
86
102
82
104
82
95
90
88
94
90
92
95
97
91
102
89
104
95
100
100
98
104
99
108
101
110
100
109
103
108
106
107
112
104
112
108
110
106
108
111
109
108
111
108
114
104
112
106
115
105
113
108
107
114
103
117
104
112
106
107
100
105
102
103
102
97
103
99
96
100
95
92
97
88
93
86
86
87
85
81
83
77
76
77
68
72
68
64
66
57
60
58
55
53
50
47
48
40
38
39
31
39
26
34
25
33
25
25
30
17
37
15
34
19
30
29
27
35
25
40
28
46
32
48
41
49
50
49
55
56
61
59
68
60
76
64
77
72
78
77
76
80
76
86
72
89
71
80
70
72
69
63
63
52
56
38
50
28
34
21
14
11
0
-6
-14
-20
-31
-32
-50
-54
-63
-66
-78
-81
-97
-97
-112
-113
-122
-126
-135
-142
-150
-161
-159
-175
-164
-189
-185
-198
-203
-207
-215
-218
-227
-223
-251
-227
-260
-237
-252
-258
-248
-270
-251
-270
-250
-268
-244
-264
-251
-250
-256
-227
-244
-227
-224
-234
-203
-225
-192
-205
-184
-190
-178
-173
-168
-145
-163
-126
-156
-116
-138
-109
-115
-102
-101
-96
-89
-92
-77
-84
-67
-69
-68
-61
-62
-59
-49
-61
-43
-53
-45
-51
-47
-54
-47
-53
-52
-54
-64
-53
-71
-61
-78
-67
-85
-80
-94
-98
-103
-118
-120
-130
-139
-152
-159
-179
-173
-204
-194
-221
-229
-238
-262
-254
-287
-278
-302
-309
-316
-336
-339
-337
-363
-341
-371
-356
-368
-354
-363
-340
-353
-338
-318
-337
-286
-304
-267
-256
-235
-215
-182
-167
-140
-102
-100
-42
-34
5
40
53
88
117
141
167
201
204
240
245
253
287
277
300
298
291
290
286
273
270
256
231
230
185
179
146
123
100
71
35
12
-21
-54
-72
-116
-140
-174
-208
-225
-271
-279
-330
-342
-378
-397
-430
-463
-454
-517
-502
-557
-562
-583
-614
-605
-643
-654
-660
-681
-670
-676
-669
-655
-669
-612
-560
-573
-547
-547
-472
-409
-396
-345
-297
-237
-221
-164
-143
-26
9
18
64
71
140
170
189
219
260
238
257
238
246
292
270
262
246
212
202
201
169
178
142
102
92
53
22
33
-9
4
-39
-82
-85
-96
-105
-95
-114
-98
-112
-107
-106
-75
-48
-54
4
-44
43
28
75
112
118
172
167
208
200
271
242
300
273
282
294
269
270
257
228
204
141
147
72
87
-23
-46
-98
-211
-168
-338
-285
-437
-441
-547
-591
-630
-726
-689
-847
-798
-913
-895
-920
-930
-948
-873
-890
-921
-847
-962
-721
-749
-694
-636
-627
-516
-462
-419
-351
-171
-188
-108
-69
-63
136
137
192
266
275
310
361
327
420
477
425
458
416
386
455
400
413
403
341
307
305
229
248
226
171
178
109
45
63
74
31
44
-30
-50
8
-67
-22
1
-29
19
-15
-35
57
62
82
120
88
136
186
172
227
261
247
292
263
264
327
308
304
308
241
244
225
170
209
105
108
21
-56
-49
-183
-148
-272
-320
-418
-473
-544
-596
-658
-730
-760
-873
-858
-851
-887
-802
-900
-932
-911
-887
-768
-761
-717
-690
-636
-602
-531
-417
-325
-173
-213
-146
-98
12
136
196
266
312
341
340
408
467
559
599
555
557
530
561
600
608
604
574
510
465
454
431
443
422
350
289
205
175
192
165
141
92
-18
14
-23
-12
39
-36
-16
-31
-90
14
16
56
101
59
81
143
169
228
315
271
355
353
355
462
460
511
529
490
501
524
511
529
534
432
456
347
357
334
241
264
97
92
3
-99
-53
-225
-241
-323
-520
-423
-653
-634
-699
-824
-855
-918
-924
-944
-850
-925
-982
-917
-1085
-784
-805
-833
-645
-768
-606
-549
-531
-346
-196
-167
-138
-15
-93
258
237
331
436
450
460
571
540
675
797
732
743
738
676
810
782
776
784
719
639
653
592
608
627
524
481
406
323
420
307
315
286
168
200
109
133
162
169
96
109
72
57
199
98
211
205
148
232
236
266
395
392
361
453
373
512
536
530
586
586
529
561
576
532
615
519
425
507
280
454
340
240
282
138
47
100
-122
-71
-82
-449
-172
-537
-605
-414
-792
-696
-797
-891
-898
-810
-956
-814
-911
-1099
-873
-844
-853
-689
-743
-725
-509
-609
-463
-224
-213
-53
-19
-75
136
334
329
497
556
545
676
655
687
923
920
903
939
846
907
999
942
983
984
861
852
811
778
846
794
739
672
596
566
602
524
549
399
407
377
300
409
265
359
256
232
260
233
311
283
301
257
339
292
409
401
446
467
468
495
528
611
575
677
584
657
613
647
685
630
658
625
535
520
574
481
497
350
267
298
138
163
61
-4
-200
-174
-365
-434
-417
-608
-629
-745
-942
-737
-1028
-895
-762
-977
-962
-992
-1188
-696
-777
-839
-643
-744
-632
-408
-547
-251
40
-93
59
56
64
502
550
495
743
707
709
876
791
1012
1188
1061
1030
1052
985
1166
1188
1079
1169
1044
957
1045
944
961
1008
867
913
810
641
784
667
706
657
477
558
499
399
464
402
395
460
291
260
395
274
406
363
284
422
352
369
422
438
515
516
470
512
512
688
581
662
656
687
672
669
640
719
477
752
549
382
617
299
458
144
306
114
-43
85
-212
-135
-535
-148
-719
-627
-544
-1021
-654
-1074
-858
-730
-1092
-868
-1017
-1179
-747
-815
-862
-701
-742
-621
-507
-515
-324
-14
-56
-18
146
-20
545
473
622
656
774
742
885
872
1012
1223
1158
1081
1126
1058
1248
1248
1251
1237
1210
1050
1097
1073
1109
1166
1154
974
853
884
770
998
868
763
762
508
595
546
594
600
588
392
360
334
354
529
426
408
342
266
353
362
470
562
411
461
407
495
567
788
595
664
704
471
755
632
808
635
581
650
475
473
590
529
274
428
46
215
-7
138
-234
-68
-474
-391
-644
-534
-754
-784
-825
-1021
-1011
-743
-1036
-913
-1164
-1158
-677
-1096
-676
-798
-816
-555
-454
-637
-241
-41
7
84
93
54
642
523
687
762
780
904
1017
940
1101
1345
1271
1277
1193
1207
1419
1366
1411
1301
1332
1285
1256
1239
1284
1241
1270
1111
973
1029
997
1036
950
773
782
686
692
615
615
601
535
451
370
392
409
476
373
307
317
363
341
332
547
371
546
533
455
696
549
754
657
672
722
770
715
737
775
758
684
645
600
576
623
422
591
193
162
404
-259
150
-156
-434
5
-785
-493
-659
-902
-712
-1029
-945
-959
-741
-1298
-652
-1594
-845
-577
-1174
-525
-860
-741
-407
-511
-441
-54
184
-60
375
-50
385
924
645
918
859
969
1036
1244
1100
1434
1605
1302
1481
1325
1371
1743
1518
1509
1492
1414
1342
1537
1280
1444
1445
1090
1277
992
1049
1198
989
910
850
662
692
808
492
769
507
375
549
250
396
513
373
324
410
248
456
499
419
730
502
607
578
634
733
865
714
898
799
708
919
865
619
993
709
768
663
524
733
372
454
482
231
-56
301
-199
-203
-116
-478
-496
-601
-967
-751
-928
-1083
-990
-808
-1226
-919
-1012
-1616
-496
-1008
-801
-669
-894
-629
-324
-503
-264
141
143
196
440
29
792
973
876
1110
1077
1059
1406
1317
1338
1738
1690
1549
1618
1440
1627
1877
1679
1663
1622
1458
1585
1473
1447
1476
1443
1307
1100
1096
1032
1160
1054
891
760
642
690
683
574
582
521
411
385
295
395
597
375
518
383
386
511
585
632
587
806
506
878
564
970
859
930
742
842
934
742
978
894
785
781
717
388
619
577
203
635
-177
61
-32
-379
-15
-401
-728
-485
-970
-851
-993
-1041
-1141
-632
-1239
-929
-1299
-1566
-567
-975
-721
-702
-1017
-624
-435
-417
-305
284
172
264
333
94
845
1054
1188
1121
1116
1151
1507
1443
1550
1875
1782
1749
1582
1487
1796
1954
1874
1679
1615
1443
1640
1473
1470
1517
1387
1259
1074
924
1020
1150
1032
856
649
457
743
563
626
574
450
401
393
352
430
567
669
499
404
482
516
823
786
759
865
665
800
861
1030
865
969
1030
570
875
1037
818
825
848
647
514
549
440
346
199
181
-150
-209
-510
-178
-877
-599
-533
-1424
-885
-1178
-1495
-591
-1143
-1145
-1057
-1899
-929
-736
-1116
-506
-807
-961
-449
-318
-482
265
489
231
582
198
562
1408
1255
1448
1327
1366
1509
1809
1633
1985
2218
1893
1879
1665
1735
2072
2106
1835
1783
1542
1559
1524
1401
1454
1482
1184
1116
734
791
983
1001
759
662
344
402
572
436
568
418
426
386
311
409
668
718
741
497
517
722
829
1103
1025
931
1041
861
1013
1104
1048
1217
1112
779
796
884
930
709
834
633
139
567
-36
138
-85
-248
-241
-688
-827
-836
-1063
-1230
-1241
-1335
-1650
-1214
-1068
-1756
-894
-2039
-1520
-557
-1285
-686
-777
-1047
-344
-234
-262
38
663
498
836
574
539
1681
1580
1829
1565
1625
1826
2135
1975
2107
2352
2155
2187
1860
1739
2116
2085
1898
1718
1385
1402
1459
1194
1135
1091
887
883
535
420
449
604
419
321
36
6
291
258
257
257
195
449
384
359
578
686
854
904
715
867
1062
1239
1251
1041
1248
1163
1097
1211
1157
890
1120
916
700
663
664
490
577
81
-89
-221
-543
-463
-760
-1188
-1128
-1584
-1655
-1757
-2073
-1739
-2177
-1796
-1494
-2071
-1332
-2315
-1946
-846
-1188
-736
-844
-1076
-304
139
1
432
1015
1064
1311
1176
1170
1929
2457
2387
2155
2289
2118
2575
2489
2502
2601
2472
2258
2027
1816
1884
1917
1756
1534
1054
905
971
824
716
548
226
410
171
-79
9
49
202
187
-176
-136
142
267
457
421
349
729
756
826
981
1128
1387
1391
1466
1394
1630
1609
1966
1692
1583
1661
1389
1547
1364
1119
968
989
648
283
517
-173
44
-469
-970
-1158
-1311
-1644
-1733
-2296
-2427
-2615
-2849
-2807
-2840
-2637
-1782
-2644
-1741
-2881
-2385
-924
-1011
-284
-574
-592
103
650
870
1345
2249
2308
2538
2141
2221
3198
3655
3937
3395
3167
3022
3177
3180
3269
3030
2805
2428
1780
1599
1309
1465
1237
933
207
-171
-196
-221
-252
-375
-725
-564
-779
-930
-869
-533
-271
-34
-291
-317
-49
486
762
965
1094
1134
1544
1515
1816
1924
2188
2398
2211
2163
2072
2079
2389
2045
1989
1514
1332
1116
981
625
558
196
-169
-543
-1003
-1448
-1549
-1958
-2347
-2809
-3232
-3487
-3471
-4268
-4169
-3991
-4346
-2896
-3200
-3387
-2562
-3523
-2617
-868
-1075
-121
70
-276
770
1769
1565
3057
3527
3591
3918
3305
3611
4699
5020
5025
4467
3760
3779
3591
3349
3324
2878
2342
1845
879
492
251
129
-164
-415
-1396
-1587
-1681
-1767
-1456
-1813
-1616
-1604
-1476
-1509
-1190
-744
-341
344
113
770
1021
1391
2203
2123
2887
2888
3239
3329
3339
3558
3572
3766
3530
3504
2901
2957
2557
2473
2166
1598
1250
674
263
-93
-519
-815
-1222
-2031
-2244
-3029
-3237
-3397
-4067
-4166
-4684
-5137
-5242
-5246
-4909
-4638
-4488
-3195
-3155
-2477
-2105
-2850
-575
552
1198
2123
1531
2421
3665
4051
4608
5525
5983
6159
5480
5080
5405
5838
6096
5292
4383
3376
2888
2322
2250
1629
758
226
-795
-1469
-2022
-2327
-2460
-2271
-2859
-3246
-3416
-3279
-2283
-2317
-1598
-1512
-1111
-95
36
898
1608
2140
3026
3262
3751
4201
4341
5079
4890
5156
5068
4701
4862
4474
4098
3729
3336
3073
2590
1966
1385
908
581
24
-377
-999
-1232
-1669
-2132
-2250
-2974
-3046
-3557
-3731
-4250
-4337
-4634
-5019
-4535
-5405
-4648
-4928
-4397
-3649
-3214
-1130
-1406
-352
-1013
-415
1975
2906
4185
3839
4005
4492
5222
5527
6193
6808
6527
5895
4820
4320
4237
4439
3840
3151
1563
219
-403
-834
-922
-1588
-2260
-3071
-3315
-3986
-4105
-3971
-3577
-2858
-2875
-2854
-2762
-1958
-918
882
1770
2271
2893
2349
4132
4762
5639
6410
5959
5781
5578
5146
5332
5674
5347
4745
3588
2539
2218
2161
2100
1508
899
-83
-491
-1013
-998
-1252
-1436
-1624
-2131
-2327
-2441
-2616
-2467
-2433
-2829
-3080
-3434
-3737
-3681
-3495
-4063
-3630
-4221
-3773
-3045
-2838
-1601
-236
-240
781
-387
330
2636
3653
4703
4556
3781
4523
4767
4947
5792
5931
5425
4437
3274
2555
2440
2183
1795
991
-245
-1707
-2291
-2818
-2490
-2997
-3139
-3452
-3449
-3802
-3705
-3361
-2339
-1199
-762
-579
-196
381
1464
2608
3581
4540
5286
5507
5251
5571
5282
6094
6304
5748
5368
4184
3391
3274
2791
2723
2229
1374
662
-129
-637
-583
-384
-170
-493
-1165
-1586
-1748
-1476
-1128
-967
-1158
-1214
-1906
-1805
-1888
-1923
-2050
-2356
-2967
-3294
-3556
-4288
-3622
-3884
-3166
-3159
-2028
-775
-183
477
-972
69
1911
3347
4788
4059
3826
4108
4527
4558
5508
5474
5487
4454
2913
2125
1554
1632
1315
721
-662
-1852
-2951
-3185
-3063
-3212
-3167
-3162
-3150
-3162
-3150
-2972
-1617
-477
378
883
934
1494
2312
3187
4263
5121
5434
5888
5602
5156
5205
4401
5126
4888
4226
3664
2041
1614
1313
1123
1130
631
93
-427
-1080
-1195
-924
-361
-37
-189
-640
-821
-902
-586
-296
-169
-218
-438
-931
-1153
-1650
-2129
-2323
-2577
-3284
-3569
-4503
-4607
-4442
-4055
-3276
-2508
-40
-1105
725
-1254
-199
2486
3323
5170
4869
4295
4493
4490
4445
5316
5975
5138
4623
2277
1431
633
500
232
-63
-1445
-2551
-3516
-4212
-3749
-3925
-3273
-2765
-2394
-2438
-2185
-2007
-482
824
2011
2695
3139
3262
3897
4369
5173
5914
6207
6332
6046
4892
4336
3241
3346
3317
2749
2020
768
-235
-599
-694
-617
-486
-555
-928
-1228
-1585
-1187
-482
199
543
425
81
-49
-218
57
518
361
355
-498
-1392
-2143
-3078
-3443
-3697
-3700
-4575
-4393
-5575
-4757
-4394
-2127
7
549
696
-971
577
2656
4524
6001
5480
5605
5338
4798
4652
5127
5175
5110
3572
1927
309
-817
-1289
-1661
-2136
-3049
-3760
-4512
-4700
-4892
-4550
-3753
-2415
-1636
-761
-688
-79
1180
2459
3946
4813
5240
5625
5829
5711
6033
5739
6036
5893
5491
4488
2972
1634
988
1013
793
441
-471
-1210
-1615
-1822
-1577
-1164
-595
-221
-238
-475
-241
223
1118
1617
1798
1492
1054
862
575
447
311
-508
-809
-1802
-3054
-4165
-4984
-5778
-5386
-6037
-6361
-5887
-5636
-4756
-1990
-501
1289
1967
225
2580
4400
6406
7998
7293
7122
7034
5635
5490
5705
4891
4389
2367
230
-1151
-2879
-3559
-3891
-4470
-5313
-5556
-6174
-5626
-5575
-5126
-3439
-1839
-92
1138
1540
2273
3655
4881
6515
7297
7352
7416
6901
6224
5903
5302
4995
4527
3095
2316
464
-519
-1355
-1567
-1172
-1340
-1662
-1840
-1901
-1529
-1006
-217
814
1563
1808
1776
2059
2346
2844
3294
3109
2913
2068
1105
782
-235
-610
-1495
-2562
-3420
-5232
-6462
-7575
-8029
-8006
-8037
-7245
-6619
-5184
-4607
-1591
678
3120
4380
3188
5587
7126
8916
10002
9026
8707
7720
6246
5427
4661
3130
1703
-333
-2302
-3975
-5594
-6377
-6560
-6957
-7114
-6850
-6343
-5254
-4171
-2989
-1006
919
2869
4783
5651
6413
7095
7836
8655
8713
8065
7353
6110
4812
3607
2459
1400
448
-788
-1471
-2394
-3498
-3804
-3644
-2696
-1790
-1321
-661
193
931
1961
3012
3966
4886
5015
5201
5128
4686
4512
4026
3740
2948
1640
433
-574
-1957
-2891
-4131
-5049
-5628
-7280
-7993
-8936
-9309
-8783
-8458
-7367
-5846
-4991
-2169
-731
3420
5109
7168
7275
6949
9117
9905
11060
10393
8627
7276
5443
3534
2280
678
-1041
-2819
-4888
-6295
-7586
-8282
-8370
-7804
-7218
-6107
-5050
-3291
-1440
163
1938
3865
5844
8043
8968
9245
9172
8748
8633
8030
6832
5595
3949
2146
472
-1311
-2364
-3038
-3376
-3448
-4160
-4106
-4551
-3679
-2115
-700
1297
2285
3278
4480
5101
6101
6809
7270
7544
6827
6061
5097
4054
3330
2235
1446
304
-1142
-2238
-3708
-4500
-5476
-6104
-6430
-6779
-7607
-7723
-8333
-7371
-6679
-5692
-4355
-3353
-1590
227
1706
5298
7410
9221
9243
6963
8177
8350
8881
8677
6423
4833
2724
129
-1047
-2274
-3527
-4373
-5686
-6537
-7197
-7602
-7192
-5956
-4795
-3062
-1485
284
1764
3019
4248
5874
7418
9303
9852
9505
8009
6484
5786
4858
3829
2353
815
-948
-2681
-4130
-4941
-5080
-4816
-4146
-2728
-2572
-1711
-1350
-187
2278
3806
5721
7320
7488
7721
7275
6844
7399
6815
6425
5200
3591
2144
560
-374
-1047
-1793
-2438
-3210
-4039
-4633
-5343
-5391
-5195
-5121
-4992
-4963
-4836
-4546
-3997
-3649
-2844
-2023
-1694
157
908
2216
4531
5868
7205
7270
4445
5226
5276
5566
5859
3867
2607
1129
-1147
-1711
-2133
-2947
-3219
-4091
-4326
-4535
-4842
-4448
-3203
-2097
-560
722
1910
2907
3406
4123
5146
5822
6515
6808
6560
5973
4637
3367
2098
1121
388
-279
-1132
-2400
-3519
-4117
-4163
-3764
-3209
-2119
-674
830
1589
2404
3218
4174
5759
6800
7728
7928
6891
6060
5225
4258
3736
2813
2374
1503
135
-928
-1809
-2124
-2378
-2420
-2341
-2521
-3117
-3361
-3344
-3151
-2640
-3065
-2272
-2452
-2421
-2425
-2906
-2647
-2741
-2318
-1344
-424
180
1193
3338
4532
5227
3322
2869
4045
4439
5165
4283
2954
1946
320
-295
-413
-1358
-1816
-2199
-2518
-2809
-3369
-3315
-2553
-1882
-989
179
1092
1779
2075
2639
3375
3999
4568
5306
5176
5167
4256
3382
2554
962
887
269
-210
-938
-2002
-2492
-2686
-2900
-2400
-1624
-491
631
1185
1970
2460
3639
4362
5394
6114
6121
5889
5148
4521
3855
2906
2444
1992
1642
877
-107
-556
-1049
-1167
-1153
-1158
-1185
-1626
-2057
-1989
-2014
-1912
-1810
-2167
-1762
-2692
-2943
-3548
-3747
-3575
-3428
-3295
-2817
-2275
-1523
111
2746
4066
5238
3561
3441
4486
4818
5916
5314
4268
3366
1644
734
152
-1127
-1589
-2064
-2338
-2737
-3548
-3907
-3660
-3291
-2289
-1135
-130
734
1329
2103
2903
3549
4369
5538
6036
6061
5405
4349
3459
2182
1493
1019
362
-419
-1384
-2100
-2673
-3227
-3269
-2577
-1590
-562
529
1077
2250
2610
3375
4678
5165
6033
5868
5508
5132
4143
3361
2793
2616
2297
1708
1035
257
-242
-743
-888
-1060
-1202
-1760
-1871
-2026
-2345
-2640
-3187
-3279
-2949
-3118
-2853
-3484
-3752
-4221
-4472
-3918
-3368
-2064
-743
137
3159
4401
5468
4781
3387
5069
5664
6377
6316
4705
3433
1826
281
-71
-1295
-2189
-2576
-3055
-3613
-4419
-5001
-4629
-3959
-2986
-1506
-360
625
1480
2396
3402
4199
5005
6289
7077
6941
6328
5218
4043
2790
1471
928
130
-1023
-1915
-2738
-3386
-4104
-4493
-3905
-2913
-1993
-920
429
1574
2708
3041
4639
5474
6433
6962
6697
6754
5563
4547
3967
3286
2872
2267
1495
761
-288
-1056
-1357
-1553
-1707
-2105
-2486
-2745
-2865
-2944
-2773
-2756
-2837
-2515
-2674
-2384
-2774
-2885
-3037
-2663
-3071
-2572
-2848
-1599
-546
743
4146
4402
5844
3776
3502
4755
4714
5225
4865
3490
2651
734
-481
-1146
-2708
-3159
-3090
-3008
-3411
-4069
-4343
-3749
-3284
-2169
-677
792
1998
3050
3927
4631
4757
5523
6567
6933
6652
5615
4489
2989
1217
6
-758
-1595
-2332
-2975
-3498
-4168
-4779
-4785
-3944
-2959
-1572
-168
2010
3173
4171
4782
5319
6788
7007
8008
7797
6863
5660
4055
3089
2202
1407
1098
326
-393
-1358
-1945
-2087
-2286
-2201
-2171
-2099
-2194
-2159
-2056
-1941
-1829
-1739
-1226
-1005
-935
-1383
-1708
-2217
-2744
-2915
-3441
-3549
-3020
-2298
-1427
777
2406
3860
4342
2192
3468
3694
4052
4857
3903
3359
2358
566
345
-803
-2018
-2090
-2180
-2043
-2629
-3278
-3086
-2975
-2614
-1456
-125
1273
2040
2946
3490
4101
4125
4996
5701
5731
5309
4369
3234
1797
344
-616
-1136
-1957
-2535
-2854
-3028
-3485
-3784
-3579
-2547
-1743
-426
916
2697
4044
4237
5455
5250
6249
6218
6553
6800
5435
4352
2858
1856
1295
407
495
237
-187
-537
-956
-887
-1071
-1026
-924
-838
-1056
-1331
-1094
-1342
-1143
-1517
-1185
-1135
-1167
-1747
-1877
-3105
-3314
-4021
-4346
-4167
-4814
-4170
-3286
-2410
395
2493
3974
5142
2976
4282
4578
4693
5623
4801
4275
3587
1589
1150
-344
-1691
-1850
-2068
-2240
-2847
-3542
-3407
-3488
-3453
-2605
-1476
-173
1247
2406
3512
3678
3935
4847
5482
5546
5129
4662
3983
2741
1418
399
-689
-1549
-1923
-1874
-2204
-2802
-3340
-3185
-2754
-2064
-989
571
1620
2756
3379
4041
4822
4894
5703
6177
6033
5597
4891
3868
3089
2225
1748
1485
1057
603
231
-101
-741
-1148
-1417
-1686
-1997
-2172
-2290
-2254
-2310
-2304
-2262
-1848
-1986
-1599
-1814
-1854
-2110
-2673
-2773
-3544
-3380
-3317
-2784
-2474
-1321
-968
1784
3425
4487
4526
3019
3667
3846
3928
4332
3557
2815
2034
811
270
-1119
-1895
-1849
-1780
-1866
-2307
-2455
-2386
-2447
-2170
-1420
-602
475
1624
2780
3211
3183
3366
3771
4194
3976
3811
3427
2654
1679
860
-13
-671
-1342
-1409
-1350
-1492
-1687
-1753
-1581
-411
-161
1154
1537
1853
3258
3347
4729
4699
4500
4591
4377
4316
3748
3045
2627
1741
1615
1171
762
514
108
68
-157
-500
-967
-1253
-1523
-1829
-1688
-1675
-1410
-1269
-1276
-1290
-1450
-1620
-1580
-1218
-1431
-1715
-2323
-2932
-3364
-3245
-3572
-2269
-2173
-1424
-793
-105
1525
2247
2704
2936
2894
3176
3390
3556
3737
2803
2372
1946
1313
733
57
-162
-385
-949
-1182
-1400
-1694
-1874
-1812
-1499
-1342
-954
-256
414
818
983
1559
1963
2250
2616
2955
3029
2683
2483
2280
1960
1546
1291
1111
926
422
602
341
374
280
153
664
394
780
799
1325
1531
1718
2199
1979
2269
2385
2551
2906
2559
2685
2709
2603
2552
2377
2334
1975
1762
1477
999
457
-334
-722
-1168
-1297
-1717
-1686
-1927
-2123
-1990
-2409
-2303
-2781
-2599
-2714
-2415
-2505
-2446
-2654
-2736
-3137
-2427
-2213
-1473
-757
-437
972
1597
2424
2815
2825
3140
3159
3177
3249
2464
2536
1895
1411
861
134
-231
-291
-731
-784
-995
-1356
-1241
-1267
-1287
-1054
-912
-330
278
497
972
1383
1613
2045
2335
2548
3064
2793
2891
2703
2235
2159
1703
1336
1310
805
1156
649
467
245
-40
241
32
301
592
708
1057
1457
1458
2048
2093
2554
2983
3049
3394
3205
3110
2883
2633
2463
2161
1876
1646
1271
704
92
-462
-798
-936
-1077
-1038
-1341
-1310
-1495
-1473
-1619
-1769
-1517
-1357
-1174
-1062
-1110
-1348
-1884
-2378
-2518
-2552
-2304
-2115
-1890
-2121
-1824
-1796
-450
-293
849
1509
1533
2492
2190
2636
2673
2426
2770
2610
2575
2427
2135
1691
1205
568
227
-23
-172
-257
-398
-629
-540
-902
-695
-619
-407
93
366
897
1309
1472
2077
2242
2529
2485
2777
2820
2889
3039
2521
2461
1860
1725
1413
1281
1031
1041
938
852
442
521
319
351
766
645
1137
1242
1521
1802
1934
2213
2269
2556
2649
2731
2823
2668
2410
2065
1484
1103
751
665
526
314
132
-240
-440
-641
-657
-631
-599
-484
-482
-555
-774
-1002
-1203
-1523
-1778
-1899
-1975
-1566
-1966
-1490
-1768
-1618
-1502
-1682
-820
-882
-105
520
1021
1462
1718
1864
2237
1934
2289
2416
2291
2216
1892
1760
1251
802
844
610
316
352
404
444
84
512
470
483
759
1040
1504
1567
2123
2060
2351
2202
2302
2438
2243
2365
2394
2297
1987
1788
1631
1498
1207
1308
1326
1263
1356
1258
1228
1167
1339
1621
1738
1831
1821
1886
1853
1656
1761
2031
1935
2099
2255
2053
1787
1615
1239
1049
1024
1015
1211
1223
1115
1052
1025
762
499
597
668
741
700
635
578
361
423
263
171
-85
-394
-488
-904
-1010
-1364
-1475
-1614
-2133
-1961
-2195
-1935
-1780
-1727
-1327
-1742
-1354
-1376
-1198
-515
-579
87
256
188
871
397
663
518
382
645
502
847
611
431
503
86
-178
-548
-740
-694
-797
-608
-553
-655
-500
-618
-657
-537
-692
-223
-120
-241
-212
-220
-325
-396
-236
-350
-400
-125
-241
-280
-373
-565
-624
-736
-901
-1040
-885
-805
-781
-798
-1104
-1148
-1369
-1556
-1239
-1198
-1435
-1087
-1082
-1349
-993
-1119
-929
-1102
-1033
-777
-693
-646
-791
-653
-992
-1083
-1234
-1324
-1011
-1333
-902
-967
-1343
-1004
-1674
-1194
-1345
-1672
-1713
-1909
-2644
-3023
-3264
-3570
-4276
-4471
-4657
-4529
-4677
-4392
-4261
-4133
-4201
-4012
-3825
-3835
-3574
-3867
-3511
-3917
-4056
-4376
-4373
-5061
-6115
-7080
-8761
-8147
-6018
-3356
-2280
-1632
-1957
-2527
-2311
-2137
-2196
-2410
-2307
-2367
-2397
-2832
-4115
-4665
-5046
-4564
-3769
-2929
-2632
-1774
-1145
299
1067
1517
1813
2167
2075
2092
2248
2223
2130
1949
2304
2040
1601
1981
1628
1004
1337
1219
1101
920
742
699
817
461
312
2
-633
-758
-757
-1076
-423
-543
-155
-109
146
458
-143
488
207
-151
261
-25
-55
200
-414
-311
-288
-1071
-1242
-1168
-1395
-1793
-1462
-1500
-805
-1649
-934
-586
-897
-91
-727
118
-394
-497
-553
-327
-756
-793
-638
-1469
-893
-1065
-1744
-435
-971
-1779
-1208
-1320
-1159
-1798
-709
-1021
-1652
-307
-1345
-646
-855
-859
-450
109
-216
-458
84
85
-460
-56
-577
-106
-1190
-630
-597
-842
-1188
-802
-249
-1943
-696
-1220
-937
-1219
-689
-780
-589
-255
-620
-365
-805
-742
-497
69
-679
49
-139
-254
234
382
73
1519
1100
1274
1604
1118
1619
1999
1543
1403
1929
1559
1117
2036
1481
575
1794
1137
941
1207
1108
1146
1430
1468
921
675
2484
319
1506
1424
1099
1268
1376
1499
1989
674
1676
1949
73
1076
602
1085
43
1303
873
-222
1429
456
72
1529
562
689
1966
715
1005
1229
1142
1011
1495
869
1311
913
903
-373
653
-76
-849
353
-497
-478
140
-511
-181
3
278
-110
1719
-398
1385
846
554
1345
758
1368
1162
1305
1002
570
1325
319
1115
164
898
39
-304
1522
-813
1071
716
243
1025
518
989
1003
1355
1075
1595
225
2088
537
1429
1227
807
1297
117
1273
301
473
765
357
608
221
822
347
883
823
726
1365
1212
1171
1048
1423
841
1150
1843
361
1932
907
1520
1225
805
1005
1071
1401
946
1272
773
841
1026
673
1275
473
780
1010
199
886
455
190
648
171
453
-26
935
-461
800
340
17
621
849
112
1073
1097
706
930
1546
118
2456
829
1457
1278
1340
926
1382
681
1031
875
412
1531
-73
783
520
391
765
720
417
538
934
596
767
1287
350
1428
1106
926
1217
1278
1120
1287
1059
1075
1361
719
1318
778
940
709
1193
1087
735
953
820
928
916
995
517
1390
846
1164
1479
825
756
1812
859
1545
1539
1025
1402
1439
792
1503
1295
623
1618
824
827
1064
1041
679
991
782
437
804
1128
364
903
790
180
1094
725
679
398
1441
271
892
1519
395
816
1100
270
963
1475
365
833
1276
205
935
762
1011
726
802
928
846
834
940
783
1178
249
1385
706
1068
838
538
994
746
629
719
507
357
704
280
954
285
779
601
971
579
924
855
189
1560
135
1049
875
361
828
969
587
505
1145
-17
406
1049
-287
798
295
260
37
736
-190
928
503
397
495
960
156
1075
795
369
1012
466
797
837
304
978
251
727
144
1074
-3
721
455
-61
487
638
-274
732
869
-612
1463
175
61
1292
-132
512
751
-5
252
654
-155
484
345
-175
733
191
324
392
596
-32
900
-31
663
453
514
518
799
550
175
1013
-82
540
708
33
562
428
128
267
339
49
412
678
-52
1391
-152
785
824
99
693
1063
145
967
234
984
-48
920
229
296
675
-85
174
401
-215
-146
919
-747
471
514
68
287
997
142
958
699
917
497
725
831
491
655
537
438
386
300
896
-561
872
132
164
504
416
197
-33
1340
-177
718
1036
-39
1307
460
411
1077
376
710
290
1236
-883
1073
358
-329
810
134
136
21
822
-295
736
927
-695
1832
-104
114
1376
550
-289
2146
-527
1000
611
604
100
1175
-302
946
88
150
294
242
357
508
331
589
691
-43
1315
374
355
1020
909
-464
1803
-364
677
421
329
321
41
440
-628
919
-518
210
302
222
-551
841
136
-181
847
174
280
457
559
189
663
475
248
749
380
175
856
-138
1028
-127
668
387
136
727
326
622
386
884
65
1428
-357
1289
-167
1216
-67
671
977
-462
1294
126
-3
1324
-368
741
941
39
931
589
429
783
1008
732
462
1320
391
528
1179
397
901
521
943
150
904
245
908
158
1013
-168
1228
327
468
982
354
458
1023
667
435
1195
256
1131
436
920
508
772
450
819
706
59
1339
51
405
1505
-758
1677
51
328
1421
-110
842
758
462
425
1012
166
762
768
-48
1022
558
169
756
1002
-265
1541
68
914
521
817
328
1291
312
700
1056
556
381
1547
337
447
1361
478
176
930
685
-153
1388
406
263
732
764
123
1258
210
1186
42
1784
-185
1419
518
1002
377
1443
311
1227
390
795
1086
129
728
1415
-83
550
1682
-998
1945
244
488
1311
368
538
830
698
812
773
1017
345
886
827
333
1187
529
352
1142
15
1422
-361
1595
876
-198
1718
437
-97
1802
156
535
1451
388
772
873
797
307
908
961
277
630
755
423
196
1379
-178
599
1560
-1075
1928
357
-276
1469
354
-55
1245
381
110
1196
464
114
1697
-625
1609
-176
1326
-171
967
1224
-528
1933
132
-65
1865
-348
1031
1286
-304
2284
-642
1362
1240
-805
2052
682
-450
2160
-416
576
1129
132
616
999
867
-83
1970
-552
1072
856
397
786
1642
-649
2672
-827
1281
1253
-114
1332
1429
-814
2215
-16
69
2083
-542
1503
396
1352
-190
1414
509
403
1317
694
503
1543
464
634
1638
216
1058
1376
264
588
1813
-22
635
1865
6
83
2394
-973
1426
415
630
388
830
411
496
1671
-883
2335
300
-77
2171
-190
1036
701
1043
385
1188
616
873
473
1036
432
479
1336
4
1074
1021
326
1214
723
776
1041
495
962
793
512
1046
958
587
1301
240
1457
-198
1132
637
827
26
1844
-521
1810
268
670
1566
-463
1612
834
230
1175
1129
-44
1674
216
933
666
1248
303
768
970
175
1387
-40
1737
-391
1693
339
903
949
1116
461
1872
78
1111
1281
354
1565
1445
-617
2391
-170
860
892
546
1165
553
681
752
787
312
871
1245
217
776
980
738
451
1648
265
1008
1306
186
1356
1183
88
1872
-117
1081
830
130
1657
-166
1386
550
303
1023
823
708
388
1823
-471
2469
-916
2356
204
240
2233
-632
2001
497
304
1944
-299
1192
750
1019
-198
1917
-105
963
748
1036
966
213
1873
-295
1327
998
548
1334
451
1369
540
699
1276
820
-303
2785
-883
1144
1946
-1561
2651
-553
774
1242
635
462
1373
383
1138
187
1517
257
991
1650
-394
1474
1193
-659
2227
300
-46
2147
-248
823
1703
-839
2290
389
162
1917
353
325
2120
21
504
2435
-1672
2886
368
-422
2496
-330
755
819
556
886
539
649
1211
467
243
2104
-239
1444
1125
-108
1853
412
24
2882
-1833
2876
-467
510
1853
-414
1395
635
551
1211
-72
1181
942
-190
2232
-367
1339
1017
89
1456
2306
-1747
3940
-553
300
3209
-1997
3099
8
1140
609
831
501
1050
-523
2988
-1136
510
3215
-2506
2687
1309
-1700
3176
61
65
2118
450
59
2299
-681
2202
-422
1864
-298
1551
271
1141
283
1666
-159
1870
413
625
2028
-126
1322
1571
-251
1772
728
901
694
1129
1076
184
980
1785
-1231
2567
519
-1057
3361
-1218
1183
1491
244
-182
2833
-647
1256
1814
-129
914
2055
-1051
2094
1296
-839
3124
-710
1234
275
1101
287
399
1772
338
112
2391
-451
954
1374
631
1000
1277
1043
104
1813
87
927
1567
935
-48
3114
-1227
2046
559
572
1383
267
1665
-4
1621
703
767
815
1554
433
879
1337
608
457
1490
1261
-142
2224
52
1558
167
1718
-124
1111
893
617
147
2176
-391
1051
1760
-309
1539
570
1238
259
1849
2
866
1659
-217
1129
1716
-731
1881
1463
-1150
3074
634
-1132
4096
-1294
327
3274
-2020
2469
617
-508
2470
-610
1278
1246
-279
1566
1120
-631
2435
-69
182
2070
-40
619
1881
-199
1580
716
863
1056
566
1944
-547
1455
1744
-1633
2442
884
-1419
3085
-858
979
1583
-949
2883
-1160
1978
880
-42
1395
1034
249
993
2155
-482
1396
2421
-928
2554
722
507
1482
1041
-294
2346
-59
98
2941
-1310
1493
1982
-1370
2995
-296
1148
464
1791
-295
1690
199
1674
-419
2763
-1019
2438
309
1068
1163
1164
68
2049
-207
1419
1283
-469
2304
519
-145
2383
-127
919
1445
392
914
708
1316
101
1917
203
855
1954
-303
1633
1658
-1100
4636
-2761
3703
784
-614
3166
-724
1270
1525
-126
1726
433
653
680
776
1224
-940
2892
-243
55
3173
-1854
2283
914
-445
1472
1025
-100
1259
1919
-737
2133
846
928
697
1548
682
-228
3180
-813
899
1790
-287
369
2112
-740
1233
1255
-246
1543
61
890
1059
878
583
848
846
536
585
1410
-152
1714
424
1004
1057
736
922
350
1673
-484
1612
320
686
686
1178
-437
2394
307
-203
2653
-601
99
2880
-1246
1566
1847
-990
2488
394
417
1499
1008
528
1727
1119
231
1643
553
553
1399
592
412
1468
742
-322
2433
-531
1095
1589
-160
1880
-86
1351
358
353
2227
-1413
3090
-139
587
1831
860
893
606
3173
-1139
1859
1484
-245
1374
1798
-1279
3287
-966
938
1731
-618
1826
511
138
2296
-826
1083
1531
-618
2038
440
977
1168
217
2174
-125
1419
1643
55
1055
1921
-760
1551
1964
-1617
3160
-710
1215
1145
-119
2021
-21
804
1947
-647
1929
-102
1182
-323
2408
-1062
2301
507
1103
953
555
1846
-275
1854
514
998
527
900
1082
89
1525
-44
1113
885
-256
1908
307
257
1795
125
-244
2862
-1526
1586
1314
66
588
1825
201
274
1978
-209
1447
1577
-236
1597
851
167
1116
782
134
814
806
340
1206
-269
1578
-170
1129
-125
1176
-62
1180
697
-52
1202
627
-205
1452
1525
-1479
3135
278
-533
2851
-43
422
2247
-288
546
1654
-853
1672
375
131
1383
257
112
1878
-376
1230
781
427
936
73
1617
144
545
1603
-65
540
2124
-1317
2569
357
-134
2347
-145
517
2072
-1127
1805
773
-356
1491
1001
-809
2350
-345
711
1212
322
91
2348
-1187
2371
-464
1724
-128
1242
322
708
890
494
1101
1010
154
1814
156
1179
1571
-320
1830
614
55
1377
697
-348
1877
627
-1075
2686
-395
-639
2719
-707
-416
3717
-2595
1943
2047
-2671
4196
-724
80
3002
-1268
1332
1940
-384
1160
1936
-446
1228
966
295
116
1313
476
-704
2385
-1047
1153
210
639
787
-501
1515
412
-866
2418
-656
444
1971
-263
690
1671
451
-511
2724
-606
401
2050
-439
545
1600
-629
577
1297
-604
227
1751
-1545
1616
778
-1427
2841
-946
-40
1988
-662
114
1645
-288
279
1603
-307
881
1247
-122
1245
381
1209
198
1271
533
267
870
516
-433
1978
-969
807
1707
-1883
2616
-1158
1490
-625
1485
-382
846
-20
1711
-1712
2453
-321
102
1382
548
123
1075
941
377
819
1176
591
-362
2874
-2197
2384
214
-356
1167
1214
-1412
2536
-420
-332
1936
-843
589
1126
288
-448
1999
-151
214
1090
1172
-751
1881
667
56
1278
827
564
1078
775
731
48
1551
-555
1057
374
970
82
517
1017
370
-767
3047
-1259
745
2229
-1389
1966
-324
1329
325
782
1135
1270
-910
3223
-1383
1763
1221
-49
1419
1313
-502
1860
35
15
1540
-88
289
943
327
58
1692
-579
929
1050
-323
539
2092
-1874
2650
-126
566
716
1514
-500
1929
689
489
720
2092
-1038
2139
1253
-1586
3100
-447
-367
2507
-716
-398
3499
-2378
1445
1461
-806
427
1671
327
-861
2941
-888
338
1568
288
-409
2452
-206
257
1566
680
-373
1831
695
-589
2574
-281
375
1060
647
-918
2469
-679
114
2176
-1361
1490
388
108
523
1309
-1225
2556
-1458
1157
877
-297
557
1700
-1239
1788
169
-17
1053
531
391
721
1105
182
409
1525
-482
971
462
388
495
822
-289
1637
-809
1013
680
-751
1035
662
-648
1131
837
-1253
1905
377
-999
1987
780
-1585
3175
-980
334
1961
-815
1246
758
23
1270
770
-207
1479
-111
242
1095
-142
510
514
645
-523
1613
-206
-103
1181
597
-1182
2241
-426
-543
1859
473
-1446
3352
-1696
889
1149
40
22
1519
315
84
1146
608
16
893
1242
-1019
1801
-294
446
839
431
-452
1982
-1271
1750
312
-433
1532
-76
100
1316
264
-310
1742
26
-482
2411
-1245
1772
220
1152
-242
1366
771
-379
2087
-36
-131
1758
-592
604
1153
-820
1649
493
-1010
2441
-579
-72
1949
-527
-37
1952
-596
244
1573
4
-314
2233
-234
-397
2318
-406
496
1531
-151
694
1478
-594
1913
-377
998
-212
1114
-250
759
1093
-869
1878
-505
684
158
1329
-653
894
1004
-938
1690
-133
77
991
218
379
950
35
621
518
609
-9
1392
-289
840
806
234
437
602
1006
-4
567
908
-159
505
685
392
-397
1904
-503
120
1132
424
-1349
2850
-1097
144
1034
708
-894
1607
439
-878
1801
9
59
921
642
510
142
1313
183
-457
1664
-558
756
-37
938
-324
841
255
53
942
-437
1084
-148
190
857
-497
1120
-4
176
499
-44
876
172
215
810
525
-194
1296
130
38
1132
-175
330
1144
-916
1430
-206
45
675
5
384
362
903
-488
557
1204
-1308
1081
1074
-1347
2555
-1341
1773
-542
1153
726
57
1295
264
266
593
549
631
-184
1269
-36
256
-24
1063
-330
14
1716
-1370
1616
-810
1516
-1304
1851
-433
221
1049
-211
886
13
1441
-657
1811
265
346
1672
-467
1041
-181
1179
-181
353
1340
-691
353
1428
-1304
1153
343
62
402
675
541
-588
1795
-614
114
1348
-255
197
2209
-1622
2362
177
-77
1376
336
-727
1631
431
-1046
1929
-237
-1
340
1003
-991
806
1005
-757
1016
886
-810
650
1406
-1347
1104
666
244
154
1033
426
119
873
874
-527
1261
302
-386
943
465
-475
745
327
337
-329
595
935
-1285
1877
-536
-45
817
349
-1233
2437
-845
-407
2659
-1684
1225
1029
-290
1067
213
668
14
755
183
673
-151
1099
-173
402
-54
832
-77
-27
904
-203
172
445
422
-427
946
237
70
359
1215
-920
1521
817
-868
1739
-384
473
764
-191
614
207
138
585
-253
1092
-642
769
700
-1338
1923
-941
857
237
82
164
1160
-820
1876
-246
127
1500
-830
1196
-314
738
237
34
1167
-551
-52
1272
-390
-323
1681
-581
6
990
-197
-124
701
520
-294
421
984
-431
437
1012
-123
-267
1054
521
-883
1443
639
-856
918
832
-1028
504
1421
-1176
348
2289
-2037
1085
1522
-1810
1297
1038
-693
758
709
-327
686
-289
931
91
-119
794
1
145
504
458
-3
334
617
-230
561
814
-431
558
845
-446
332
1186
-896
1021
226
-743
1534
-359
-395
1963
-1503
834
729
-777
1015
185
121
408
404
336
28
745
383
-250
1057
-47
-249
1196
-543
209
921
-615
398
1004
-700
682
775
-255
56
1462
-916
262
1497
-1047
144
1542
-922
186
1460
-768
733
286
300
179
326
130
723
-343
875
230
-702
1725
-1164
598
746
-613
987
-223
425
361
-399
752
-149
280
423
-183
686
95
-447
1314
-156
-395
1503
-446
12
941
-170
441
462
102
257
660
-610
1212
-526
353
671
-794
973
-256
456
-16
591
-34
511
-131
483
625
-737
1466
-356
-175
1037
-352
-49
875
-475
904
-166
467
-32
589
-188
436
506
-282
627
451
-340
524
329
-159
254
379
6
439
97
467
116
494
-14
485
83
296
254
585
37
530
242
92
595
-73
145
313
540
-96
498
460
512
-725
1744
-482
-27
1117
-64
-16
963
118
-774
2055
-639
-575
2120
-902
260
834
436
-280
647
706
-366
680
221
63
559
-37
771
-479
761
65
614
-328
926
35
88
919
-335
404
813
-599
1078
367
-610
1351
-17
68
971
51
228
564
499
-311
803
301
-64
386
699
-429
445
925
-653
491
769
-473
721
716
-500
1090
-220
593
38
360
334
71
514
650
-371
568
1100
-1027
1032
712
-719
826
854
-794
983
585
-582
788
387
-116
495
516
-348
1319
-976
1196
634
-1179
1448
321
-810
1191
378
-673
1640
-822
634
423
-105
344
500
304
-276
694
459
-357
775
339
-453
1256
-333
138
596
259
-302
1207
-763
576
457
-119
466
238
136
192
350
236
214
-403
1316
-634
40
1173
-800
345
763
4
-284
668
483
-352
103
1353
-1311
920
1073
-1545
1774
-200
-370
894
151
-389
609
505
-426
306
798
-928
1211
125
-486
1015
366
-296
184
1067
-547
-56
1236
-265
-599
1428
-488
105
620
-232
424
251
308
2
67
1080
-882
427
1104
-1211
948
623
-1186
1654
-393
-199
1283
-530
9
653
400
-279
601
657
-864
1185
-295
-15
844
-7
62
293
656
-405
451
573
-33
-178
771
-117
-54
640
309
-138
806
-346
388
460
-265
442
271
53
189
261
31
308
0
123
544
208
-170
431
637
-550
532
364
-180
139
627
-298
221
710
-539
607
673
-482
216
1409
-1136
538
1027
-922
495
749
-612
558
545
-502
782
84
-165
446
159
-102
455
39
251
-145
612
167
-649
1242
-310
-206
901
-371
-133
781
-286
61
711
-186
256
-31
705
-9
46
702
-10
-327
781
-93
52
212
544
-138
-141
1192
-1012
510
1022
-1021
336
1392
-1463
916
925
-1148
910
64
-420
536
-11
-98
585
-199
209
221
67
-176
419
102
-266
735
244
-151
104
753
-409
229
156
574
-502
136
853
-885
333
334
-99
147
214
207
22
197
370
-585
692
158
-128
99
685
250
-1026
1207
445
-1272
1110
266
-532
190
538
-304
-227
826
-450
-106
818
-566
-6
871
-369
-58
847
-589
536
122
-406
741
-288
59
324
-25
95
-130
408
-24
-77
270
-169
704
-546
170
619
-947
851
257
-647
657
194
-265
332
428
-445
289
734
-544
27
624
-246
-129
593
-46
-109
344
-8
28
38
265
-214
309
105
-12
112
-12
652
-530
403
378
-323
351
263
-189
679
-122
-458
1025
-484
-388
1106
-558
-62
524
-142
-83
180
319
-422
481
363
-333
225
307
-93
-423
572
297
-565
494
375
-373
208
430
70
-87
453
356
-377
504
381
-502
427
369
-525
473
-165
364
-222
4
567
-585
490
-26
-81
330
-208
178
314
-305
517
-117
-78
526
-283
123
404
185
-175
372
457
-239
29
452
-241
148
187
167
-257
206
160
-194
-38
557
-447
63
915
-656
-144
865
-203
-403
869
-11
-229
618
-10
-255
266
171
-160
308
-2
37
244
-62
239
-33
-133
438
-171
248
149
-252
202
368
-509
-46
773
-668
-44
1001
-919
127
717
-683
304
538
-504
268
448
-371
235
287
-220
448
-67
33
337
-243
336
200
-71
-37
127
-150
85
55
-72
102
254
-183
259
-230
-11
384
-265
89
460
-222
-42
448
-57
-363
298
111
-231
251
-62
-61
188
-116
-111
150
-45
-80
184
166
169
-232
178
469
-477
70
478
-166
-207
408
100
-357
225
58
-207
221
100
-92
216
-24
-54
35
175
-4
2
172
92
72
-96
270
145
-408
322
14
-144
156
55
39
40
115
-100
179
86
-327
267
169
-262
266
42
-59
331
-95
111
184
84
-69
117
110
-65
-40
133
198
-29
-207
374
0
-191
233
115
-24
91
154
67
6
95
-102
137
249
-64
-144
528
62
-471
684
22
-401
423
66
-163
184
134
-235
101
412
-192
52
140
110
-207
269
258
-189
173
107
4
-16
74
69
16
254
65
-227
257
160
-155
224
134
-52
149
74
175
-160
15
303
40
-182
291
139
-107
250
31
-36
190
101
-230
346
132
-78
204
177
5
174
105
92
58
96
68
204
96
117
85
180
45
92
75
90
-19
77
215
-144
200
140
-34
168
77
-117
129
180
-84
39
247
0
54
94
-131
214
68
-89
121
165
-1
137
129
-94
79
101
-83
168
68
-94
-8
292
-5
-169
236
-5
-11
151
-17
8
61
15
1
-50
67
-74
-156
135
53
-202
241
128
-259
111
128
-69
155
84
-61
203
65
-123
14
46
-47
36
88
7
-73
96
125
-11
-115
-4
123
-113
27
-9
-42
163
25
-75
31
-55
-35
166
69
-44
68
80
69
-162
-134
-63
57
-80
-47
36
-100
76
-36
-173
30
-84
-59
232
38
-185
158
136
-61
-111
85
-215
-12
150
-194
93
187
-191
8
44
-289
-191
61
-78
-63
-19
-38
-10
-131
-100
2
-81
-68
19
-27
-15
-54
-66
32
-110
-46
-65
-79
26
-101
-102
67
-44
-223
-48
-31
-175
-173
41
-34
-116
-41
-142
-146
-74
-69
31
-30
-37
106
-154
-20
-122
-161
-31
60
-94
-68
94
-47
-126
-5
-173
-85
-88
-100
-18
-76
-181
-129
-42
-165
-184
-131
-40
-87
-89
-56
-15
14
-138
0
17
-103
-102
22
-39
-38
-53
18
-6
-127
-141
-93
-61
-188
-157
45
-43
-167
-15
-145
-165
-59
-74
-181
21
-103
-197
12
-11
-266
-98
22
-68
-142
-30
-63
-77
-70
1
-63
-23
-111
-73
-59
-85
-172
-23
-13
-60
-113
-79
-79
-191
-126
-16
26
-56
-101
54
-162
-64
-57
-68
10
-9
-64
-32
-95
-123
-44
-87
-107
-74
-77
-107
-40
-132
-225
44
-141
-155
-35
-146
-176
-62
-105
-162
-17
9
-3
15
-13
-174
-118
-20
-76
-111
51
25
-87
34
-28
-153
-148
-115
-116
-122
-110
-83
-20
-79
-74
-52
-205
-191
-93
-106
-74
25
-63
-84
1
-86
-139
-74
-108
-106
-25
-28
-107
-54
-32
-82
-125
-123
-92
-57
-56
8
-37
-86
-52
-64
-57
-99
-31
-57
0
-3
-77
-93
-63
-59
-134
-103
-84
-76
-87
-58
-66
-135
-53
-15
-127
-42
-59
-122
-21
-73
-92
-46
-35
-42
-97
-99
-66
-111
-39
-38
-88
-61
-34
-52
-67
-65
-100
-35
-49
-114
-66
-90
-103
-83
-109
-148
-133
-32
-99
-135
-21
-122
-90
-71
-64
-45
-32
-59
-55
-96
-52
-74
-27
-1
-119
-60
-110
-98
-166
-104
-65
-43
11
-39
-70
-71
-78
-132
-76
-101
-76
-29
-18
-62
-110
-55
-122
-82
-111
-56
-43
-17
-9
-39
-64
-94
-92
-117
-100
-149
-69
-39
-65
-71
-97
-68
-141
-137
-129
-64
-61
-56
-5
-100
-112
-135
-127
-139
-121
-91
-28
-28
-10
-114
-80
-88
-154
-165
-99
-66
-71
-41
-12
-68
-88
-76
-125
-116
-58
-83
-21
-29
-35
-75
-91
-121
-206
-147
-118
-43
-52
-15
-51
-94
-101
-194
-163
-136
-62
-45
-8
-44
-88
-126
-122
-172
-175
-98
-81
-28
-13
-83
-76
-88
-171
-181
-131
-132
-127
-75
-77
-108
-103
-149
-152
-125
-178
-84
-114
-114
-110
-57
-37
-47
-89
-112
-126
-125
-184
-145
-114
-73
-56
-41
-101
-121
-123
-126
-154
-141
-96
-98
-104
-107
-127
-131
-115
-150
-149
-101
-157
-125
-68
-120
-84
-107
-96
-115
-171
-158
-119
-128
-114
-112
-80
-95
-134
-138
-152
-154
-173
-160
-162
-161
-139
-147
-133
-153
-146
-174
-161
-134
-184
-127
-33
-93
-83
-82
-106
-129
-129
-133
-142
-132
-133
-138
-129
-180
-144
-149
-156
-122
-157
-124
-101
-107
-132
-105
-132
-142
-148
-172
-154
-141
-131
-134
-136
-114
-159
-151
-157
-140
-161
-151
-118
-138
-114
-138
-122
-115
-148
-144
-143
-109
-171
-113
-113
-99
-116
-145
-129
-166
-162
-196
-144
-163
-179
-164
-160
-180
-184
-184
-176
-161
-191
-122
-134
-94
-92
-114
-91
-127
-149
-167
-145
-159
-148
-142
-127
-130
-155
-137
-135
-152
-146
-162
-182
-153
-214
-164
-182
-129
-121
-135
-116
-148
-142
-215
-172
-162
-175
-125
-120
-131
-134
-101
-173
-161
-174
-159
-180
-119
-131
-143
-97
-126
-126
-179
-158
-172
-230
-151
-213
-165
-148
-155
-171
-146
-175
-176
-180
-155
-154
-148
-95
-112
-106
-128
-134
-140
-205
-172
-191
-154
-159
-140
-148
-143
-156
-179
-157
-191
-162
-148
-137
-159
-150
-152
-182
-179
-210
-182
-170
-183
-148
-182
-143
-160
-160
-167
-150
-153
-146
-148
-163
-163
-155
-170
-181
-180
-197
-176
-173
-140
-162
-133
-95
-143
-153
-147
-172
-168
-209
-180
-175
-168
-152
-177
-188
-169
-221
-179
-233
-191
-186
-159
-145
-166
-168
-152
-128
-149
-153
-169
-145
-158
-167
-184
-189
-141
-162
-172
-185
-188
-188
-195
-191
-202
-184
-158
-131
-141
-159
-145
-175
-171
-229
-180
-189
-152
-127
-144
-100
-147
-143
-170
-226
-231
-224
-202
-212
-171
-163
-136
-152
-148
-217
-199
-221
-209
-195
-193
-133
-134
-101
-134
-156
-187
-217
-229
-223
-214
-208
-146
-147
-172
-163
-188
-177
-211
-197
-189
-171
-136
-149
-135
-146
-176
-200
-184
-241
-188
-182
-175
-149
-171
-140
-194
-187
-204
-208
-205
-196
-162
-178
-154
-153
-163
-193
-201
-187
-220
-187
-192
-184
-177
-174
-194
-209
-213
-216
-236
-236
-221
-200
-166
-164
-156
-144
-154
-164
-188
-188
-181
-176
-162
-142
-148
-156
-146
-191
-205
-223
-239
-242
-238
-224
-218
-189
-190
-176
-194
-170
-204
-192
-192
-175
-157
-147
-134
-148
-145
-173
-184
-214
-217
-217
-210
-182
-195
-175
-187
-186
-206
-220
-216
-219
-208
-207
-191
-181
-182
-185
-211
-200
-221
-210
-204
-203
