-32
-31
-30
-30
-30
-31
-33
-33
-32
-32
-32
-32
-32
-30
-30
-31
-33
-32
-31
-29
-31
-31
-32
-31
-31
-31
-30
-30
-31
-31
-32
-34
-35
-34
-33
-32
-32
-31
-30
-32
-32
-30
-28
-27
-26
-28
-28
-28
-28
-28
-27
-27
-27
-27
-26
-26
-27
-27
-28
-28
-30
-29
-28
-27
-27
-25
-25
-25
-26
-26
-25
-25
-24
-24
-24
-25
-26
-26
-26
-25
-27
-26
-27
-27
-27
-27
-26
-27
-28
-26
-27
-27
-26
-27
-26
-27
-28
-26
-26
-25
-24
-26
-25
-24
-23
-24
-25
-25
-26
-26
-25
-25
-26
-27
-28
-28
-28
-27
-27
-25
-25
-26
-26
-25
-26
-24
-23
-23
-23
-24
-24
-25
-25
-23
-22
-22
-23
-23
-24
-23
-22
-23
-24
-24
-22
-23
-24
-24
-25
-25
-25
-25
-24
-25
-25
-25
-25
-26
-26
-26
-25
-25
-23
-24
-24
-25
-26
-24
-26
-26
-27
-27
-27
-28
-26
-26
-27
-26
-25
-24
-23
-25
-26
-25
-25
-25
-25
-26
-26
-26
-25
-23
-22
-23
-24
-25
-24
-23
-24
-24
-24
-23
-23
-25
-26
-26
-25
-25
-27
-27
-28
-27
-25
-26
-27
-28
-29
-28
-27
-26
-27
-28
-28
-28
-28
-28
-29
-28
-27
-28
-30
-30
-30
-29
-29
-31
-32
-34
-32
-31
-30
-31
-33
-35
-35
-35
-32
-33
-34
-35
-37
-35
-35
-34
-34
-34
-34
-34
-35
-36
-35
-33
-34
-35
-36
-37
-38
-37
-38
-38
-39
-40
-39
-37
-35
-36
-36
-36
-39
-39
-39
-39
-38
-37
-38
-40
-41
-40
-39
-38
-38
-39
-40
-41
-40
-40
-40
-39
-40
-39
-40
-41
-42
-43
-43
-42
-41
-41
-41
-40
-39
-41
-41
-42
-42
-41
-42
-42
-42
-41
-41
-41
-42
-44
-44
-44
-44
-44
-44
-45
-45
-45
-46
-45
-45
-46
-45
-46
-47
-46
-46
-45
-44
-46
-47
-46
-47
-47
-45
-44
-43
-43
-44
-45
-44
-44
-42
-43
-42
-44
-45
-44
-43
-44
-44
-45
-46
-47
-46
-46
-46
-44
-45
-45
-45
-45
-46
-44
-43
-43
-43
-45
-46
-46
-45
-44
-43
-44
-45
-45
-45
-47
-46
-47
-47
-46
-48
-49
-49
-49
-48
-46
-46
-46
-46
-47
-47
-46
-46
-45
-45
-43
-44
-44
-43
-43
-44
-42
-42
-42
-44
-43
-42
-42
-44
-44
-43
-41
-41
-41
-43
-43
-44
-42
-44
-44
-44
-44
-43
-42
-42
-42
-42
-40
-40
-40
-40
-42
-41
-40
-39
-39
-40
-40
-39
-38
-38
-40
-40
-41
-41
-42
-42
-42
-43
-42
-40
-41
-41
-41
-42
-42
-42
-42
-44
-44
-45
-46
-44
-43
-44
-44
-44
-45
-47
-47
-47
-46
-44
-45
-46
-48
-48
-48
-48
-48
-49
-47
-48
-49
-48
-48
-47
-45
-45
-45
-45
-44
-43
-43
-42
-43
-41
-42
-40
-42
-41
-41
-42
-42
-42
-41
-43
-42
-42
-42
-43
-42
-43
-44
-43
-43
-43
-41
-41
-41
-42
-41
-42
-42
-41
-43
-42
-41
-40
-40
-40
-41
-42
-41
-41
-41
-41
-40
-40
-42
-43
-41
-41
-40
-39
-40
-39
-40
-41
-41
-38
-37
-37
-38
-39
-40
-38
-40
-41
-40
-39
-39
-40
-42
-41
-38
-37
-37
-38
-41
-40
-38
-38
-38
-38
-37
-36
-35
-37
-38
-37
-36
-35
-36
-35
-36
-36
-36
-35
-35
-35
-35
-34
-34
-35
-35
-34
-34
-33
-34
-35
-35
-35
-32
-31
-31
-30
-32
-32
-32
-32
-30
-30
-31
-29
-29
-29
-30
-29
-29
-29
-30
-31
-30
-31
-31
-30
-28
-28
-29
-28
-32
-30
-29
-31
-31
-32
-32
-30
-30
-28
-27
-29
-30
-30
-30
-29
-29
-30
-29
-29
-30
-33
-32
-32
-31
-30
-32
-32
-31
-31
-29
-30
-31
-31
-31
-30
-29
-29
-29
-29
-29
-30
-29
-28
-28
-28
-28
-27
-28
-28
-29
-29
-31
-29
-29
-29
-29
-30
-29
-31
-32
-32
-32
-30
-30
-31
-32
-32
-31
-29
-30
-31
-30
-28
-27
-29
-30
-31
-31
-32
-30
-31
-31
-30
-30
-31
-31
-31
-32
-33
-32
-32
-32
-33
-32
-33
-33
-33
-34
-33
-31
-31
-32
-32
-33
-32
-31
-29
-30
-29
-30
-31
-32
-33
-33
-32
-33
-33
-34
-34
-35
-34
-35
-35
-34
-35
-34
-32
-32
-31
-29
-30
-31
-32
-32
-32
-32
-31
-30
-30
-31
-29
-27
-27
-27
-26
-29
-31
-31
-30
-29
-28
-27
-28
-28
-27
-29
-30
-30
-30
-29
-32
-32
-33
-33
-33
-30
-30
-29
-30
-31
-31
-31
-32
-33
-34
-34
-34
-35
-36
-35
-34
-33
-32
-32
-34
-36
-38
-39
-37
-36
-33
-33
-31
-33
-32
-29
-28
-27
-26
-26
-25
-25
-24
-23
-24
-24
-26
-27
-28
-27
-25
-25
-26
-25
-26
-27
-28
-27
-25
-25
-26
-26
-26
-24
-23
-25
-25
-24
-23
-21
-20
-20
-19
-19
-18
-19
-20
-21
-19
-18
-17
-17
-18
-18
-18
-19
-18
-17
-18
-17
-19
-20
-20
-19
-17
-18
-20
-20
-21
-20
-20
-19
-19
-19
-17
-15
-16
-16
-18
-17
-16
-17
-17
-19
-18
-17
-16
-20
-20
-20
-19
-18
-17
-18
-18
-17
-18
-17
-15
-15
-16
-17
-18
-18
-17
-16
-16
-16
-18
-20
-20
-20
-18
-20
-20
-20
-22
-21
-21
-20
-20
-20
-20
-20
-18
-19
-19
-17
-16
-17
-17
-17
-17
-17
-16
-17
-18
-20
-20
-20
-20
-18
-19
-19
-20
-20
-21
-21
-18
-19
-21
-22
-23
-21
-19
-18
-19
-19
-19
-18
-19
-19
-21
-22
-20
-21
-21
-22
-21
-22
-20
-22
-23
-25
-25
-23
-22
-23
-25
-26
-25
-25
-25
-25
-24
-24
-23
-22
-22
-22
-22
-22
-20
-20
-23
-23
-22
-22
-22
-22
-22
-24
-23
-24
-25
-26
-25
-26
-27
-28
-29
-28
-27
-28
-29
-29
-29
-28
-28
-28
-28
-27
-28
-28
-30
-30
-30
-31
-29
-28
-27
-29
-30
-30
-29
-30
-29
-28
-29
-30
-30
-30
-30
-30
-29
-29
-31
-31
-31
-32
-30
-30
-29
-30
-29
-30
-31
-32
-31
-31
-32
-35
-36
-34
-33
-33
-34
-34
-35
-35
-34
-35
-35
-33
-33
-32
-32
-34
-33
-33
-32
-32
-33
-32
-32
-32
-33
-32
-32
-31
-31
-32
-33
-33
-33
-32
-31
-31
-34
-35
-36
-34
-35
-35
-36
-37
-37
-36
-36
-36
-37
-38
-38
-38
-39
-39
-39
-37
-37
-37
-38
-38
-37
-36
-35
-38
-39
-38
-36
-35
-35
-36
-37
-37
-37
-37
-37
-36
-36
-36
-35
-36
-36
-37
-36
-33
-33
-33
-33
-35
-33
-33
-34
-35
-35
-35
-35
-34
-35
-36
-37
-37
-37
-36
-36
-37
-37
-38
-37
-38
-38
-38
-38
-38
-39
-39
-39
-37
-39
-40
-39
-39
-36
-37
-37
-38
-39
-38
-38
-38
-38
-35
-36
-35
-37
-38
-37
-34
-33
-35
-37
-37
-35
-33
-31
-31
-33
-35
-35
-32
-31
-29
-30
-32
-29
-31
-31
-30
-30
-28
-28
-29
-31
-31
-29
-28
-26
-27
-30
-32
-32
-32
-31
-30
-29
-28
-29
-29
-28
-27
-26
-25
-26
-28
-27
-27
-26
-25
-26
-25
-25
-27
-29
-27
-27
-25
-26
-25
-25
-26
-27
-28
-27
-27
-26
-28
-28
-26
-26
-25
-25
-25
-23
-22
-24
-24
-23
-24
-23
-23
-24
-24
-22
-22
-22
-22
-23
-22
-21
-22
-23
-23
-24
-24
-25
-24
-23
-22
-22
-22
-21
-21
-20
-20
-18
-19
-19
-19
-18
-18
-18
-17
-17
-18
-18
-19
-19
-17
-16
-18
-19
-19
-21
-21
-19
-19
-18
-18
-19
-20
-19
-17
-17
-17
-16
-16
-16
-15
-14
-14
-15
-16
-17
-17
-18
-16
-16
-17
-17
-18
-18
-19
-18
-17
-18
-19
-20
-20
-20
-19
-19
-19
-19
-20
-20
-21
-20
-20
-20
-21
-23
-23
-22
-21
-21
-22
-21
-22
-23
-24
-25
-23
-21
-20
-21
-24
-24
-24
-23
-20
-20
-19
-19
-20
-19
-20
-18
-17
-16
-17
-18
-17
-17
-17
-17
-19
-18
-20
-21
-21
-22
-21
-20
-20
-20
-22
-19
-19
-18
-16
-14
-14
-15
-13
-13
-14
-15
-15
-14
-14
-13
-15
-16
-16
-15
-16
-16
-16
-16
-17
-17
-18
-18
-18
-17
-18
-17
-16
-15
-16
-15
-15
-16
-16
-14
-13
-11
-10
-11
-12
-12
-14
-14
-13
-13
-15
-16
-15
-15
-14
-14
-17
-17
-18
-17
-18
-18
-18
-17
-16
-15
-16
-13
-13
-13
-16
-16
-16
-14
-12
-11
-12
-13
-14
-14
-15
-15
-14
-15
-14
-14
-14
-13
-14
-14
-15
-17
-15
-15
-15
-13
-12
-12
-12
-13
-12
-13
-12
-10
-9
-9
-9
-8
-9
-8
-8
-9
-9
-7
-7
-7
-8
-9
-7
-8
-7
-9
-9
-8
-8
-7
-7
-5
-5
-5
-6
-7
-7
-7
-7
-5
-6
-7
-7
-6
-4
-4
-5
-8
-8
-8
-7
-7
-8
-8
-8
-8
-8
-8
-8
-7
-5
-5
-7
-8
-9
-9
-8
-8
-8
-7
-7
-7
-9
-9
-9
-9
-9
-10
-11
-10
-10
-11
-9
-8
-9
-8
-8
-8
-9
-9
-9
-9
-8
-8
-8
-8
-9
-9
-8
-7
-6
-6
-6
-7
-10
-9
-10
-9
-9
-7
-8
-9
-9
-10
-10
-11
-12
-11
-11
-10
-9
-11
-10
-8
-8
-8
-7
-8
-7
-9
-9
-7
-6
-5
-6
-5
-6
-5
-4
-4
-4
-2
-4
-5
-6
-5
-4
-2
-1
-2
-4
-5
-5
-4
-3
-2
-3
-5
-5
-5
-5
-4
-4
-4
-5
-4
-5
-9
-8
-8
-7
-8
-9
-11
-8
-9
-10
-11
-12
-12
-12
-11
-11
-13
-14
-14
-14
-14
-13
-13
-13
-13
-14
-14
-14
-15
-15
-16
-17
-18
-20
-18
-18
-17
-19
-20
-19
-21
-19
-18
-19
-21
-22
-23
-23
-22
-22
-21
-22
-22
-22
-21
-22
-23
-23
-23
-22
-22
-22
-22
-22
-22
-22
-22
-22
-21
-21
-21
-23
-23
-23
-24
-26
-25
-26
-24
-24
-24
-25
-23
-23
-22
-22
-23
-24
-22
-22
-21
-22
-22
-22
-20
-21
-21
-22
-22
-22
-23
-25
-24
-26
-25
-25
-23
-22
-23
-24
-25
-26
-26
-25
-25
-26
-26
-25
-25
-24
-24
-24
-24
-24
-26
-27
-27
-28
-28
-28
-28
-27
-29
-30
-30
-29
-28
-29
-29
-29
-30
-30
-30
-29
-27
-26
-28
-29
-30
-28
-28
-26
-28
-28
-28
-28
-29
-28
-28
-29
-29
-29
-30
-30
-30
-31
-32
-32
-31
-30
-30
-31
-32
-32
-31
-30
-29
-29
-28
-29
-29
-29
-30
-28
-27
-27
-27
-30
-29
-29
-28
-29
-30
-30
-31
-29
-29
-28
-27
-27
-26
-26
-27
-28
-27
-27
-26
-27
-27
-25
-26
-26
-25
-24
-24
-23
-22
-21
-22
-23
-23
-24
-24
-24
-23
-23
-23
-23
-24
-24
-25
-24
-25
-25
-26
-26
-25
-25
-24
-24
-23
-21
-22
-22
-23
-24
-23
-24
-24
-24
-23
-21
-23
-23
-26
-24
-24
-23
-24
-25
-24
-25
-25
-25
-23
-23
-23
-23
-25
-22
-22
-20
-21
-22
-22
-22
-21
-21
-21
-20
-20
-20
-21
-23
-22
-21
-19
-20
-22
-21
-21
-20
-19
-18
-19
-19
-18
-18
-20
-22
-22
-22
-21
-21
-23
-24
-25
-23
-22
-21
-22
-22
-22
-22
-23
-23
-23
-22
-21
-19
-18
-18
-18
-19
-20
-20
-19
-19
-19
-19
-18
-19
-18
-19
-18
-19
-20
-20
-20
-19
-19
-18
-16
-16
-16
-17
-19
-21
-21
-20
-18
-19
-21
-20
-19
-18
-18
-18
-18
-16
-18
-18
-19
-19
-18
-18
-18
-18
-20
-19
-18
-18
-18
-19
-20
-20
-20
-21
-22
-20
-19
-19
-18
-19
-20
-19
-17
-15
-18
-18
-19
-18
-18
-19
-20
-20
-19
-18
-20
-18
-19
-19
-19
-21
-21
-22
-23
-22
-21
-21
-21
-21
-21
-21
-19
-17
-18
-20
-21
-22
-21
-19
-20
-20
-19
-20
-20
-22
-22
-21
-20
-21
-23
-24
-23
-23
-23
-24
-24
-23
-24
-22
-24
-23
-22
-22
-20
-23
-24
-24
-22
-23
-21
-20
-21
-20
-21
-22
-23
-24
-23
-23
-22
-21
-24
-24
-23
-23
-23
-23
-24
-24
-26
-26
-26
-24
-22
-21
-22
-23
-24
-26
-26
-26
-26
-25
-24
-25
-24
-24
-26
-25
-25
-25
-24
-24
-25
-26
-25
-24
-22
-21
-23
-23
-24
-23
-23
-22
-23
-22
-22
-22
-23
-23
-24
-22
-22
-22
-23
-23
-23
-22
-24
-24
-23
-24
-25
-24
-23
-21
-22
-23
-25
-27
-26
-25
-24
-25
-26
-25
-24
-25
-25
-25
-22
-21
-22
-23
-24
-24
-24
-23
-24
-23
-22
-23
-23
-23
-23
-21
-19
-20
-21
-22
-20
-21
-21
-22
-23
-23
-22
-23
-23
-22
-22
-21
-21
-23
-24
-24
-22
-22
-22
-22
-21
-20
-20
-20
-21
-20
-21
-21
-21
-20
-19
-19
-21
-22
-23
-22
-20
-18
-18
-19
-20
-20
-19
-19
-19
-19
-19
-19
-19
-20
-20
-19
-17
-18
-18
-17
-17
-19
-19
-18
-18
-18
-19
-20
-20
-20
-21
-23
-23
-22
-21
-21
-22
-23
-24
-23
-23
-22
-23
-23
-23
-21
-18
-18
-16
-17
-17
-17
-18
-18
-19
-16
-16
-15
-16
-15
-16
-16
-16
-16
-14
-13
-13
-15
-15
-16
-15
-14
-14
-15
-15
-15
-14
-13
-11
-12
-13
-13
-12
-11
-9
-10
-11
-12
-12
-12
-12
-11
-11
-10
-10
-11
-13
-12
-12
-11
-12
-12
-12
-10
-10
-9
-9
-9
-11
-11
-10
-9
-9
-9
-9
-9
-9
-7
-8
-8
-8
-10
-9
-8
-8
-7
-7
-8
-9
-10
-10
-10
-10
-9
-9
-9
-8
-10
-9
-9
-8
-10
-10
-9
-8
-9
-9
-9
-9
-10
-9
-9
-10
-10
-10
-11
-11
-12
-13
-13
-12
-11
-11
-12
-11
-11
-12
-12
-12
-13
-12
-12
-13
-14
-14
-13
-14
-14
-16
-17
-15
-15
-15
-16
-17
-18
-19
-19
-19
-20
-21
-20
-20
-20
-20
-20
-21
-20
-20
-20
-21
-22
-23
-22
-19
-19
-19
-22
-23
-24
-22
-23
-22
-22
-21
-23
-25
-27
-27
-26
-26
-26
-27
-28
-29
-29
-29
-27
-29
-28
-29
-28
-28
-28
-27
-26
-26
-28
-27
-28
-28
-29
-28
-29
-29
-27
-28
-27
-27
-29
-30
-30
-31
-32
-31
-30
-28
-29
-29
-29
-28
-29
-28
-27
-26
-25
-24
-25
-26
-25
-25
-24
-25
-26
-27
-27
-27
-26
-26
-26
-26
-26
-25
-26
-25
-26
-25
-25
-26
-25
-25
-26
-26
-26
-27
-27
-26
-27
-29
-28
-26
-24
-25
-26
-26
-26
-26
-27
-28
-28
-26
-26
-23
-25
-25
-24
-23
-24
-25
-25
-24
-22
-21
-22
-24
-23
-23
-23
-23
-24
-24
-22
-21
-19
-20
-21
-21
-20
-21
-21
-21
-20
-19
-19
-21
-22
-24
-22
-19
-19
-21
-23
-22
-21
-20
-21
-22
-22
-23
-23
-22
-20
-20
-19
-20
-21
-22
-22
-19
-16
-17
-17
-20
-24
-24
-23
-21
-21
-21
-22
-22
-22
-22
-21
-21
-23
-24
-23
-22
-20
-20
-21
-22
-20
-20
-21
-21
-22
-24
-23
-24
-24
-23
-21
-21
-22
-23
-24
-23
-22
-22
-22
-22
-22
-23
-21
-20
-21
-21
-21
-22
-23
-24
-24
-21
-21
-20
-21
-22
-22
-21
-21
-21
-21
-21
-20
-21
-22
-22
-21
-20
-21
-22
-22
-24
-24
-23
-23
-23
-22
-21
-20
-19
-20
-21
-20
-20
-19
-19
-20
-20
-20
-21
-20
-20
-20
-20
-21
-22
-22
-23
-22
-21
-19
-19
-22
-22
-22
-22
-22
-23
-22
-23
-21
-21
-22
-22
-21
-21
-21
-21
-20
-22
-22
-22
-22
-22
-22
-22
-22
-22
-22
-21
-21
-20
-20
-22
-21
-21
-21
-21
-22
-22
-24
-21
-21
-20
-19
-19
-19
-20
-21
-22
-22
-23
-22
-21
-20
-19
-21
-20
-20
-20
-21
-20
-20
-22
-22
-22
-22
-23
-23
-24
-23
-21
-20
-22
-23
-22
-22
-23
-21
-22
-22
-21
-22
-21
-22
-23
-20
-20
-20
-21
-21
-21
-21
-22
-21
-21
-22
-22
-21
-21
-21
-21
-21
-22
-23
-24
-24
-25
-24
-25
-23
-23
-24
-22
-19
-20
-23
-25
-25
-24
-22
-24
-24
-23
-22
-21
-22
-23
-23
-22
-22
-22
-22
-22
-22
-22
-24
-23
-24
-24
-24
-23
-23
-23
-22
-23
-24
-23
-24
-24
-26
-27
-28
-26
-26
-26
-26
-26
-26
-27
-28
-28
-28
-27
-26
-27
-28
-26
-25
-25
-25
-26
-27
-27
-25
-25
-24
-24
-25
-26
-26
-26
-25
-23
-22
-24
-25
-25
-26
-25
-24
-25
-26
-27
-27
-26
-24
-23
-22
-24
-23
-22
-22
-22
-21
-22
-22
-20
-20
-21
-20
-20
-20
-20
-21
-21
-19
-19
-20
-19
-19
-19
-20
-20
-21
-21
-20
-21
-20
-19
-18
-18
-19
-19
-19
-19
-17
-19
-20
-20
-19
-18
-18
-18
-16
-15
-17
-17
-16
-15
-13
-13
-15
-15
-14
-14
-13
-14
-14
-15
-14
-13
-14
-15
-14
-12
-12
-14
-16
-16
-16
-13
-15
-16
-16
-17
-18
-19
-18
-19
-17
-16
-17
-19
-20
-21
-19
-17
-16
-16
-16
-19
-18
-18
-18
-16
-16
-16
-17
-16
-17
-18
-17
-16
-16
-17
-19
-19
-19
-20
-20
-20
-21
-21
-22
-21
-20
-18
-16
-17
-17
-18
-19
-18
-19
-18
-18
-17
-17
-17
-18
-18
-18
-18
-18
-17
-18
-18
-19
-21
-19
-20
-19
-19
-16
-16
-18
-19
-21
-20
-19
-19
-19
-19
-19
-18
-19
-19
-19
-18
-17
-18
-20
-21
-21
-20
-21
-21
-22
-23
-23
-23
-21
-22
-22
-22
-23
-20
-23
-25
-27
-28
-27
-26
-26
-24
-25
-26
-24
-24
-25
-25
-25
-25
-24
-26
-26
-26
-26
-26
-26
-26
-27
-25
-26
-27
-26
-26
-27
-26
-27
-27
-29
-28
-28
-27
-27
-28
-29
-30
-30
-30
-30
-29
-31
-32
-31
-32
-31
-31
-31
-32
-31
-31
-30
-31
-31
-32
-32
-32
-33
-35
-34
-35
-35
-33
-35
-36
-35
-35
-34
-34
-35
-37
-36
-36
-34
-34
-34
-32
-33
-33
-34
-34
-33
-33
-34
-35
-35
-36
-36
-36
-38
-38
-37
-37
-37
-35
-34
-33
-34
-34
-37
-36
-35
-34
-34
-35
-33
-33
-34
-35
-36
-35
-33
-33
-34
-36
-36
-35
-32
-32
-31
-32
-33
-34
-33
-32
-32
-30
-29
-30
-30
-29
-29
-29
-28
-30
-30
-30
-29
-28
-26
-27
-28
-29
-29
-28
-25
-25
-25
-23
-25
-26
-25
-26
-25
-26
-26
-26
-26
-27
-28
-27
-26
-24
-25
-25
-26
-25
-26
-25
-27
-26
-27
-27
-28
-27
-26
-24
-22
-21
-21
-24
-25
-26
-25
-23
-22
-22
-24
-23
-24
-21
-20
-22
-21
-20
-19
-18
-19
-20
-20
-20
-19
-19
-18
-18
-17
-14
-15
-16
-17
-17
-15
-14
-15
-17
-18
-17
-14
-13
-15
-17
-16
-15
-15
-15
-17
-15
-14
-14
-16
-18
-18
-18
-17
-17
-15
-15
-14
-14
-15
-17
-20
-21
-19
-16
-16
-16
-15
-15
-15
-15
-15
-16
-15
-15
-14
-14
-14
-12
-12
-12
-13
-14
-15
-15
-14
-14
-13
-12
-14
-13
-15
-15
-13
-13
-14
-15
-16
-15
-15
-12
-12
-12
-15
-16
-19
-20
-18
-16
-15
-16
-16
-18
-18
-18
-18
-19
-19
-20
-20
-22
-20
-20
-21
-20
-21
-20
-20
-20
-21
-20
-19
-21
-21
-20
-20
-19
-22
-24
-25
-24
-25
-25
-23
-24
-23
-23
-24
-25
-25
-25
-26
-25
-25
-24
-26
-24
-23
-22
-21
-22
-23
-22
-22
-23
-21
-20
-19
-20
-21
-20
-22
-20
-19
-19
-19
-21
-22
-22
-23
-21
-19
-20
-19
-20
-19
-19
-19
-17
-16
-16
-18
-18
-17
-16
-16
-16
-16
-16
-16
-16
-15
-15
-16
-16
-15
-17
-17
-16
-14
-17
-17
-18
-17
-17
-17
-18
-18
-17
-18
-18
-18
-18
-18
-18
-19
-19
-20
-18
-18
-19
-18
-19
-20
-18
-18
-18
-16
-17
-18
-19
-20
-19
-17
-17
-16
-15
-15
-16
-16
-16
-16
-15
-15
-16
-15
-15
-14
-12
-12
-12
-13
-14
-15
-14
-14
-15
-14
-15
-14
-13
-13
-13
-13
-14
-14
-13
-13
-12
-12
-12
-12
-13
-14
-13
-12
-13
-13
-11
-13
-13
-14
-14
-12
-11
-12
-13
-13
-14
-13
-12
-11
-14
-14
-14
-14
-13
-13
-13
-13
-15
-16
-17
-14
-12
-12
-13
-14
-15
-16
-15
-17
-15
-16
-16
-17
-19
-19
-16
-15
-15
-15
-15
-16
-18
-19
-19
-20
-19
-20
-19
-19
-21
-20
-19
-19
-18
-19
-19
-18
-18
-18
-19
-17
-17
-20
-20
-20
-17
-17
-16
-15
-15
-17
-18
-18
-18
-17
-16
-16
-19
-19
-18
-16
-15
-16
-17
-17
-16
-17
-18
-19
-20
-19
-17
-18
-19
-19
-18
-15
-18
-19
-20
-20
-20
-19
-20
-22
-22
-21
-20
-19
-21
-22
-22
-21
-20
-19
-18
-17
-17
-17
-17
-17
-16
-15
-14
-14
-13
-13
-12
-12
-12
-12
-12
-11
-11
-13
-14
-15
-15
-14
-14
-12
-12
-13
-16
-17
-15
-13
-11
-13
-14
-14
-12
-10
-9
-11
-13
-12
-10
-11
-11
-12
-13
-11
-11
-12
-11
-12
-11
-10
-10
-11
-11
-11
-10
-11
-11
-12
-11
-9
-7
-7
-9
-10
-11
-11
-9
-8
-7
-7
-8
-10
-11
-11
-9
-9
-11
-11
-10
-9
-9
-9
-8
-8
-8
-8
-8
-9
-8
-7
-7
-8
-9
-9
-10
-11
-9
-9
-7
-9
-11
-11
-12
-11
-9
-9
-8
-8
-9
-10
-11
-8
-9
-8
-7
-7
-7
-7
-7
-7
-8
-8
-9
-8
-9
-9
-8
-9
-10
-9
-7
-7
-8
-7
-8
-9
-10
-9
-9
-9
-8
-6
-6
-6
-6
-7
-7
-8
-9
-8
-9
-10
-9
-8
-8
-8
-7
-8
-8
-9
-10
-10
-8
-8
-8
-9
-10
-9
-8
-7
-8
-7
-8
-9
-9
-8
-7
-5
-6
-7
-8
-7
-7
-8
-9
-9
-7
-6
-5
-6
-6
-6
-8
-7
-7
-8
-10
-10
-10
-9
-7
-8
-7
-9
-9
-10
-9
-7
-7
-7
-7
-7
-7
-6
-6
-6
-6
-7
-9
-7
-8
-7
-5
-5
-4
-4
-4
-5
-7
-7
-7
-6
-4
-4
-4
-5
-3
-3
-3
-4
-4
-3
-2
-2
-3
-3
-3
-3
-3
-2
-2
-4
-4
-5
-7
-7
-7
-8
-6
-4
-3
-4
-4
-3
-3
-3
-2
-1
-1
-2
-2
0
1
2
1
0
0
2
2
2
0
-1
0
0
-1
0
-1
0
-1
-2
-2
-3
-2
-1
0
0
2
0
-1
0
1
1
0
0
-1
-1
1
0
1
1
1
0
-1
-2
-2
-1
0
2
4
4
4
4
5
5
6
5
5
4
6
9
9
9
9
10
8
9
9
11
11
10
10
9
9
10
10
10
9
7
8
7
7
7
8
7
7
9
8
7
5
4
7
9
10
11
10
9
10
8
8
9
9
9
7
7
6
6
9
7
6
4
4
5
6
6
6
7
5
5
3
2
4
4
4
5
4
5
5
4
5
6
6
5
3
3
3
5
6
6
5
3
3
2
1
2
4
6
3
1
0
0
2
2
3
0
-1
2
1
1
0
-1
-2
-2
-2
-3
-4
-3
-2
0
-1
-3
-3
-1
0
-1
-2
-4
-3
-2
-3
-2
-1
-2
-2
-2
-2
-3
-2
0
-1
0
-1
-4
-3
-1
0
1
1
1
0
0
-1
0
0
0
1
1
1
1
1
3
4
4
3
3
2
4
4
4
4
3
2
4
1
2
3
4
3
2
2
3
6
5
4
4
4
2
2
3
2
4
6
4
5
6
5
6
4
4
3
4
4
4
5
4
3
1
1
2
2
3
2
2
2
3
1
2
4
4
4
4
5
4
6
6
6
6
6
6
6
8
9
8
8
7
7
10
10
11
9
9
9
8
9
9
10
9
9
9
8
7
8
9
10
9
7
7
8
9
10
10
10
11
11
11
11
11
11
12
13
14
14
13
13
13
14
14
16
15
16
17
17
18
18
18
17
17
18
20
19
19
18
17
16
17
17
17
18
17
16
16
18
19
19
17
15
15
16
17
19
18
18
17
18
16
16
17
18
18
18
17
16
17
18
20
21
21
20
20
21
21
20
20
20
21
20
18
18
18
18
22
21
19
18
16
18
18
18
17
16
16
16
17
17
17
16
16
17
17
19
20
20
20
20
22
22
22
22
22
23
23
22
22
22
21
22
21
20
20
23
23
23
22
19
19
19
21
22
22
20
21
22
23
24
22
22
23
25
24
23
21
20
22
23
21
22
23
24
23
23
21
22
23
24
25
26
25
26
26
27
27
27
25
24
24
24
26
26
26
25
23
22
21
20
20
20
18
18
20
21
21
22
21
21
21
20
21
21
23
22
22
22
22
23
24
24
23
23
24
22
22
22
24
26
24
22
21
22
25
26
25
25
24
25
25
24
23
23
24
25
25
26
24
24
23
25
26
27
26
24
24
22
23
24
24
24
24
23
21
22
21
22
22
21
20
19
19
19
20
21
22
22
23
22
20
21
22
22
22
20
20
21
23
23
21
23
22
22
23
23
23
24
25
26
26
25
26
26
25
25
24
24
26
27
28
28
29
26
27
27
28
28
28
28
28
29
29
29
30
30
30
30
31
30
29
29
30
30
29
29
30
30
30
30
30
30
30
30
30
31
29
30
30
29
28
28
29
32
32
31
29
31
32
32
30
31
31
31
32
32
30
31
30
31
31
31
30
31
31
31
31
30
30
30
30
30
31
31
30
29
29
30
31
32
31
31
31
32
32
32
31
32
33
33
32
32
32
33
32
31
31
31
31
31
31
30
32
31
30
30
29
28
29
29
28
28
28
27
26
25
24
25
25
26
27
28
29
29
28
28
27
28
30
30
30
30
30
30
29
27
27
27
26
28
27
27
27
25
26
25
24
24
24
23
26
27
26
25
25
25
26
24
25
24
22
23
22
24
23
24
24
25
26
25
24
23
24
24
24
25
24
25
25
27
26
25
25
25
26
28
27
27
26
24
23
24
26
25
26
24
21
22
23
23
24
23
22
21
20
18
20
21
22
21
20
18
21
22
21
22
20
19
20
23
23
23
21
21
22
23
24
23
22
22
23
24
23
23
23
22
21
21
20
19
19
21
21
24
23
20
19
19
21
20
20
19
21
23
23
22
22
24
24
25
25
24
23
22
21
22
22
21
21
20
21
20
21
18
18
19
19
19
18
18
18
19
19
18
18
18
19
19
21
21
21
21
20
20
19
18
19
19
18
17
17
18
20
21
21
21
20
21
22
23
24
24
23
23
23
25
26
26
25
23
21
19
20
21
22
23
23
20
20
20
21
20
19
17
20
21
20
21
20
21
21
19
18
16
16
18
18
17
19
20
19
18
16
15
16
18
18
18
19
19
18
19
18
18
17
16
17
19
21
20
20
19
19
20
19
17
18
18
19
19
19
19
20
21
20
19
18
19
21
22
21
19
19
22
23
24
24
21
21
20
20
20
22
22
22
19
20
21
22
24
24
23
22
22
23
22
23
23
24
23
21
20
20
19
21
20
20
20
20
21
21
20
18
17
18
19
23
23
24
24
23
23
25
24
23
24
24
25
25
26
26
27
28
27
25
25
26
29
28
27
27
24
24
25
25
23
23
24
23
24
24
23
23
25
23
22
21
21
20
20
20
20
21
22
23
24
23
21
20
20
21
22
23
24
24
24
24
25
23
25
24
25
26
24
23
22
22
22
23
23
24
24
23
23
23
24
26
26
26
24
23
26
26
27
28
26
26
27
29
29
29
30
29
29
31
31
31
30
30
31
30
28
28
29
31
33
32
31
28
27
29
30
31
32
32
32
30
30
30
32
32
31
28
26
27
28
30
31
30
30
28
27
27
28
31
30
28
27
26
27
28
29
28
28
28
29
29
30
28
27
28
28
29
28
27
25
25
25
25
24
25
24
23
23
22
23
25
23
21
23
23
24
25
25
26
25
25
25
26
25
23
24
24
25
24
24
24
24
25
25
25
26
25
24
26
26
27
29
27
24
24
24
24
24
25
27
27
27
26
25
26
25
25
23
25
27
28
28
26
26
27
28
29
29
28
29
30
29
29
30
31
30
30
28
28
29
31
31
30
28
27
27
29
29
29
30
29
28
26
27
27
31
30
32
30
30
33
34
32
32
31
30
31
30
28
29
29
30
30
29
28
29
30
32
32
33
30
29
29
30
31
32
31
29
30
29
28
27
28
29
29
28
26
25
27
28
28
27
27
27
28
28
27
27
28
31
32
32
31
29
29
31
31
30
31
33
33
32
33
31
33
33
34
33
34
34
33
33
33
35
35
35
36
35
35
35
36
37
38
37
35
34
34
35
36
35
35
37
38
37
35
34
35
37
38
36
34
35
35
37
35
34
35
36
35
34
33
34
36
37
38
38
36
37
36
37
38
38
37
38
37
38
39
39
39
38
38
38
38
39
40
41
41
40
40
40
41
42
42
40
41
42
43
45
44
43
43
42
42
43
41
42
43
42
41
41
41
42
43
43
40
38
38
38
39
41
41
42
41
42
42
42
41
40
40
40
41
40
39
39
39
41
42
41
39
38
39
39
38
39
41
43
42
39
40
39
42
41
41
41
43
44
43
42
41
41
41
41
40
39
40
42
43
42
41
44
45
44
44
42
41
43
43
42
41
41
42
44
45
45
44
43
43
43
43
43
40
42
43
44
46
44
44
43
43
42
44
43
43
44
43
43
43
45
44
44
44
44
45
45
46
46
43
44
44
45
45
45
45
45
45
45
44
44
43
44
45
45
45
43
42
42
42
43
45
46
48
47
46
44
44
46
46
46
43
43
41
43
45
47
46
43
42
42
43
43
41
41
41
42
42
40
41
42
43
42
41
40
41
41
41
41
40
38
39
41
41
42
41
40
40
41
39
40
39
39
40
40
39
39
39
39
38
39
40
39
39
39
40
39
39
39
38
38
40
41
40
39
37
38
40
40
41
41
44
45
46
46
45
45
44
45
46
47
46
46
46
45
46
46
46
45
45
46
44
44
45
46
44
44
42
42
44
44
45
44
43
40
41
41
44
43
42
41
42
42
43
44
44
45
44
43
42
44
43
43
41
43
43
44
46
44
44
42
42
41
43
44
44
42
42
42
43
44
45
45
46
45
42
43
42
42
44
44
42
43
42
42
41
43
41
42
42
42
43
44
45
45
45
44
45
46
45
45
45
45
45
43
43
44
44
44
44
41
41
42
42
44
45
44
43
42
44
45
46
46
45
45
42
44
44
44
44
44
44
44
43
43
44
45
45
45
44
45
46
45
43
42
42
43
45
47
47
47
47
47
46
46
45
44
44
44
45
45
44
46
47
45
45
45
45
45
46
45
44
46
47
45
43
43
43
43
44
45
45
45
44
45
47
45
44
42
42
40
40
39
40
42
42
42
40
39
39
40
40
40
38
35
37
38
40
41
41
40
41
40
39
39
40
40
41
41
40
40
41
42
42
42
43
42
42
41
41
42
41
41
40
39
38
39
40
39
40
43
42
41
40
40
39
40
41
40
40
40
41
43
44
43
43
42
41
41
40
41
42
43
45
44
44
43
44
45
45
46
44
45
45
46
47
47
47
46
47
47
46
47
46
47
47
47
48
49
50
48
48
47
45
45
47
46
46
47
48
49
48
47
46
45
45
46
47
48
47
46
47
50
48
46
47
46
47
48
48
49
49
50
49
50
49
49
50
48
46
45
47
48
49
48
47
47
46
45
47
46
46
46
43
42
44
47
46
46
45
43
43
45
46
46
46
45
45
45
44
44
46
46
48
49
49
48
46
46
45
48
48
47
46
45
45
48
49
49
50
50
50
49
50
49
51
50
49
49
49
51
51
52
51
50
51
50
51
51
50
50
50
49
48
49
51
51
51
51
50
51
52
53
52
52
52
53
52
52
52
51
50
51
50
50
48
48
48
47
47
46
47
47
47
46
45
46
46
46
46
46
45
45
46
45
48
48
47
47
45
46
47
47
46
47
46
45
45
45
45
46
45
45
43
43
44
46
48
48
49
49
47
47
46
46
48
48
47
46
45
44
46
47
46
44
44
43
43
42
42
43
44
43
44
44
43
43
46
46
46
46
46
46
47
48
47
48
48
49
47
46
45
44
45
45
46
45
45
42
42
42
44
44
44
42
42
41
41
40
42
42
41
40
39
40
40
39
38
38
39
39
39
37
36
37
37
37
37
38
37
37
38
38
40
40
39
39
38
38
38
37
36
36
37
38
37
36
35
34
35
35
34
34
32
32
30
30
29
30
31
33
31
30
30
30
31
33
33
31
31
31
32
32
32
31
32
33
33
31
31
30
32
31
32
32
31
32
31
31
33
35
36
35
33
32
34
35
35
34
32
31
32
33
35
34
35
33
31
30
30
33
34
33
31
32
33
34
34
32
30
29
31
32
33
32
32
32
31
31
33
32
35
35
34
33
34
33
33
33
32
31
30
29
31
30
32
30
29
31
30
29
29
32
32
35
35
36
34
33
31
31
31
31
31
31
31
31
31
32
30
29
27
25
25
26
28
30
28
27
27
28
30
30
28
27
26
27
28
28
30
31
31
31
30
31
30
30
30
31
32
33
32
34
34
35
36
35
35
35
34
34
36
35
37
36
36
36
35
35
34
34
34
35
35
35
35
36
38
39
38
39
39
39
39
41
41
41
40
40
39
40
39
40
40
41
41
42
43
44
42
42
40
41
40
40
42
41
44
43
43
41
39
40
40
39
37
37
38
35
38
38
40
42
41
41
40
41
44
42
42
39
36
38
36
39
41
39
40
38
39
40
40
43
41
40
40
39
41
44
45
45
43
42
42
44
45
46
44
43
42
43
43
45
44
45
45
45
45
44
46
46
46
48
46
45
46
45
45
45
44
46
44
45
46
46
49
46
45
42
43
43
43
45
44
41
41
41
41
41
40
40
41
40
41
41
42
43
43
41
45
43
45
45
45
46
43
43
44
43
45
42
43
40
40
38
38
39
38
38
37
34
34
32
34
35
36
38
37
35
35
35
35
35
37
38
35
37
35
37
36
35
33
31
34
35
34
36
34
35
36
36
38
34
33
34
31
35
37
39
41
39
38
37
38
40
39
39
39
38
38
37
37
39
39
36
37
36
37
36
37
38
39
41
39
40
36
38
38
37
40
35
40
39
39
44
40
41
40
39
42
40
40
41
41
42
40
40
38
39
38
40
37
34
35
34
37
35
35
33
36
32
34
31
32
30
32
29
30
30
33
34
34
36
33
35
33
36
35
37
36
38
39
37
39
37
35
40
33
43
40
38
36
32
38
45
40
44
30
36
36
40
41
40
38
40
32
36
33
37
38
36
31
32
30
31
34
30
32
32
25
30
32
32
37
30
31
36
31
43
38
36
35
38
37
50
32
39
42
35
59
34
45
41
35
51
42
44
46
41
47
41
38
43
37
45
36
40
32
38
35
37
37
29
34
30
31
34
30
35
31
30
30
32
29
36
32
31
38
30
38
36
37
39
39
31
45
33
42
39
38
40
43
37
48
39
43
42
37
40
42
38
41
40
35
43
36
45
40
43
41
45
38
42
38
40
43
41
42
43
37
42
38
41
41
41
40
40
39
38
40
40
38
39
34
43
35
40
38
36
39
37
37
34
38
31
39
29
37
34
34
37
32
36
35
35
35
36
32
38
33
37
35
37
34
41
34
37
37
35
46
31
46
32
47
38
45
43
40
45
38
44
39
43
41
45
39
43
46
42
52
40
46
38
47
39
52
39
43
39
39
41
42
45
36
52
23
51
35
36
50
29
43
40
25
48
34
42
42
32
35
44
27
51
35
38
38
28
38
40
33
43
29
30
32
34
34
42
30
30
31
19
35
33
28
37
21
25
28
25
29
33
25
27
27
18
37
26
31
34
22
32
26
29
36
30
37
33
32
31
41
35
48
34
40
43
39
48
41
45
44
47
44
51
44
50
49
47
47
44
46
47
43
45
43
40
47
35
42
35
37
40
36
33
40
27
44
26
42
30
40
30
37
26
43
22
42
18
31
29
21
36
22
35
24
27
20
27
21
22
20
18
25
21
18
19
22
23
10
28
-4
34
5
17
19
9
12
26
-1
23
16
6
25
13
9
33
11
24
29
15
29
36
9
49
23
39
49
28
51
47
44
57
51
51
63
55
58
66
59
67
76
58
72
72
60
81
64
67
84
54
74
68
59
78
62
62
70
63
56
72
50
59
63
43
58
49
37
54
39
35
45
23
36
25
27
8
36
-4
30
0
-2
8
-5
-6
-3
-21
-14
-18
-29
-20
-43
-8
-66
-1
-72
-32
-41
-61
-20
-68
-25
-67
-29
-56
-40
-26
-52
-16
-37
-27
-14
-7
-12
13
3
8
35
16
46
50
57
67
77
77
95
111
106
127
132
131
152
149
154
175
167
181
181
189
190
203
189
203
194
201
201
196
200
191
198
186
186
176
178
165
163
146
139
132
116
112
83
86
58
56
29
14
-2
-29
-42
-64
-75
-106
-109
-149
-149
-186
-187
-226
-213
-278
-237
-312
-276
-333
-319
-331
-356
-337
-363
-339
-362
-331
-343
-273
-310
-251
-269
-228
-188
-171
-122
-96
-46
-35
14
23
89
128
151
183
205
221
262
269
298
321
327
326
332
318
336
331
326
311
308
287
269
265
239
252
217
203
181
187
168
160
167
156
152
150
108
164
144
152
165
151
160
181
173
189
223
195
226
223
222
253
259
245
265
239
242
243
225
216
204
170
153
111
96
73
32
-11
-56
-109
-125
-212
-206
-317
-291
-424
-404
-494
-520
-504
-621
-534
-679
-593
-679
-529
-635
-560
-610
-581
-433
-520
-390
-390
-276
-280
-219
-197
-65
18
4
100
127
188
249
265
330
398
404
407
442
435
491
512
487
509
477
471
459
448
415
438
382
350
305
263
261
238
196
166
113
99
23
52
-28
19
-26
-48
-71
-111
-61
-78
-35
-54
-69
-1
-38
17
49
69
148
168
139
216
242
275
356
326
364
418
373
407
449
427
458
441
358
407
343
325
315
253
197
183
101
29
25
-84
-93
-178
-274
-323
-355
-459
-480
-555
-635
-637
-725
-741
-751
-786
-808
-684
-821
-755
-802
-764
-586
-657
-593
-555
-445
-453
-344
-347
-166
-58
-100
-16
56
136
236
274
295
434
424
421
494
503
582
626
572
580
598
564
587
587
532
563
502
438
419
384
362
380
289
244
199
147
143
133
79
46
24
-42
3
-85
-13
-56
-24
-82
-67
-41
-13
20
20
70
79
127
113
204
228
280
294
290
354
370
418
403
444
423
439
420
392
430
363
351
300
204
277
100
161
9
-34
-76
-218
-207
-352
-362
-493
-533
-651
-691
-736
-784
-802
-839
-872
-795
-937
-848
-938
-839
-720
-798
-722
-694
-606
-568
-462
-457
-271
-198
-225
-101
-49
57
188
215
244
379
367
410
497
511
608
648
598
621
651
637
681
677
629
651
594
538
545
499
489
462
391
323
289
248
212
186
112
60
98
-71
5
-89
-79
-22
-116
-155
-75
-156
-68
-18
-139
60
-22
18
97
124
149
293
210
272
383
345
438
496
432
567
551
502
601
559
561
594
492
479
499
386
376
379
171
269
105
5
30
-160
-159
-234
-420
-406
-482
-692
-593
-759
-885
-834
-903
-1001
-947
-959
-999
-906
-1092
-952
-1028
-825
-851
-825
-772
-686
-584
-605
-439
-377
-200
-181
-134
-41
67
205
244
330
394
483
486
547
611
688
748
745
723
747
765
767
776
760
731
714
640
595
573
546
526
480
393
311
281
241
220
116
147
5
93
-36
-75
-29
-79
-10
-69
-111
-49
-85
-5
-39
55
52
112
84
142
196
279
343
293
389
380
450
475
497
543
571
545
491
559
496
553
451
421
379
276
342
136
186
62
10
-62
-205
-208
-331
-362
-568
-544
-732
-754
-843
-909
-1058
-957
-1054
-1137
-1010
-1044
-1210
-1068
-1201
-922
-1005
-912
-904
-826
-764
-678
-542
-497
-272
-229
-240
-98
19
142
265
335
386
506
512
537
667
738
806
813
784
781
855
800
867
848
818
768
716
641
654
623
611
545
476
395
346
328
248
280
149
173
86
31
21
24
-8
19
-15
-105
16
-95
23
23
2
104
102
77
163
212
260
338
333
328
434
421
474
519
512
550
533
504
462
565
472
476
340
393
301
277
162
231
19
-7
-94
-148
-323
-319
-341
-676
-476
-876
-748
-914
-994
-1126
-1034
-1185
-1199
-1136
-1160
-1219
-1143
-1340
-1050
-1012
-1084
-919
-860
-885
-693
-575
-626
-238
-223
-249
-20
1
114
397
352
437
623
591
597
800
745
922
947
880
866
971
853
959
934
887
864
792
698
700
690
634
635
499
436
406
338
299
281
238
166
96
10
24
44
9
6
-27
-65
-86
-20
-57
58
35
12
115
29
173
214
280
281
373
296
432
408
519
511
576
538
555
546
537
615
521
538
387
455
342
258
316
85
144
-157
30
-303
-347
-291
-708
-485
-810
-926
-859
-1166
-1129
-1229
-1290
-1278
-1441
-1216
-1281
-1348
-1394
-1514
-931
-1259
-1026
-1033
-999
-760
-704
-697
-439
-163
-192
-126
22
32
402
478
470
650
726
706
828
859
978
1135
1077
1001
1033
1057
1020
1107
1034
1011
944
824
796
744
745
721
631
529
478
320
341
285
217
255
72
12
39
-69
-38
60
-102
-22
-78
-188
-8
-2
13
71
67
81
170
175
261
399
364
405
484
440
550
633
633
629
635
616
567
603
579
556
516
362
325
174
262
95
-24
-185
-105
-577
-362
-803
-549
-893
-1245
-932
-1332
-1599
-1270
-1572
-1616
-1509
-1385
-1725
-1457
-1850
-1450
-1106
-1447
-1101
-1092
-1111
-870
-618
-764
-189
-86
-193
36
203
169
669
764
689
946
962
885
1148
1149
1284
1411
1309
1162
1289
1161
1231
1292
1199
1100
983
826
765
796
690
713
539
466
297
107
239
86
179
44
-119
-217
-199
-252
-59
-162
-164
-183
-262
-209
-91
15
79
90
129
64
272
291
509
477
618
600
570
700
730
910
812
867
822
726
694
755
694
575
464
412
193
184
43
-106
-261
-376
-621
-755
-940
-1021
-1180
-1309
-1681
-1503
-1985
-1734
-1829
-1969
-1725
-1848
-1910
-1705
-2119
-1596
-1231
-1409
-1211
-1095
-1083
-737
-433
-523
-30
262
96
364
504
622
1052
1225
1193
1302
1358
1301
1527
1612
1622
1691
1594
1430
1399
1333
1359
1366
1243
1023
798
686
602
534
461
394
210
71
-69
-337
-140
-194
-238
-284
-500
-576
-433
-419
-342
-224
-227
-325
-115
-306
166
121
441
284
473
406
673
727
1029
953
1041
1105
936
1193
1106
1222
1177
1030
960
809
742
748
688
457
220
99
-36
-419
-170
-808
-838
-1019
-1234
-1588
-1696
-1905
-2074
-2118
-2401
-2325
-2551
-2516
-2360
-1944
-2412
-1930
-2626
-1842
-1487
-1315
-1253
-1042
-861
-423
-237
-108
386
826
861
1042
1090
1347
1767
1962
1969
2119
2017
1983
2092
2121
2103
2062
1887
1735
1588
1328
1188
1162
947
825
339
138
-83
-129
-193
-272
-567
-531
-1007
-911
-992
-954
-725
-813
-986
-947
-831
-703
-327
-206
-192
49
67
168
641
709
949
1297
1047
1389
1310
1613
1688
1914
1727
1690
1663
1476
1599
1472
1288
1214
852
565
510
227
101
-70
-511
-752
-1055
-1315
-1406
-1888
-2106
-2298
-2824
-2728
-3114
-3127
-3324
-3269
-3202
-3340
-2793
-2778
-2585
-2331
-2717
-1949
-1315
-1095
-776
-632
-358
299
652
822
1502
1830
1945
2194
2258
2436
2890
2943
3032
2999
2665
2501
2516
2484
2289
2026
1590
1341
997
565
297
100
-110
-436
-864
-1295
-1404
-1565
-1699
-1744
-1870
-1846
-1655
-1894
-1784
-1548
-1633
-762
-841
-581
-357
-220
197
870
1105
1370
1687
1614
1995
2300
2410
2728
2923
2626
2671
2496
2381
2633
2406
2096
1784
1365
1021
887
528
324
6
-557
-941
-1282
-1662
-1726
-2132
-2637
-2732
-3357
-3407
-3546
-4216
-3865
-4240
-4261
-3978
-4393
-3938
-3819
-3022
-2533
-2362
-1986
-2472
-1097
-340
279
644
843
1153
2102
2355
2593
3304
3695
3802
3878
3659
3558
3834
3749
3754
3383
2647
2077
1797
1622
1190
636
58
-389
-880
-1525
-1944
-2197
-2233
-2476
-2911
-3285
-3378
-3331
-3087
-2972
-2798
-2626
-2327
-1915
-1195
-544
-295
341
440
1357
1885
2406
2837
3342
3423
3853
3839
4017
4281
4183
4009
3733
3407
3157
3036
2662
2332
1786
1256
766
401
16
-449
-1010
-1437
-1786
-2084
-2336
-2884
-3104
-3515
-3698
-4003
-4061
-4403
-4320
-4561
-4721
-4404
-4931
-3967
-4488
-3653
-3437
-3032
-1359
-1512
-606
-1200
-279
885
2287
2457
2802
2748
3423
3955
4246
4699
4963
4942
4579
4283
3651
3538
3208
3110
2668
1553
450
-359
-580
-881
-1366
-2119
-2771
-3146
-3685
-3968
-4132
-3941
-3750
-3612
-3749
-3705
-3464
-2871
-2043
-1375
-883
-665
-189
396
1550
2351
3088
3262
3589
3903
4406
4885
4983
5066
4842
4482
4198
4003
3601
3460
2792
2231
1612
1091
637
486
62
-271
-785
-1250
-1525
-1746
-1901
-2369
-2371
-2778
-2611
-2754
-3089
-3127
-3544
-3479
-3445
-3293
-3534
-3754
-3973
-3919
-3356
-3208
-3395
-2825
-2490
-1049
59
-466
-29
-552
941
2466
3175
3107
3028
2898
3630
4051
4041
4350
4321
3942
3519
2716
1942
1831
1623
1466
779
-520
-1696
-2095
-2142
-2193
-2548
-3133
-3450
-3482
-3727
-3682
-3487
-2923
-2296
-1894
-1820
-1600
-1259
-484
538
1344
1759
1908
1975
2489
3020
3344
3905
4007
4142
3968
3466
3452
3507
3530
3292
2767
2056
1579
1324
979
908
594
183
-140
-484
-708
-663
-706
-582
-742
-835
-1202
-1319
-1518
-1323
-1499
-1253
-1738
-1842
-2422
-2505
-2734
-2848
-2746
-3266
-3334
-3632
-4183
-3677
-3895
-3071
-2647
-1673
-856
-618
-538
-984
208
1699
3045
3264
3031
2540
3141
3491
4019
4387
4425
3810
3213
2469
1842
1524
1106
1066
665
-311
-1715
-2636
-2772
-2476
-2415
-2739
-3123
-3307
-3456
-3313
-2995
-2241
-1567
-1011
-715
-316
-185
330
962
2138
2939
3283
2916
2588
2877
3104
3981
4210
3923
3488
2473
2206
2366
2297
2317
1841
1128
727
151
-106
-67
144
130
25
-473
-655
-532
-279
132
173
119
-210
-656
-879
-911
-904
-936
-1161
-1856
-2210
-2902
-3273
-3128
-3867
-3518
-4479
-4735
-4565
-5135
-4008
-3580
-2503
-513
-701
-614
-930
-374
1860
3744
3967
4135
3611
3551
4100
4371
4727
5031
4319
3562
2716
1525
685
169
177
69
-687
-2403
-3612
-4004
-3819
-3370
-3234
-3290
-3173
-3339
-3167
-2653
-1868
-894
218
927
1425
1499
1429
2163
3229
4287
4560
4152
3387
2943
2981
3152
3492
3106
2505
1412
878
465
436
406
242
40
-255
-639
-902
-768
-356
145
483
586
514
654
795
1199
1453
1614
1333
945
535
-143
-389
-871
-1091
-1584
-2315
-3248
-4111
-4534
-5019
-5136
-5637
-6198
-6161
-5660
-5011
-3851
-3101
-1145
-566
362
-99
1116
3056
4640
5458
5480
5158
5359
5294
5225
5554
5151
4261
3193
2044
893
-147
-1313
-1674
-1972
-2695
-3923
-4949
-5309
-4962
-4592
-4069
-3564
-2959
-2660
-2032
-1315
-103
967
1938
2817
3594
3899
4057
4199
4778
5136
5046
4327
3398
2884
2238
2102
1493
1055
177
-565
-951
-1252
-1210
-1437
-1453
-1262
-970
-704
-507
-162
482
1109
1804
1980
2450
2580
2839
2974
2909
2694
2196
1546
701
280
-857
-1276
-2300
-3081
-3765
-4976
-5677
-6365
-6979
-7105
-7279
-7043
-6495
-6101
-4950
-4095
-1040
395
1891
2139
1770
4005
5866
7205
7999
7390
6805
6728
5791
5569
5163
3788
2661
1471
-180
-1649
-3458
-4532
-4523
-4676
-5320
-6116
-6656
-6398
-5595
-4604
-3471
-2084
-1158
-23
1019
1974
3042
4100
5193
6455
6738
6344
5780
5212
5144
4989
4088
2921
1427
122
-411
-1085
-1580
-2334
-2967
-3198
-2864
-2743
-2390
-2139
-1527
-569
435
1155
1841
2550
3283
4207
4671
4930
4925
4875
4476
4337
3408
2713
1712
532
-249
-1629
-2582
-3747
-4634
-5358
-6241
-7081
-7739
-8086
-8036
-7869
-7454
-6703
-6201
-5255
-3793
-2077
967
3556
4822
6110
5044
6063
7689
9004
9911
9239
7570
6528
4868
3493
2691
1482
80
-1219
-3113
-4782
-6351
-7573
-7563
-6865
-6400
-6198
-6134
-5735
-4509
-2999
-1227
818
2540
3910
5038
5546
6215
6688
7262
7922
7996
7090
5662
4002
2725
1790
724
-346
-1561
-2952
-4143
-5034
-5119
-4914
-4389
-3761
-3137
-2101
-1164
-85
1311
2575
4014
5112
6085
6547
6912
6852
6800
6617
6173
5360
4495
3095
2047
693
-440
-1709
-2763
-3807
-4637
-5446
-6329
-6779
-7321
-7327
-7480
-7164
-6882
-6499
-5484
-5119
-3611
-2469
-1742
181
868
2633
5478
7133
8384
7999
5652
6371
7009
7621
7562
5593
3370
2105
8
-820
-1501
-2835
-3757
-4489
-5351
-5785
-6783
-7231
-6099
-4497
-3148
-2191
-1741
-870
555
1735
3501
5047
5959
6562
6684
6431
6233
5385
4781
4550
3841
2671
932
-932
-2134
-2983
-3752
-4076
-4520
-4833
-4797
-4473
-4148
-2389
-1658
286
1905
2720
4532
5060
5965
7185
7509
7918
8022
7099
6744
5633
4405
3528
2382
1365
515
-785
-1629
-2747
-3650
-4263
-4733
-5029
-5287
-5533
-5557
-5360
-5406
-4918
-4878
-4154
-3305
-2799
-2244
-1691
-1789
-355
-422
972
2082
3565
5715
6077
5808
4175
3482
4056
5087
5255
4400
2499
1068
-261
-1013
-1399
-1763
-2516
-2815
-3316
-3617
-4242
-4746
-4293
-3004
-1526
-667
-112
111
692
1430
2548
3704
4661
4987
5116
4819
4291
3459
2690
2265
1963
1429
549
-736
-2073
-3070
-3678
-3567
-3381
-3039
-2854
-2582
-2538
-2020
-1081
1190
3273
4804
5300
5140
5622
6310
6843
7378
6882
6205
5547
4273
3435
1944
800
139
-281
-714
-1412
-2639
-3349
-3936
-3953
-3980
-4152
-4155
-4164
-4111
-4041
-4060
-3990
-3279
-2843
-1928
-1676
-1930
-1729
-1816
-1187
-54
508
1916
3838
4957
5458
4240
2240
3010
3796
4836
4996
3270
1675
566
-835
-805
-1073
-1918
-2205
-2430
-2695
-2908
-4053
-4413
-3330
-2015
-617
136
247
533
974
1563
2890
3800
4334
4719
4567
4233
3497
2297
1672
1347
1000
763
-243
-1378
-2471
-3335
-3475
-3293
-3007
-2565
-2106
-1826
-1113
-870
130
1871
3635
5766
6158
6088
5950
5859
6419
6500
5971
5304
4214
3223
2100
715
-297
-1068
-1346
-1485
-1795
-2482
-3134
-3634
-3349
-3256
-2987
-3323
-2994
-2863
-2538
-2654
-2877
-2472
-2105
-1302
-1205
-1396
-1671
-1991
-1912
-1263
-524
318
2207
3435
4378
3974
1784
1924
2535
3756
4602
3677
2317
1438
-33
-392
-554
-1238
-1477
-1547
-1733
-1810
-2870
-3757
-3362
-2346
-1062
-102
180
394
713
959
1856
2595
3216
3833
4120
4037
3522
2312
1535
1099
839
719
242
-425
-1211
-2010
-2693
-2779
-2619
-2142
-1368
-886
-442
-474
-198
453
2553
4350
5753
6027
5330
5402
5198
5308
5063
4307
3749
3030
2203
1158
-138
-1041
-1427
-1246
-1044
-1202
-1792
-2267
-2464
-2218
-2145
-2274
-2317
-1981
-1758
-1619
-2225
-2509
-2522
-1915
-1690
-1500
-2241
-2470
-3061
-1958
-2171
-1269
-1484
103
3053
4417
4316
2256
1209
2464
4083
4763
4656
3120
2032
1124
604
218
-756
-1907
-1724
-1291
-1322
-2475
-3933
-4146
-3205
-2068
-1127
-474
-313
177
674
1548
2307
2655
3114
4047
4596
4418
3420
2232
1698
1381
1206
924
328
-509
-1212
-1840
-2314
-2574
-2807
-2280
-1702
-914
-335
-161
176
754
2690
4240
5462
5599
5063
5279
4982
4654
4388
3492
3208
2829
1903
1246
-130
-997
-1104
-1051
-777
-1097
-1638
-1865
-1992
-2098
-2356
-2694
-2487
-2107
-1795
-1664
-2056
-2662
-2033
-2423
-1514
-1699
-2578
-2313
-2846
-3042
-1750
-2078
-466
1907
2925
4507
3563
1548
2414
3009
4113
5064
3687
2907
2244
764
521
-286
-1619
-1690
-1797
-1637
-1765
-3307
-4137
-3821
-3272
-2021
-1236
-845
25
523
1208
2205
2376
2910
3817
4508
5154
4653
3394
2680
1847
1397
1199
597
9
-708
-1555
-2113
-2629
-3282
-3174
-2654
-1921
-1116
-956
-639
-158
830
2673
4403
5475
5827
5599
5622
5474
4853
4415
3854
3510
3148
2211
1178
-13
-966
-1169
-1207
-1192
-1533
-1892
-1943
-1953
-2109
-2460
-2666
-2478
-1867
-1411
-1373
-1441
-1787
-1675
-1367
-1468
-1397
-2254
-2306
-2741
-2445
-2437
-2504
-2025
-768
1810
3505
3820
2215
1463
2278
3313
4070
3769
2974
2731
2060
1446
765
-777
-1825
-1722
-1236
-1003
-2005
-3398
-3689
-3329
-2748
-2152
-1619
-907
129
1096
2031
2319
2236
2689
3721
4785
5044
4331
3483
2704
2077
1610
919
123
-571
-1028
-1246
-1812
-2740
-3440
-3201
-2567
-1939
-1627
-1577
-923
144
1770
3526
4533
4830
5265
5535
6017
5572
4793
4173
3766
3526
2935
1916
784
-164
-537
-716
-1058
-1618
-2024
-1881
-1548
-1553
-1949
-2393
-2537
-2049
-1533
-1230
-1359
-1565
-1487
-1244
-1077
-1392
-2107
-2541
-3187
-2904
-2896
-2823
-2463
-2478
-575
1592
2838
3338
1620
1636
2783
3314
3966
3511
2776
3031
2386
1813
1119
-638
-1433
-1247
-1105
-1196
-2312
-3482
-3437
-3207
-2903
-2405
-2101
-1247
-38
1043
2027
2202
2187
2958
3915
4716
4852
4258
3897
3440
2706
2004
885
-72
-497
-892
-1228
-1894
-2886
-3246
-3319
-3393
-3031
-2838
-2003
-1000
219
1929
3056
4084
4432
5054
5712
5954
5807
5382
4832
4387
3716
2950
2118
1137
510
-149
-493
-1113
-1675
-1959
-1921
-1748
-1534
-1792
-1874
-2186
-1938
-1786
-1363
-1404
-1366
-955
-1238
-678
-1390
-1998
-2196
-3148
-3193
-3457
-4031
-3662
-2896
-2713
490
1396
2656
2524
966
2011
2895
3026
3970
3559
3497
3864
2712
2291
1107
-624
-743
-671
-892
-1240
-2636
-3104
-3081
-3430
-3225
-2879
-2542
-1209
-195
921
1681
1577
2047
3050
3785
4713
4825
4610
4517
3639
3028
2188
941
357
-217
-562
-1080
-2082
-3040
-3406
-3837
-3680
-3484
-2977
-1821
-471
916
2061
2694
3054
3991
4780
5791
5987
5859
5506
5217
4474
3783
2834
2149
1507
1036
440
-275
-1076
-1609
-1787
-1732
-1718
-1861
-2022
-2205
-2236
-2141
-1946
-1835
-1758
-1475
-1260
-1118
-1137
-1621
-2047
-2476
-3183
-3248
-3612
-3447
-3450
-2912
-2775
-978
929
1957
2879
1470
1927
2843
3089
3821
3713
3290
3760
3196
2670
1756
-63
-710
-654
-842
-1146
-2150
-2788
-2868
-3039
-3066
-2967
-2938
-2053
-893
360
1184
1314
1788
2720
3629
4475
4744
4444
4278
3687
3332
2501
1235
393
-96
-407
-762
-1568
-2400
-2696
-2870
-2743
-2490
-2421
-1686
-674
609
1584
2325
2621
3569
4226
5019
5136
5070
4887
4747
4451
3805
2798
2025
1284
941
541
-76
-479
-1006
-1140
-1305
-1542
-1834
-2122
-2103
-1774
-1535
-1493
-1656
-1700
-1609
-1211
-1164
-964
-1454
-1758
-2071
-2618
-2889
-3586
-4280
-3931
-4134
-3059
-2856
-1046
462
1480
2784
2253
3264
3074
2495
3684
3646
3665
4123
2947
2877
1863
377
195
-662
-1225
-1229
-1680
-1751
-2215
-2790
-2848
-2997
-3063
-2227
-1480
-505
483
1245
2147
2563
2915
3323
3598
3470
3324
3218
2954
2486
1790
1244
595
84
-254
-420
-559
-704
-1091
-1088
-1005
-847
-419
-25
693
1399
1918
2632
2662
3059
3034
3303
3347
3426
3190
2992
2687
2382
1921
1528
1157
880
870
551
364
-13
-434
-843
-1160
-1337
-1328
-1261
-1401
-1401
-1579
-1843
-1974
-2385
-2313
-2491
-2571
-2813
-3099
-3667
-3563
-4160
-3649
-3623
-3182
-2194
-1827
-296
831
1736
2618
2657
2865
3571
3137
3659
3474
3066
3150
2499
2119
1499
449
25
-442
-911
-1150
-1712
-1693
-1812
-1972
-1912
-1931
-1864
-1267
-848
251
786
1098
1718
1965
2414
2354
2111
2230
2396
2213
2535
1865
1407
1086
516
670
248
154
329
410
640
586
516
591
629
1004
1442
1589
1838
2029
2170
2393
2148
2079
2072
2029
2034
1985
1806
1584
1403
1334
1267
1117
1032
932
978
655
384
-40
-109
-336
-379
-564
-768
-889
-1128
-1424
-1607
-1947
-1949
-2136
-2573
-2954
-3398
-3498
-3407
-3301
-2983
-3089
-2676
-2833
-2454
-1514
-1341
35
720
971
2354
2052
2471
2801
2068
3134
2451
2745
2766
2129
2043
1610
923
671
-250
-140
-215
-461
-402
-775
-651
-738
-911
-514
-594
-522
-38
149
652
706
569
1138
981
1335
1311
1637
1727
1723
2047
1805
1829
1719
1565
1858
1556
1677
1573
1357
1267
1044
999
932
682
743
757
804
719
740
737
811
896
1059
1118
1328
1452
1708
1890
1847
1839
1769
1863
1814
1655
1455
1104
951
821
675
357
62
-309
-518
-801
-1287
-1546
-1738
-2017
-2075
-2145
-2310
-2592
-2672
-2612
-2472
-2451
-2225
-2292
-1685
-2306
-1471
-2036
-1522
-1506
-1087
-664
-466
-71
-47
754
396
773
1025
382
1197
733
764
1028
349
908
788
220
527
33
302
249
183
304
-19
123
42
87
16
-186
202
134
382
316
370
621
545
907
954
1054
994
1001
939
954
773
818
766
654
628
415
521
210
449
183
204
258
133
207
248
221
247
542
329
744
774
872
1202
735
1051
755
826
928
878
522
650
553
445
-253
25
-533
-346
-239
-667
-637
-970
-1112
-1223
-1012
-1333
-1147
-1393
-1074
-1425
-1210
-1521
-1545
-1768
-1839
-2253
-1930
-2433
-2635
-2575
-2377
-2676
-2791
-3058
-3036
-3238
-3585
-3015
-3338
-2963
-2587
-2735
-2104
-2172
-2182
-1599
-1678
-1526
-1393
-1155
-807
-926
-838
-790
-542
-629
-553
-446
-522
-545
-357
-157
-82
-435
-38
-99
-63
-119
-289
45
-347
-255
-204
-211
-194
-316
-249
-92
-550
-445
-204
-685
-246
-376
-289
123
-399
109
18
122
472
196
312
551
678
358
691
287
176
444
114
-192
-110
-63
-647
194
-521
-522
270
-486
-172
399
-440
362
-126
507
-607
1042
-855
254
194
46
-628
790
-1012
348
-1281
-350
-1448
-1441
-1439
-1766
-1106
-2125
-2083
-1103
-2549
-1915
-1687
-2240
-1590
-1508
-1469
-1172
-1251
-1588
-1023
-1322
-1687
-806
-2067
-733
-1814
-882
-1331
-1108
-1129
-1458
-1050
-1654
-925
-1630
-1057
-540
-1607
-658
-864
-730
-632
-244
-175
-629
338
-331
-254
25
-722
-386
-117
-519
-502
87
-752
-231
-567
-289
-400
-74
-517
294
-202
357
146
241
-36
689
-5
853
129
833
-59
141
409
-134
85
491
-293
18
152
-50
-279
560
33
67
677
184
-180
1520
-2
917
1491
-179
1827
748
297
1655
776
530
1628
-118
1423
-217
732
642
-568
1407
-915
1177
-434
405
27
664
-506
1637
-776
1015
352
-3
903
268
-121
1277
-430
996
-193
709
-408
525
740
-215
916
760
-752
2278
-1171
1526
-356
1186
-114
986
249
706
819
242
564
634
-186
730
82
236
-8
146
-239
175
-661
169
1
-571
683
-400
623
-149
708
251
101
1332
-509
1317
583
-100
2027
-820
1647
-378
1529
-745
1461
-370
667
188
254
216
600
58
540
975
-237
1494
-389
1544
93
1623
617
1705
306
1970
511
1108
1152
702
717
1581
806
926
974
556
1484
380
1496
362
1214
713
690
1258
396
829
1249
572
732
945
338
1000
-34
1201
204
369
737
237
511
617
347
569
824
449
302
1505
-157
838
1045
-141
1233
1101
85
1953
151
1510
587
1152
26
1532
437
751
710
683
54
910
639
175
670
659
249
1194
252
780
817
76
1195
361
530
928
-170
1428
-514
1453
-387
1444
-854
1564
-746
1141
-834
1158
-1298
1399
-959
963
114
761
-166
1105
-117
660
700
378
438
929
-118
1288
462
-137
1437
-422
920
427
281
483
-13
823
-489
1092
-56
219
905
-183
918
1
852
21
1113
-31
1285
-637
1540
-906
1202
-503
693
79
-717
1202
-1572
1381
-997
1015
-271
734
-822
941
-250
624
74
982
-96
1042
195
444
1252
-829
2527
-1320
1808
-583
522
247
666
-413
1603
-1215
2236
-1344
1034
696
-887
1653
-72
-53
1460
-374
705
847
-627
1308
-394
714
143
-26
-42
415
-591
139
19
-921
701
-1420
844
-208
-352
372
44
-242
1017
-551
1238
-516
1144
252
326
601
425
-44
582
428
-466
602
439
-823
1025
-332
-745
1230
-1361
914
-18
-780
1610
-1129
956
349
-692
1215
-179
-309
1330
-640
533
38
-206
-238
325
-674
-312
469
-1216
847
-847
59
-93
-618
679
-607
-96
850
-1043
794
-108
-310
462
618
-857
1045
198
-615
1052
-992
217
140
-422
223
-242
527
-886
1578
-1102
1083
-483
797
-279
829
59
178
206
153
92
324
-108
44
37
181
-605
-67
-313
-753
802
-1021
116
-641
493
-835
645
173
-746
1794
-1023
543
1150
-1110
1683
332
-399
1701
-1256
1489
75
-720
1410
-642
17
935
-1432
1632
-1112
493
227
-250
718
-609
919
347
-503
1311
-507
842
-524
1425
-1125
1590
-885
277
486
-617
281
-192
-43
605
-887
565
-39
-103
221
353
520
-528
984
-118
20
637
-124
517
276
676
-370
820
-214
58
493
-598
917
-179
-541
1397
-1119
839
255
242
159
926
-42
87
1236
-749
1219
27
265
543
6
821
-622
980
-605
573
-508
346
-286
-635
836
-1532
972
-802
81
1090
-1695
1917
-1294
1135
138
369
292
787
420
83
1007
-364
1216
-85
764
-279
509
-348
605
-319
501
-11
218
458
495
-739
1222
-419
127
1248
-1100
1611
-567
1040
622
-224
761
214
262
155
688
-326
243
641
-443
510
438
-375
1293
-720
1246
-258
781
36
723
-148
703
286
331
451
503
486
-66
644
-277
1059
-627
1299
-492
349
781
-475
520
792
-582
1618
-520
857
954
-438
2144
-846
1523
285
-90
1806
-1346
1860
-707
736
111
128
562
-424
1488
-1227
1089
89
-367
584
257
-349
730
29
326
70
1065
-1023
2005
-1335
1444
215
-224
1154
-579
936
-177
191
760
-341
990
81
253
1105
-747
1182
-370
489
238
743
-373
1837
-1265
2272
-1209
1692
-248
651
100
380
386
184
474
273
174
683
-390
1071
131
508
529
436
1400
-813
2051
-689
755
1800
-1670
3073
-1043
499
1289
-400
575
681
-566
1471
-313
317
996
-957
1444
-190
298
967
-476
800
625
329
840
-83
1137
-87
1198
255
422
979
431
565
513
810
-669
1230
488
-948
2253
-1124
489
1414
-2006
2247
-612
-442
2743
-2636
3100
-1042
606
1434
-660
1363
196
539
1311
-1513
3083
-2492
2401
-267
-689
2367
-1921
2347
-806
895
335
-92
1033
-501
1255
-345
617
630
-350
1814
-622
1165
786
-653
1767
-658
853
604
-246
1266
-613
1117
269
-105
1912
-1214
1761
104
-119
1288
-366
913
600
-348
1924
-1150
1595
-110
660
405
1033
-419
1411
-75
676
958
-668
2052
-1362
1838
102
-78
1678
-1063
2296
-471
461
1867
-664
1752
51
201
1777
-870
1778
451
-203
1482
-575
874
592
-35
225
1290
-908
1405
22
605
435
1049
-354
1722
-179
1136
494
694
252
778
542
926
-376
2283
-1203
1707
-161
634
541
-18
1506
-1125
1875
-865
1162
-420
1099
-496
1183
33
878
317
751
973
91
476
1309
-600
1550
-60
962
980
-417
2206
-1189
1486
760
-538
1975
-359
468
1756
-1608
2727
-1112
928
906
-204
1358
31
552
1004
-376
2186
-1687
1966
-138
-252
1807
-1053
1648
-480
843
1144
-1331
2769
-1674
2427
-816
1623
512
-143
2052
-1663
3050
-1836
2774
-1168
2341
-617
584
2282
-2403
3353
-867
378
2030
-1978
3056
-988
694
940
-84
452
1186
-759
1542
-65
404
1136
-161
1404
-561
1719
22
918
291
807
840
157
629
1326
-204
205
1399
-955
1780
-327
548
1115
-454
997
1241
-1523
3254
-1998
2190
472
-216
963
633
37
1739
-1274
3547
-2401
3074
459
-638
2882
-1637
1843
1117
-816
2437
-822
1238
712
-187
1158
374
1018
-168
1491
448
-704
2841
-2134
2401
-677
816
594
156
855
675
567
772
312
1158
116
950
595
583
827
620
978
693
-12
2040
15
610
1500
496
148
2905
-2622
3678
-1093
233
3129
-2699
3309
-216
-517
3291
-2304
2741
-499
1128
1283
-482
1988
-110
1025
929
367
939
1089
-262
2521
-840
2065
474
515
1519
20
976
779
370
864
829
440
908
676
609
640
224
1560
-223
1608
484
163
2050
-1081
2697
-881
1328
1722
-1289
3291
-1421
2049
509
382
1978
-542
1502
1033
-361
2567
-883
1683
930
-560
2648
-776
2002
-52
835
1388
-658
2347
-879
1998
-323
1593
-128
1140
1353
-342
1850
314
553
735
1233
41
1410
915
24
2106
-635
1718
656
539
1007
1282
-159
1446
994
-527
2943
-1165
2056
523
57
2091
-443
1210
1082
-540
2757
-1584
3087
-967
1009
1440
-521
1158
1369
-720
1913
249
319
1847
-826
2486
-889
1751
582
-316
2322
-1172
1270
1627
-1480
3081
-1076
918
1520
-191
621
2308
-1978
3282
-893
1128
1175
-341
1702
324
691
924
1270
-299
2144
183
615
1594
-548
2536
-934
2450
-178
531
2129
-1288
3053
-1129
1549
644
756
418
1776
-297
1402
673
131
1194
951
208
1479
601
92
1813
-544
1350
913
-166
1363
553
204
907
923
154
1785
-562
2048
333
213
2275
246
1012
1261
506
819
1891
-569
2142
36
1735
-506
2210
-398
935
1090
-530
2393
-1519
2739
-438
1083
1042
46
1368
-41
1772
-97
1325
1749
-826
2756
-13
482
1364
809
-126
2089
62
476
1609
303
439
1366
172
716
728
1094
-707
2602
-282
120
3028
-2285
2973
605
-280
2475
-193
744
1970
-459
1549
531
533
1611
102
1436
644
1084
559
1369
475
1208
787
87
2515
-851
1901
888
-286
2469
-531
1519
1266
-381
2112
-300
1298
1012
540
867
1051
627
520
1477
-198
1978
-412
1891
1073
-416
2582
-14
1731
765
859
1497
-306
2327
289
801
2080
-422
1665
1043
-393
2320
-1153
2676
-807
1484
1754
-924
2174
556
208
1765
135
1637
0
2001
-111
1368
1464
-762
3277
-1408
2121
1095
-1104
3017
-1353
1732
719
-212
2353
-1247
3063
-964
1834
811
143
1624
-94
1800
25
1101
1268
-319
2138
-589
2229
-321
1277
1313
-248
1987
-8
1355
664
1088
248
1451
412
692
1102
1541
-706
2920
63
666
1957
-247
1608
405
1333
221
1297
1203
-889
3422
-1137
1367
1469
-323
1808
-239
1823
-57
1520
120
1336
609
638
1590
-31
2219
-592
2172
636
707
1760
569
435
1875
79
1528
805
923
415
2281
-1002
2784
-459
1633
482
947
1009
1210
168
1932
341
772
1617
244
1632
574
801
1335
-24
1592
-67
1742
69
1081
1613
-241
2117
38
917
2082
-1464
3751
-1783
3033
-637
1404
1000
187
1775
323
942
1344
-446
2837
-1054
1930
905
-45
2064
-51
1113
1413
-393
2448
-768
1957
650
-95
2545
-798
2080
270
974
1265
614
333
2539
-1254
2935
229
519
2369
-1109
2144
864
-474
2209
267
283
1930
-822
2450
-735
1513
1865
-1174
3340
-1162
1778
1346
-223
2509
-83
1451
468
1332
521
1443
291
1584
664
1012
274
2185
-545
1535
1862
-1036
2498
453
620
1298
1433
-60
1723
677
626
756
1596
396
1014
1521
-392
2273
-41
801
1429
472
287
2087
-31
1154
1320
270
1149
1290
-636
3078
-1348
2644
474
309
2443
-278
989
1584
132
647
2127
-1028
2321
419
-126
2867
-1225
2133
719
-242
2545
-996
2161
614
752
1082
1474
-594
2828
-470
1421
1367
-173
2025
186
1376
884
542
1394
345
891
1301
74
1390
357
947
527
1071
774
766
922
1246
340
1174
1172
552
1341
108
2377
-1437
3637
-1574
2789
-204
1029
1280
89
1658
328
1145
1072
544
918
2047
-1263
3363
-852
1511
1210
635
429
2887
-1775
3047
635
-679
3280
-1015
1694
1174
-62
2215
-111
1478
204
2051
-980
2813
-221
1263
1870
-383
2144
259
718
1804
-493
1916
1047
-189
3128
-1811
3475
-1036
1004
2528
-2211
3775
-162
-379
3205
-1528
1891
1360
-647
2414
-407
2173
-294
1806
944
-468
2991
-595
1575
1585
-440
2620
-506
1711
753
97
2650
-1777
3601
-1107
1544
1309
214
1166
1010
614
752
1386
203
1329
1004
360
1472
517
267
1990
5
824
1832
-873
2334
486
-201
2620
-749
1691
920
587
620
1551
242
954
1695
-1014
3023
-646
1424
1234
168
1798
-172
2087
163
450
3187
-2584
3818
226
-929
4375
-2448
2682
910
-390
2212
535
-424
3498
-1310
1615
1821
-162
1051
2478
-1579
3405
-671
1453
1281
-330
2521
-438
879
2770
-2497
4344
-1106
492
3941
-3543
5569
-2254
1940
1072
420
748
1690
-598
2767
-1122
2581
552
-211
3522
-2258
4034
-1210
1923
599
1311
-357
2702
-1077
1984
1001
-226
1947
-138
1505
664
659
1383
-49
1756
334
521
1795
-461
1875
-89
1165
1304
-385
2628
-598
1354
1439
-1292
3652
-1420
1923
1240
-341
1716
1089
-853
3603
-2335
3126
197
-181
2477
-419
836
1869
-872
2166
205
547
1405
477
555
1668
-251
2002
-230
2066
-239
1942
-38
1202
921
235
1188
755
650
949
1160
168
1596
459
504
1825
42
820
1600
-473
2048
76
909
1498
-286
1671
309
656
1671
-603
2719
-531
1293
1289
-531
2108
-116
1445
1231
-51
2223
-518
1562
857
652
800
1873
-380
1582
875
850
0
2246
-532
1718
931
404
797
1684
-991
2879
-988
1982
420
847
993
1159
-358
2649
-762
1680
722
51
1477
346
808
1028
190
1565
39
1863
110
1093
1117
398
1027
816
946
535
1503
247
1191
81
2013
-522
2003
19
1037
893
904
564
1009
768
647
758
1552
-856
2292
754
-1287
4771
-3448
3196
1186
-1080
2535
678
-620
2525
-603
1568
623
759
706
1084
421
1167
226
847
1337
-555
1761
441
111
1297
750
-330
2912
-2336
4065
-1491
1779
934
-306
2535
-1373
2695
-32
44
2281
-582
1297
1455
-1267
3509
-1741
2359
182
560
939
692
281
1486
-607
1883
-48
42
3121
-2686
3586
262
-1549
4861
-2782
2254
1233
-901
2817
-1363
2294
103
146
2323
-761
1354
1096
-516
1605
983
-382
1618
737
363
1044
612
1213
-588
2633
-644
1283
804
769
221
1670
75
589
1533
573
-563
3174
-1661
1787
1342
-1119
1927
691
-635
2867
-865
1261
1002
392
1161
802
-288
2268
-775
1514
514
719
49
1899
-245
1037
518
1026
-82
2047
-427
1544
172
1089
74
1229
520
757
952
671
1281
-287
2041
-515
1097
737
1051
-703
2510
-536
304
2163
-849
1037
1869
-1502
2170
796
-770
1772
1053
-1106
2980
-1117
1945
89
1513
65
1166
867
494
887
1588
-1038
2493
-742
1017
797
24
1390
622
76
1239
232
509
689
1048
-378
1743
-304
1871
-527
1778
259
227
1701
-90
907
1644
-507
1699
-357
1171
463
314
1339
134
647
693
580
486
498
1752
-997
2645
-844
355
2627
-2065
3473
-1108
1354
1104
-477
1479
650
-210
2161
-505
1605
-377
1957
-802
2279
-748
1660
-110
612
1048
-19
1422
-94
1148
837
-170
1557
301
-185
2402
-587
334
1971
-812
887
1672
-842
1094
1338
-744
2302
-855
1685
-406
1205
475
440
522
1261
-29
772
1310
-819
1310
1143
-244
877
1666
-993
1790
825
-939
2499
-672
754
1163
-207
998
445
232
1542
-705
1277
879
-750
1757
516
-458
2281
-607
1295
385
591
543
764
558
335
1236
-155
1327
176
484
688
561
369
759
552
212
1254
-97
1291
107
935
730
809
303
944
665
-300
1867
-113
82
1794
-355
394
1709
-679
1217
1085
-213
1363
169
763
727
271
1136
-326
1725
-276
952
1158
-480
1778
159
288
1442
-216
1250
385
404
987
-191
850
933
-618
1763
-85
576
756
294
794
-160
1846
-1117
1866
88
137
2515
-1572
2784
-391
177
1895
-769
829
1718
-1122
1866
495
-424
1600
467
-311
2084
-753
947
960
-469
1480
-444
1091
625
-559
2180
-643
926
1124
-588
2027
-684
979
953
-755
1592
106
-830
2637
-1092
2123
429
-247
1457
-156
839
814
2
426
1034
-324
963
-15
285
1060
-334
1267
-268
512
859
-404
1727
-605
417
1611
-762
1685
555
238
1903
-757
1899
-197
548
928
71
983
314
311
743
-223
668
501
140
824
320
-399
2253
-1593
1750
-29
339
798
832
-4
1876
-767
2420
-453
1743
-133
1589
-723
2151
-1098
1858
-951
1649
-732
875
-56
760
-76
775
-26
350
614
-72
538
1003
-654
1715
295
84
1690
-19
1130
798
461
550
998
-420
1477
-649
1420
-453
672
722
-319
1032
413
-92
1196
-279
1277
-286
1290
432
72
2108
-735
1467
806
-624
2150
-1072
1460
399
-156
1096
170
238
321
897
-332
851
600
39
760
592
276
527
739
657
68
1260
464
386
1068
197
669
668
-12
1087
162
-76
1722
-954
1071
327
306
471
718
-84
1203
100
628
528
618
-272
1875
-405
1180
938
560
245
987
-180
353
870
-19
180
1089
-969
1057
-333
439
-357
1286
-348
675
367
241
593
78
1434
-671
1793
-233
485
1747
-882
1587
538
221
1290
167
423
1307
-1097
1732
-510
-24
821
-146
-94
1512
-1612
2009
-701
850
548
-323
1305
-136
85
2047
-1682
1942
472
-687
1969
-124
-590
2669
-1688
1243
802
-758
1239
767
-470
1467
-194
648
550
392
541
186
545
161
214
252
442
262
280
936
-342
1067
-160
849
382
407
625
336
506
-163
918
-107
127
1356
-1144
2153
-974
677
1723
-1593
2272
-80
-116
1923
-1223
1558
-214
206
765
-28
940
30
142
1800
-1446
2140
-255
50
1594
-839
903
599
-257
857
771
-914
1868
-931
1623
-652
1260
10
501
153
1304
-1154
2237
-921
422
1387
-1028
1036
691
-585
1170
-25
341
507
122
437
224
447
169
37
1445
-1205
1732
-579
698
229
611
-84
825
-41
354
878
-203
825
15
512
522
-206
1344
-551
943
371
263
995
-521
1294
-54
61
1459
-725
1025
699
-557
1353
-249
268
474
285
331
354
532
185
270
733
-83
582
374
442
254
704
118
601
156
798
-334
985
38
177
1381
-925
1254
214
-349
1348
-449
412
597
411
30
1281
-649
1248
-356
910
111
146
756
-266
994
-208
645
259
-102
838
190
156
896
-105
803
-126
926
-300
551
743
-454
1244
-98
262
588
11
560
37
371
436
458
320
403
381
298
-87
966
-280
426
875
-225
401
797
-666
1214
-169
538
155
627
344
-121
1196
-477
636
552
-187
812
700
-723
1995
-1168
1216
-12
249
410
180
660
-206
799
607
-400
1102
379
-612
1864
-905
522
1190
-833
1321
107
109
865
19
227
1083
-949
1770
-694
771
168
573
166
527
-105
1305
-982
1211
249
-678
1627
-245
132
1066
-487
694
605
-457
1052
-404
1050
-548
1535
-1404
2229
-1212
1371
-241
666
12
592
517
-509
963
7
-212
1606
-905
609
941
-617
1356
-765
1295
-452
972
65
721
-408
904
170
267
198
613
42
513
1178
-1416
1921
-813
718
165
735
-617
1356
-194
224
765
-133
39
1432
-1654
2112
-851
80
1587
-1524
1706
77
-407
1663
-521
797
106
587
122
-61
1175
-779
1192
-366
674
106
157
829
-131
797
-222
671
-96
281
652
-573
1307
-497
595
337
-185
672
190
364
129
275
386
400
186
272
196
-10
922
-669
1216
-434
430
615
-177
245
510
-8
403
644
-150
700
361
226
193
689
-435
715
530
-671
1200
-188
-193
1177
-187
109
1387
-858
1084
184
387
-208
1276
-452
48
1100
-630
546
802
-443
333
649
-74
144
889
-416
543
474
-150
762
-371
939
-575
1161
-92
54
876
42
178
475
-166
580
-385
1106
-645
982
17
172
607
15
228
39
978
-110
345
700
-197
426
554
-261
599
225
541
-281
861
-258
323
317
779
-988
1819
-801
319
1265
-1297
1400
-239
408
414
41
416
230
-123
938
-748
582
632
-1122
1771
-1081
732
392
-219
1002
-493
763
-156
409
-107
272
287
-16
592
2
72
615
-287
425
823
-701
709
482
-477
823
356
-387
754
233
-531
996
43
-489
1109
213
-958
2075
-1151
551
992
-890
695
678
-946
1470
-578
635
547
-139
984
-549
1310
-542
679
687
-795
1008
197
-640
1504
-917
747
455
-335
623
248
-236
673
136
-45
719
-161
418
213
430
78
287
396
-162
275
1207
-1293
1641
-210
-196
788
-1
-327
874
-152
217
323
116
9
124
544
-243
232
830
-605
702
753
-1305
1911
-927
371
1133
-1056
1462
-624
417
721
-647
750
267
-262
654
161
-98
339
312
-560
1024
-677
542
-44
42
665
-655
897
100
-313
1087
-160
-40
1075
-628
884
-31
129
678
-629
1324
-695
445
719
-965
1031
-67
-425
973
-522
232
702
-746
1041
-128
21
150
555
-352
465
384
-182
501
372
-356
688
81
-101
652
31
18
438
179
-33
805
-779
1171
-415
427
256
98
371
-132
408
-65
157
206
218
-134
587
-203
50
672
-481
312
694
-979
1234
-332
-121
822
-461
288
689
-497
742
-31
102
567
-475
1239
-921
813
73
-198
673
-458
929
-178
402
187
-45
241
577
-247
472
468
-332
830
261
-481
999
-518
266
761
-1034
1257
-76
-377
925
-541
157
920
-608
566
217
294
-127
516
409
-783
1433
-200
-212
1359
-835
569
503
-272
291
449
13
442
-92
588
-405
706
-159
384
398
-489
768
-99
101
625
-200
574
-117
147
239
206
250
104
814
-397
499
499
-658
1136
-604
703
4
18
117
232
8
212
-148
533
-508
1114
-722
503
107
-441
697
227
-431
814
-186
147
637
-626
1068
-576
524
444
-316
531
-229
475
-482
579
-393
-65
657
-363
281
376
-137
282
-86
670
-596
538
255
-573
827
-334
-165
702
-207
487
-342
900
-892
931
256
-112
48
824
-860
1231
-89
-426
1152
-991
1002
-429
399
-227
247
391
-369
921
-575
298
400
-112
566
-362
806
-175
282
398
-22
167
-148
752
-213
336
-69
210
104
75
46
498
-378
956
-624
475
633
-901
1072
402
-902
875
-2
-411
858
-389
47
711
-235
-91
431
-34
-231
642
33
28
126
232
-250
565
-28
-35
591
246
-180
466
380
-486
589
209
-224
584
-398
411
377
-150
527
-41
464
-147
155
238
269
-111
271
234
-251
187
136
-199
431
-229
22
616
-150
-46
147
577
-574
758
-166
-80
586
-276
178
13
-90
-281
517
196
-243
473
152
6
369
-445
432
394
-616
592
174
-570
569
-136
-9
321
-317
98
446
-325
121
192
-24
-135
39
325
-43
60
86
166
211
-869
888
-376
-235
616
-158
-211
413
-157
-323
772
-705
80
856
-714
413
34
-202
332
40
-17
124
479
-409
356
317
-656
641
-126
84
322
-292
-18
579
-491
228
401
-69
-284
494
-16
-258
385
-326
455
-180
-240
585
-285
154
143
50
148
-525
854
-355
15
328
-544
414
74
-283
368
-2
189
-257
599
152
-378
274
619
-327
-279
598
-197
-107
425
-312
-122
614
-693
366
300
-293
237
38
423
-258
-108
751
-530
499
-32
-470
790
-304
-124
381
138
-318
410
246
-493
584
-182
-28
521
-368
44
357
3
-363
481
-43
-246
462
-210
-32
268
-305
408
-61
208
-383
107
332
-386
477
229
-393
407
36
-211
395
66
57
-109
293
-327
-145
246
-9
-44
301
-104
-126
313
-284
292
268
69
-90
246
112
-174
-97
452
-289
291
149
63
217
-36
248
244
76
-147
172
397
61
8
102
268
69
-100
410
132
124
89
546
-26
63
222
-53
601
-263
-230
557
-240
240
-56
224
24
-272
574
-169
21
278
-116
400
42
-212
373
-45
31
418
-189
260
33
168
341
-174
138
-75
61
190
-95
101
15
62
-87
-41
3
18
38
239
182
-371
222
312
-296
257
124
53
-18
89
140
-225
376
16
-94
516
-251
-262
597
-228
12
145
99
39
65
116
-29
107
92
-193
287
11
-39
293
27
59
119
93
-49
491
-262
210
278
-192
177
234
-301
166
161
-37
-63
286
-293
102
124
-269
412
43
-394
505
171
-473
449
34
-195
456
-71
264
104
-356
461
-5
238
165
-6
382
-118
-199
191
61
-222
278
279
-149
73
67
-49
239
-14
-119
269
99
-212
439
-72
-40
375
-100
-55
71
-169
206
203
177
9
-38
138
-92
100
3
251
-81
-36
298
-182
-129
-20
10
81
79
-17
-98
116
-52
-99
255
-172
-6
166
129
160
28
142
66
127
19
119
19
116
183
-7
137
-25
-105
263
-62
24
37
5
-3
75
103
-89
36
121
-112
75
-70
-2
239
-131
47
-36
10
25
-61
57
150
-48
149
114
7
18
82
-29
19
-45
118
48
246
104
-100
173
-184
44
167
-30
103
167
-94
320
-234
7
186
-116
18
211
-213
221
176
-45
296
30
-147
140
142
-64
207
162
-123
138
10
-183
171
-118
42
156
119
6
-10
61
-64
-52
99
-94
13
-6
43
66
-22
-1
-139
-76
279
-56
-122
246
-26
60
186
-157
-62
187
22
15
129
-154
-66
236
59
-207
-96
-6
-60
84
42
-149
170
122
-62
208
-44
-107
48
95
59
-43
-30
14
78
55
-158
-129
34
118
26
87
-60
-26
167
-18
44
-74
-72
91
63
-57
-131
-21
99
-97
-49
-176
-76
-14
139
45
-15
-106
-75
-28
72
-29
-244
128
85
93
-76
-198
-49
-30
49
-40
-168
97
18
75
179
-154
-161
79
-100
10
70
-115
25
109
-193
-273
-206
-139
166
-41
-9
-152
-27
54
-27
67
-16
-81
64
21
91
-40
-174
199
-88
-201
57
-109
-23
328
-184
26
51
-251
154
133
-247
94
40
-138
93
-207
-278
80
-42
-131
63
-81
-168
86
154
-100
100
-11
-77
191
-15
-137
26
24
-38
-15
-145
-132
41
76
-72
89
-94
8
127
-64
-87
-144
-140
-71
-35
-29
57
14
-44
46
-146
-21
-50
105
172
-23
-1
46
-41
16
-4
59
-19
62
77
-59
19
-6
-85
119
46
-72
110
-27
-51
118
-82
24
2
29
45
16
-8
-108
13
173
5
11
50
2
20
-38
144
8
51
129
-62
2
18
-109
57
90
-170
29
42
6
76
9
12
-80
-40
-14
40
146
-6
44
-43
-60
-22
7
96
-16
-86
-17
59
-55
-50
6
-118
-42
39
-65
41
-53
-67
75
-35
-160
1
6
-46
65
14
-8
39
-102
-84
-66
-114
-43
52
12
-23
-39
-36
-70
-56
-93
15
69
-28
11
26
-120
-111
-65
-73
-8
82
-56
68
-20
-141
-45
45
-53
-24
99
-55
-46
42
-4
34
97
-66
15
64
20
99
-17
18
2
-65
4
-60
-10
31
-21
40
-72
-19
-34
3
8
-77
-46
-39
21
76
16
37
29
26
62
97
106
36
62
7
-19
-16
-62
-32
12
-20
-67
-123
-114
-44
14
-39
-10
35
-54
39
41
-22
24
-40
49
10
25
69
12
-6
-33
32
-90
10
12
-40
74
-67
-153
-23
-18
-52
-9
-18
-165
-51
-26
-16
43
7
-132
-48
-25
-89
21
30
-39
-2
43
-63
-80
-114
-41
-12
35
-10
-45
-10
-100
-43
-36
-23
-15
-55
-35
-76
-66
-19
-41
15
-38
-79
-46
-139
-71
6
29
18
-22
-30
-79
-51
-39
-14
59
13
0
-4
-61
-68
-67
-26
28
-24
12
12
-173
-107
-51
-96
-56
-56
-89
-95
26
-47
5
14
-57
-48
1
-65
-79
94
53
-18
3
-144
-134
-32
-66
-15
-58
-111
-162
0
2
-95
-16
-51
-89
-41
-44
-88
-47
10
-33
-17
-49
-118
-108
-11
-50
-73
35
11
8
49
-29
-70
-27
-33
-24
13
-62
-50
-30
-113
-145
-133
-113
-66
11
-30
-13
-74
-105
-85
-83
-38
-85
-52
34
15
-21
-57
-24
-57
-73
-13
-63
-26
25
-16
-54
-52
-81
-149
-90
-18
-111
-46
0
-82
-84
-109
-107
-146
-38
-56
5
24
-19
-15
-2
-56
-4
41
-26
58
4
46
10
-30
-98
-63
-105
-143
-75
-97
-92
-35
-92
-115
-43
-115
-65
-3
-40
-41
-93
-48
-15
-39
1
-39
-14
5
-47
18
6
-31
7
3
-75
-128
-78
-104
-46
-44
-56
-101
-121
-104
-112
-83
-90
-24
-20
-23
-40
-100
-45
-79
-49
-17
-98
-38
-36
-33
-18
-47
-73
-57
-2
-62
-10
50
-35
-40
-64
-82
-97
-72
-55
-53
-101
-111
-112
-94
-64
-60
-97
-33
-35
-61
-37
-59
-50
-9
-24
-29
-11
-76
-88
-101
-111
-179
-101
-18
3
28
-15
-75
-116
-112
-113
-94
-51
-36
-30
-24
-110
-169
-105
-75
-69
-23
-15
22
11
-28
-31
-145
-146
-138
-56
-42
-58
5
-110
-91
-104
-183
-113
-69
-21
-2
34
-39
-58
-68
-118
-125
-74
-80
-46
-13
-39
-117
-73
-95
-167
-65
-77
-85
-28
-48
-84
-41
-91
-143
-97
-140
-139
-25
-72
-72
-17
-103
-88
-96
-113
-113
-67
-13
-50
-39
-46
-99
-89
-121
-149
-77
-83
-98
-80
-64
-105
-87
-58
-94
-103
-68
-86
-120
-80
-105
-74
-63
-104
-95
-90
-79
-82
-50
-45
-74
-43
-52
-70
-81
-118
-83
-100
-65
-71
-84
-44
-78
-81
-73
-71
-104
-78
-67
-98
-85
-83
-112
-86
-89
-126
-109
-55
-100
-73
-69
-113
-93
-92
-69
-51
-61
-95
-80
-120
-164
-128
-118
-89
-42
-59
-58
-85
-104
-83
-95
-88
-66
-52
-67
-83
-92
-117
-103
-122
-117
-98
-96
-117
-118
-92
-170
-144
-57
-134
-77
-15
-92
-59
-69
-110
-139
-122
-131
-96
-9
-76
-47
-51
-109
-150
-122
-128
-122
-44
-55
-77
-58
-134
-183
-129
-166
-161
-110
-70
-79
-46
-54
-88
-93
-121
-120
-103
-88
-69
-35
-15
-76
-55
-74
-126
-89
-74
-99
-62
-49
-97
-66
-85
-124
-41
-92
-104
-58
-111
-97
-60
-72
-68
-72
-47
-84
-71
-43
-97
-101
-110
-130
-138
-125
-105
-80
-65
-87
-79
-110
-87
-104
-89
-58
-86
-43
7
-60
-86
-53
-127
-98
-76
-115
-56
-43
-45
-37
-72
-129
-155
-132
-127
-115
-75
-76
-61
-72
-109
-109
-130
-131
-108
-110
-96
-109
-83
-71
-95
-130
-138
-122
-112
-74
-57
-38
-42
-81
-46
-82
-110
-76
-59
-90
-87
-83
-128
-93
-110
-120
-115
-131
-100
-125
-96
-106
-115
-97
-77
-89
-116
-43
-83
-100
-57
-99
-110
-86
-103
-84
-75
-108
-90
-65
-121
-98
-71
-96
-103
-56
-103
-112
-95
-116
-112
-125
-117
-118
-116
-105
-108
-95
-91
-107
-62
-72
-95
-77
-110
-77
-63
-80
