18
18
17
17
18
20
19
18
20
19
20
19
21
21
23
22
22
21
21
22
21
23
22
24
24
24
25
23
22
23
24
23
24
24
25
25
25
26
25
26
27
27
26
25
25
26
26
27
25
26
25
26
26
24
23
23
22
23
22
21
19
19
20
21
22
21
20
19
20
20
19
19
19
20
21
21
23
22
22
23
25
24
25
24
23
23
23
21
21
22
21
22
22
22
23
23
23
23
23
23
25
26
26
26
24
24
23
23
23
24
24
26
26
27
26
26
26
26
24
22
22
21
21
22
23
24
26
25
25
24
23
22
21
23
25
27
24
25
24
26
28
28
28
25
24
25
26
26
26
26
26
26
27
26
25
24
23
24
24
24
24
23
24
23
22
23
23
21
23
23
22
23
22
24
24
25
24
23
23
23
24
25
26
25
25
24
23
24
24
24
21
20
20
20
23
22
22
23
23
20
20
20
20
21
23
23
22
20
20
18
18
19
17
17
17
17
18
19
19
20
19
20
17
16
16
17
19
18
18
19
20
22
20
19
18
19
20
20
22
22
21
20
20
21
20
19
20
18
19
18
20
20
21
20
18
16
15
15
15
14
14
13
12
12
11
12
12
12
12
11
9
9
8
9
10
10
9
9
8
8
9
9
9
8
7
7
8
9
11
12
12
13
12
13
12
14
14
14
14
15
14
13
15
16
16
16
16
16
15
15
16
16
17
18
18
19
20
19
18
17
19
19
17
17
16
17
16
16
15
16
16
16
16
16
16
15
14
14
15
16
14
13
13
13
15
15
14
14
15
17
16
15
15
16
17
16
15
15
14
16
17
16
16
15
16
15
15
14
14
13
13
12
12
13
14
14
14
14
13
13
11
12
12
12
15
15
14
17
17
16
17
16
15
13
13
15
15
17
18
17
16
17
16
18
17
17
17
16
17
17
19
21
21
19
18
17
17
19
20
20
18
18
18
18
17
16
17
17
18
17
16
16
17
15
15
13
11
11
11
11
11
10
9
11
12
13
12
11
10
8
10
9
8
9
10
11
11
10
9
9
8
8
7
7
7
8
8
8
8
8
8
9
9
8
7
7
7
7
7
7
7
6
8
7
8
8
8
6
7
8
8
7
7
6
5
3
2
1
2
2
1
0
-1
0
0
1
1
0
-1
0
-1
1
2
2
3
2
1
2
2
0
2
2
0
1
1
0
0
-1
-2
-3
-5
-5
-5
-4
-5
-6
-5
-4
-5
-4
-5
-4
-2
-3
-4
-5
-5
-6
-4
-5
-3
-2
-2
-3
-4
-3
-4
-3
-3
-4
-5
-5
-5
-5
-4
-5
-5
-5
-5
-7
-6
-6
-7
-7
-6
-6
-6
-7
-7
-6
-8
-7
-6
-5
-6
-9
-8
-9
-8
-8
-6
-6
-5
-6
-7
-7
-8
-8
-8
-9
-7
-6
-5
-4
-4
-3
-4
-6
-6
-6
-7
-7
-7
-8
-9
-8
-7
-6
-6
-6
-6
-7
-7
-6
-6
-7
-8
-9
-7
-6
-5
-5
-5
-5
-4
-4
-5
-6
-6
-5
-5
-5
-4
-3
-4
-5
-5
-5
-5
-6
-5
-6
-5
-5
-5
-5
-6
-6
-7
-8
-9
-8
-7
-5
-5
-5
-6
-5
-7
-7
-5
-5
-5
-4
-5
-5
-5
-5
-4
-3
-5
-4
-2
-2
-3
-4
-4
-3
-3
-2
-2
-1
0
-3
-4
-3
-2
-2
-1
-1
-2
-3
-3
-2
-1
0
-2
-1
-1
-3
-4
-5
-6
-6
-5
-4
-5
-5
-6
-6
-6
-6
-6
-7
-8
-8
-12
-12
-10
-9
-9
-8
-9
-10
-10
-11
-12
-13
-13
-15
-16
-15
-14
-13
-14
-13
-16
-18
-18
-17
-15
-13
-14
-15
-15
-17
-17
-16
-15
-15
-18
-16
-15
-15
-16
-16
-16
-16
-18
-18
-18
-17
-15
-15
-14
-15
-16
-16
-16
-16
-16
-17
-17
-16
-16
-17
-17
-18
-18
-17
-16
-18
-19
-20
-21
-19
-19
-18
-20
-22
-22
-23
-23
-23
-23
-24
-23
-24
-25
-26
-28
-28
-27
-27
-27
-27
-26
-27
-26
-26
-26
-26
-26
-24
-25
-24
-24
-25
-24
-22
-23
-23
-22
-25
-26
-26
-26
-26
-26
-28
-28
-27
-26
-26
-27
-26
-26
-24
-25
-25
-26
-25
-24
-24
-24
-25
-26
-27
-26
-27
-26
-25
-24
-24
-24
-25
-25
-26
-26
-26
-26
-26
-27
-28
-27
-27
-28
-29
-28
-27
-27
-28
-27
-29
-29
-29
-32
-34
-33
-33
-33
-34
-34
-33
-32
-33
-33
-35
-33
-33
-33
-34
-35
-34
-33
-31
-29
-29
-31
-29
-29
-29
-29
-29
-29
-28
-26
-25
-24
-25
-26
-27
-25
-25
-27
-28
-29
-29
-29
-28
-26
-25
-25
-26
-26
-26
-27
-28
-29
-28
-29
-29
-30
-31
-31
-29
-28
-28
-28
-30
-31
-30
-29
-29
-28
-27
-28
-27
-28
-27
-26
-26
-26
-26
-26
-25
-25
-25
-25
-26
-25
-25
-27
-26
-25
-26
-25
-24
-25
-26
-25
-26
-27
-25
-25
-25
-24
-24
-25
-23
-21
-21
-22
-23
-24
-22
-22
-23
-24
-23
-22
-21
-21
-22
-24
-24
-23
-22
-21
-23
-25
-25
-26
-26
-24
-24
-24
-25
-25
-25
-26
-25
-26
-27
-28
-29
-30
-30
-30
-29
-30
-29
-29
-29
-30
-31
-31
-31
-31
-32
-32
-34
-34
-33
-32
-30
-29
-28
-28
-30
-30
-30
-30
-29
-30
-29
-29
-29
-29
-29
-28
-28
-28
-28
-28
-29
-28
-27
-25
-26
-28
-29
-29
-28
-27
-28
-30
-32
-32
-30
-28
-28
-29
-30
-31
-32
-31
-31
-32
-35
-36
-38
-38
-39
-38
-38
-39
-39
-39
-40
-39
-39
-37
-37
-36
-35
-35
-34
-34
-34
-33
-34
-33
-32
-32
-33
-33
-32
-32
-33
-34
-34
-35
-34
-35
-35
-35
-36
-35
-34
-33
-32
-31
-32
-31
-32
-31
-30
-31
-33
-32
-32
-32
-32
-33
-35
-35
-35
-34
-34
-34
-34
-34
-34
-35
-33
-32
-30
-31
-31
-29
-29
-29
-30
-31
-30
-31
-31
-31
-32
-32
-33
-33
-33
-32
-33
-35
-36
-35
-35
-35
-37
-36
-36
-35
-33
-33
-34
-32
-33
-33
-33
-33
-32
-31
-31
-30
-31
-33
-32
-31
-30
-30
-29
-29
-30
-29
-30
-30
-29
-28
-28
-29
-30
-28
-27
-25
-23
-24
-26
-24
-24
-25
-24
-26
-26
-25
-25
-27
-27
-29
-29
-29
-29
-29
-31
-32
-33
-32
-30
-30
-30
-31
-32
-33
-33
-33
-32
-32
-33
-32
-31
-32
-31
-30
-33
-32
-35
-35
-37
-38
-37
-36
-35
-38
-40
-40
-41
-41
-41
-42
-42
-42
-42
-41
-41
-40
-38
-37
-38
-38
-39
-39
-40
-39
-40
-41
-42
-41
-40
-39
-40
-40
-41
-40
-39
-37
-37
-38
-38
-38
-40
-39
-39
-37
-37
-37
-39
-40
-42
-42
-41
-41
-41
-43
-45
-44
-46
-45
-45
-48
-48
-49
-49
-48
-46
-46
-46
-46
-47
-48
-48
-48
-48
-48
-48
-47
-47
-46
-47
-45
-46
-47
-49
-49
-48
-49
-49
-49
-50
-50
-48
-47
-47
-48
-47
-47
-47
-48
-51
-52
-52
-51
-47
-46
-46
-46
-47
-47
-47
-49
-48
-48
-48
-48
-48
-49
-51
-52
-52
-53
-51
-51
-51
-51
-51
-52
-53
-54
-55
-54
-56
-56
-55
-54
-52
-51
-52
-54
-55
-55
-55
-55
-56
-56
-57
-56
-56
-56
-56
-59
-59
-58
-55
-55
-56
-57
-57
-56
-55
-53
-54
-54
-54
-56
-58
-58
-59
-57
-56
-55
-55
-56
-57
-59
-59
-60
-60
-59
-60
-59
-59
-58
-58
-56
-56
-55
-55
-56
-57
-57
-57
-57
-57
-56
-56
-58
-60
-58
-58
-57
-59
-60
-61
-60
-60
-61
-62
-62
-61
-63
-63
-64
-64
-62
-60
-62
-61
-59
-59
-59
-59
-60
-61
-62
-61
-60
-58
-56
-57
-57
-58
-57
-58
-60
-59
-61
-59
-58
-59
-60
-59
-59
-60
-62
-64
-64
-64
-63
-62
-64
-64
-64
-65
-67
-67
-68
-69
-70
-71
-71
-70
-69
-70
-69
-70
-71
-71
-71
-71
-72
-71
-73
-73
-72
-72
-72
-72
-73
-73
-75
-76
-76
-76
-76
-75
-76
-76
-76
-77
-77
-78
-76
-75
-77
-75
-75
-75
-75
-75
-75
-74
-73
-73
-74
-74
-74
-74
-73
-73
-72
-73
-73
-74
-74
-75
-75
-76
-76
-75
-75
-76
-76
-76
-77
-77
-75
-75
-75
-76
-76
-77
-79
-79
-80
-80
-79
-80
-80
-80
-81
-80
-81
-82
-82
-84
-83
-83
-84
-85
-87
-87
-88
-87
-85
-85
-86
-87
-88
-87
-88
-88
-87
-85
-84
-84
-84
-83
-84
-84
-84
-85
-85
-85
-84
-82
-81
-82
-83
-84
-84
-83
-82
-83
-81
-82
-83
-83
-84
-84
-84
-83
-83
-84
-84
-82
-83
-82
-82
-85
-85
-85
-86
-85
-86
-88
-89
-88
-89
-88
-87
-86
-87
-87
-89
-90
-89
-88
-88
-88
-87
-87
-88
-88
-87
-88
-86
-86
-87
-90
-89
-88
-88
-88
-88
-87
-87
-89
-90
-90
-90
-89
-89
-90
-92
-91
-92
-92
-91
-92
-90
-89
-90
-88
-88
-85
-86
-86
-86
-86
-87
-87
-87
-86
-84
-84
-84
-85
-85
-85
-85
-86
-85
-84
-84
-82
-84
-84
-86
-86
-86
-88
-89
-90
-92
-91
-90
-91
-91
-92
-91
-91
-90
-91
-91
-93
-94
-94
-93
-94
-94
-94
-92
-92
-92
-90
-90
-92
-94
-95
-94
-93
-93
-94
-93
-93
-92
-91
-91
-90
-90
-91
-91
-91
-89
-88
-89
-89
-92
-92
-92
-93
-93
-90
-89
-89
-89
-90
-91
-91
-91
-91
-92
-93
-93
-95
-95
-95
-95
-93
-93
-93
-94
-94
-95
-95
-95
-96
-97
-97
-97
-100
-100
-99
-98
-99
-97
-99
-99
-100
-101
-101
-103
-104
-105
-106
-106
-106
-106
-105
-105
-106
-106
-106
-106
-106
-107
-106
-105
-106
-104
-104
-103
-103
-103
-103
-102
-101
-101
-100
-101
-101
-102
-101
-99
-97
-97
-97
-98
-97
-98
-98
-98
-98
-97
-97
-97
-98
-100
-100
-101
-101
-102
-104
-105
-106
-105
-104
-104
-105
-107
-109
-111
-111
-112
-111
-111
-112
-113
-114
-115
-114
-117
-118
-118
-117
-117
-117
-117
-118
-116
-117
-118
-117
-116
-114
-113
-113
-111
-111
-112
-114
-114
-112
-111
-110
-108
-108
-109
-108
-108
-108
-107
-109
-110
-112
-111
-112
-112
-110
-109
-106
-106
-107
-108
-108
-109
-107
-107
-108
-107
-106
-105
-104
-103
-103
-103
-104
-104
-103
-103
-104
-106
-108
-107
-107
-108
-108
-108
-109
-109
-110
-112
-113
-113
-112
-112
-114
-114
-114
-113
-113
-113
-114
-116
-115
-115
-114
-112
-111
-113
-113
-112
-111
-110
-110
-108
-108
-108
-109
-108
-107
-106
-105
-105
-106
-106
-107
-108
-106
-106
-106
-105
-106
-106
-104
-105
-107
-108
-109
-106
-105
-105
-105
-106
-107
-107
-108
-108
-107
-107
-106
-107
-108
-108
-108
-108
-108
-108
-110
-112
-113
-111
-111
-110
-109
-109
-109
-112
-113
-113
-114
-115
-114
-113
-113
-112
-112
-113
-113
-111
-113
-112
-112
-113
-113
-114
-114
-113
-113
-111
-108
-109
-110
-113
-113
-113
-112
-113
-114
-116
-115
-113
-111
-110
-112
-114
-115
-116
-116
-114
-113
-113
-114
-114
-116
-116
-115
-115
-115
-115
-116
-117
-117
-118
-118
-117
-118
-119
-120
-121
-121
-123
-125
-124
-123
-125
-123
-125
-127
-127
-127
-126
-127
-128
-128
-127
-125
-124
-124
-125
-128
-128
-126
-125
-123
-123
-124
-124
-125
-126
-127
-126
-126
-126
-126
-124
-124
-124
-125
-124
-124
-125
-126
-127
-126
-126
-124
-125
-124
-125
-126
-127
-128
-129
-128
-126
-126
-126
-125
-126
-125
-123
-124
-126
-127
-127
-127
-128
-127
-127
-126
-127
-127
-126
-126
-126
-126
-128
-127
-128
-129
-129
-128
-125
-126
-125
-128
-128
-129
-127
-127
-127
-129
-130
-128
-128
-127
-127
-127
-126
-124
-124
-126
-126
-124
-124
-123
-124
-124
-122
-121
-121
-123
-124
-123
-123
-123
-123
-124
-123
-124
-124
-124
-125
-124
-126
-126
-124
-125
-126
-128
-130
-130
-128
-128
-129
-130
-129
-128
-127
-128
-129
-129
-129
-129
-130
-130
-128
-127
-128
-129
-131
-131
-130
-128
-126
-127
-128
-129
-131
-131
-130
-130
-130
-131
-131
-129
-126
-126
-125
-125
-127
-128
-128
-127
-125
-124
-124
-124
-124
-123
-122
-122
-121
-120
-121
-120
-120
-120
-119
-120
-121
-120
-121
-121
-120
-119
-119
-119
-121
-121
-122
-122
-122
-122
-122
-124
-123
-124
-124
-123
-124
-124
-125
-128
-127
-128
-126
-126
-126
-128
-130
-130
-130
-132
-131
-132
-130
-130
-130
-130
-130
-130
-131
-131
-132
-131
-131
-130
-129
-129
-130
-128
-127
-126
-125
-126
-127
-127
-125
-126
-125
-127
-126
-126
-126
-128
-129
-130
-129
-129
-129
-130
-132
-132
-132
-132
-132
-134
-135
-135
-135
-135
-135
-135
-136
-137
-136
-137
-136
-136
-136
-135
-135
-135
-136
-135
-136
-136
-137
-135
-137
-136
-137
-137
-136
-136
-138
-140
-141
-144
-144
-142
-141
-142
-142
-143
-143
-143
-144
-142
-142
-141
-142
-144
-142
-140
-138
-138
-139
-140
-141
-139
-137
-137
-137
-136
-136
-136
-136
-136
-137
-138
-139
-138
-139
-139
-138
-140
-139
-139
-139
-139
-140
-139
-140
-140
-141
-143
-144
-144
-145
-144
-143
-144
-144
-143
-144
-146
-147
-148
-149
-149
-147
-145
-147
-147
-149
-150
-149
-149
-149
-149
-150
-150
-150
-151
-150
-150
-150
-151
-152
-151
-151
-149
-147
-145
-146
-145
-142
-142
-142
-143
-143
-142
-140
-138
-138
-139
-139
-140
-140
-140
-142
-140
-139
-139
-138
-140
-143
-145
-144
-144
-143
-143
-143
-144
-144
-146
-149
-149
-151
-151
-149
-150
-151
-152
-151
-150
-148
-149
-149
-151
-150
-150
-150
-150
-151
-150
-150
-149
-149
-150
-150
-149
-148
-147
-149
-150
-150
-148
-148
-147
-147
-148
-146
-145
-143
-142
-143
-142
-143
-142
-142
-142
-142
-141
-140
-139
-137
-137
-137
-138
-140
-139
-138
-138
-137
-137
-137
-137
-138
-139
-142
-141
-138
-139
-138
-140
-141
-142
-144
-142
-141
-142
-143
-143
-145
-144
-145
-145
-145
-144
-145
-147
-147
-147
-147
-146
-146
-145
-146
-147
-145
-144
-142
-143
-143
-144
-143
-142
-142
-142
-144
-145
-144
-143
-143
-144
-145
-146
-146
-145
-144
-142
-142
-143
-143
-143
-143
-143
-141
-140
-141
-140
-139
-139
-136
-134
-134
-134
-135
-135
-135
-134
-134
-136
-136
-136
-136
-134
-137
-136
-137
-139
-138
-141
-141
-140
-141
-141
-142
-143
-144
-144
-145
-146
-147
-147
-147
-148
-148
-148
-149
-149
-149
-148
-149
-147
-148
-148
-148
-146
-145
-145
-144
-143
-143
-142
-142
-142
-142
-142
-140
-140
-141
-140
-140
-140
-139
-139
-139
-139
-140
-141
-139
-139
-140
-142
-143
-142
-141
-140
-138
-138
-139
-139
-139
-139
-138
-137
-136
-137
-138
-137
-136
-137
-137
-138
-140
-140
-142
-141
-141
-140
-141
-143
-144
-145
-145
-144
-144
-145
-147
-146
-145
-145
-146
-148
-149
-149
-147
-147
-145
-144
-144
-144
-143
-144
-143
-142
-140
-139
-139
-141
-141
-140
-139
-136
-137
-137
-137
-138
-138
-136
-136
-136
-136
-136
-134
-134
-135
-136
-136
-136
-134
-134
-136
-135
-137
-137
-136
-136
-137
-138
-138
-138
-139
-140
-141
-141
-141
-141
-141
-140
-141
-141
-142
-141
-140
-140
-141
-141
-140
-142
-140
-141
-140
-140
-139
-139
-139
-138
-138
-138
-142
-142
-142
-142
-140
-138
-140
-140
-140
-139
-138
-139
-140
-140
-140
-140
-141
-141
-142
-141
-140
-140
-140
-141
-142
-141
-140
-138
-139
-139
-139
-139
-139
-139
-140
-140
-140
-139
-139
-139
-141
-141
-140
-141
-141
-141
-142
-143
-144
-143
-143
-142
-143
-144
-144
-144
-145
-147
-147
-148
-148
-149
-148
-148
-148
-148
-149
-148
-148
-149
-149
-150
-150
-151
-149
-149
-147
-147
-147
-148
-147
-147
-146
-147
-146
-146
-145
-144
-144
-143
-141
-143
-144
-144
-144
-143
-143
-145
-143
-142
-142
-143
-142
-143
-144
-143
-144
-144
-143
-142
-143
-143
-143
-145
-145
-144
-144
-146
-146
-146
-146
-147
-147
-147
-147
-146
-146
-147
-148
-148
-147
-147
-147
-147
-149
-150
-150
-150
-149
-150
-151
-151
-149
-148
-146
-147
-147
-147
-148
-147
-146
-146
-145
-145
-146
-147
-148
-148
-146
-143
-144
-146
-146
-146
-144
-143
-142
-142
-143
-143
-142
-140
-141
-141
-141
-142
-143
-141
-140
-139
-139
-139
-140
-141
-140
-140
-138
-138
-138
-139
-140
-140
-138
-138
-139
-141
-142
-141
-141
-140
-140
-139
-141
-141
-141
-140
-141
-141
-141
-142
-141
-140
-139
-139
-139
-140
-140
-138
-138
-138
-137
-138
-137
-136
-135
-136
-137
-136
-136
-137
-138
-137
-137
-135
-134
-134
-134
-133
-133
-132
-133
-133
-135
-133
-132
-131
-128
-127
-128
-128
-130
-130
-129
-129
-128
-130
-129
-129
-126
-125
-124
-124
-125
-126
-127
-128
-129
-128
-127
-125
-126
-125
-127
-127
-128
-129
-130
-129
-129
-128
-128
-130
-129
-132
-132
-131
-130
-130
-132
-132
-132
-130
-129
-127
-127
-129
-130
-130
-131
-131
-128
-126
-125
-124
-123
-125
-124
-123
-122
-122
-122
-122
-123
-121
-121
-121
-122
-122
-121
-121
-123
-123
-126
-126
-126
-126
-125
-126
-128
-129
-130
-130
-130
-129
-129
-129
-129
-130
-130
-131
-130
-132
-132
-134
-136
-136
-134
-133
-134
-134
-134
-135
-135
-135
-134
-133
-133
-132
-132
-132
-131
-131
-131
-130
-130
-131
-130
-130
-129
-130
-130
-130
-130
-130
-130
-131
-132
-131
-131
-131
-132
-131
-132
-132
-131
-132
-131
-130
-129
-129
-127
-128
-129
-129
-130
-130
-129
-127
-127
-125
-125
-125
-127
-129
-129
-131
-132
-132
-133
-132
-130
-131
-133
-133
-133
-133
-133
-133
-137
-136
-135
-135
-135
-135
-136
-137
-135
-137
-134
-134
-133
-134
-135
-134
-134
-131
-130
-130
-129
-129
-130
-129
-127
-127
-127
-127
-127
-126
-126
-125
-125
-127
-126
-125
-125
-124
-124
-124
-125
-125
-124
-124
-123
-122
-124
-124
-123
-122
-122
-120
-118
-118
-120
-120
-119
-120
-119
-121
-121
-121
-120
-119
-118
-119
-120
-121
-122
-121
-123
-124
-123
-124
-124
-125
-124
-126
-125
-124
-126
-126
-127
-126
-124
-123
-123
-125
-125
-125
-126
-125
-124
-123
-121
-120
-119
-117
-117
-117
-117
-117
-117
-118
-118
-116
-114
-112
-111
-111
-110
-110
-110
-109
-111
-111
-111
-111
-111
-108
-109
-107
-107
-106
-107
-107
-106
-107
-107
-107
-108
-109
-110
-108
-107
-106
-107
-108
-110
-110
-111
-111
-112
-114
-114
-114
-113
-113
-115
-116
-116
-115
-115
-116
-117
-119
-119
-119
-117
-116
-115
-116
-116
-115
-115
-116
-115
-116
-116
-115
-112
-110
-112
-112
-112
-112
-112
-112
-110
-110
-112
-113
-114
-113
-112
-112
-111
-111
-110
-110
-110
-111
-110
-111
-110
-109
-108
-110
-110
-111
-111
-109
-110
-110
-110
-110
-109
-110
-112
-114
-113
-112
-111
-111
-112
-111
-111
-111
-113
-115
-118
-119
-119
-119
-117
-118
-117
-118
-117
-118
-120
-122
-123
-122
-120
-120
-121
-121
-121
-120
-118
-116
-115
-114
-115
-117
-119
-119
-118
-116
-115
-116
-116
-117
-116
-115
-115
-116
-116
-116
-116
-115
-116
-115
-115
-115
-114
-114
-113
-114
-115
-115
-114
-112
-112
-110
-111
-112
-113
-114
-114
-113
-113
-113
-112
-112
-112
-111
-110
-112
-114
-116
-115
-115
-115
-116
-115
-116
-117
-117
-117
-117
-116
-116
-117
-120
-120
-118
-115
-114
-114
-116
-115
-115
-114
-114
-115
-113
-112
-111
-110
-110
-110
-109
-110
-110
-109
-108
-108
-108
-107
-107
-107
-106
-105
-104
-104
-103
-105
-105
-104
-102
-102
-103
-104
-104
-103
-102
-101
-100
-100
-101
-100
-100
-101
-101
-101
-101
-104
-105
-105
-104
-104
-103
-103
-102
-102
-102
-103
-104
-103
-104
-104
-102
-102
-101
-101
-102
-100
-100
-100
-99
-98
-99
-98
-97
-96
-97
-99
-99
-98
-97
-97
-98
-99
-99
-97
-96
-96
-98
-99
-99
-99
-98
-97
-96
-96
-96
-97
-98
-97
-96
-95
-94
-95
-95
-95
-94
-94
-94
-94
-94
-94
-93
-92
-93
-94
-94
-96
-94
-93
-93
-93
-94
-93
-94
-93
-94
-96
-95
-96
-96
-98
-97
-97
-98
-97
-97
-98
-98
-99
-98
-99
-100
-97
-98
-97
-99
-100
-99
-99
-99
-99
-98
-98
-98
-98
-98
-96
-95
-95
-97
-97
-97
-95
-93
-92
-94
-94
-94
-93
-92
-92
-93
-93
-92
-92
-92
-91
-90
-90
-91
-92
-90
-91
-89
-90
-90
-90
-92
-91
-89
-87
-86
-88
-89
-89
-88
-89
-87
-89
-89
-90
-87
-87
-88
-88
-88
-88
-87
-86
-86
-87
-88
-88
-88
-88
-90
-91
-89
-89
-88
-87
-87
-87
-88
-88
-89
-89
-88
-86
-85
-83
-84
-83
-83
-82
-79
-79
-81
-81
-80
-79
-79
-78
-79
-79
-81
-78
-77
-77
-75
-75
-75
-74
-74
-74
-74
-75
-77
-75
-74
-73
-72
-72
-74
-75
-75
-74
-74
-74
-75
-75
-77
-76
-77
-76
-75
-74
-74
-75
-75
-75
-74
-73
-74
-75
-76
-74
-73
-73
-75
-75
-75
-74
-73
-73
-75
-74
-73
-72
-72
-70
-72
-73
-73
-72
-72
-70
-68
-71
-71
-70
-70
-72
-71
-70
-69
-67
-66
-67
-67
-68
-66
-67
-66
-66
-66
-66
-66
-65
-63
-63
-63
-63
-64
-64
-63
-62
-63
-63
-64
-65
-64
-64
-65
-65
-65
-65
-66
-67
-69
-69
-70
-68
-67
-68
-67
-68
-68
-69
-70
-69
-69
-69
-70
-70
-69
-68
-69
-68
-69
-69
-70
-70
-70
-69
-68
-67
-68
-68
-68
-68
-67
-66
-67
-66
-67
-67
-66
-64
-64
-63
-63
-64
-66
-66
-66
-67
-66
-65
-64
-63
-63
-64
-63
-65
-65
-64
-64
-63
-62
-62
-63
-63
-64
-65
-64
-65
-64
-65
-64
-63
-62
-63
-65
-65
-66
-66
-65
-64
-67
-67
-67
-66
-65
-64
-65
-63
-63
-64
-61
-61
-62
-62
-62
-62
-61
-60
-59
-58
-57
-58
-60
-61
-60
-59
-58
-57
-58
-57
-58
-57
-56
-56
-57
-56
-55
-55
-54
-55
-54
-53
-52
-53
-53
-52
-53
-53
-52
-53
-53
-52
-53
-54
-55
-55
-55
-54
-55
-55
-55
-57
-57
-57
-55
-56
-55
-57
-58
-59
-59
-59
-59
-58
-57
-56
-57
-57
-57
-56
-56
-55
-55
-55
-55
-53
-53
-53
-53
-53
-51
-52
-52
-52
-52
-52
-51
-51
-50
-48
-48
-48
-48
-51
-51
-50
-49
-49
-47
-47
-46
-44
-45
-45
-45
-46
-46
-46
-47
-45
-46
-44
-43
-42
-41
-41
-42
-41
-41
-41
-42
-40
-40
-39
-38
-38
-38
-40
-39
-40
-42
-42
-42
-42
-41
-42
-43
-44
-43
-44
-44
-43
-42
-43
-43
-44
-46
-46
-45
-44
-43
-42
-41
-40
-40
-39
-39
-38
-37
-36
-35
-35
-35
-37
-36
-34
-34
-33
-33
-33
-34
-34
-34
-34
-33
-32
-33
-35
-36
-35
-35
-34
-32
-33
-34
-35
-35
-35
-35
-35
-33
-33
-32
-34
-34
-35
-33
-34
-36
-36
-37
-38
-36
-37
-37
-37
-38
-37
-36
-38
-39
-38
-38
-38
-37
-38
-38
-39
-37
-37
-37
-38
-39
-38
-38
-36
-36
-36
-36
-38
-38
-36
-35
-34
-35
-35
-34
-33
-33
-34
-35
-33
-31
-31
-32
-33
-33
-33
-31
-31
-32
-34
-35
-34
-34
-35
-36
-35
-35
-35
-35
-36
-36
-36
-35
-35
-36
-36
-36
-34
-34
-35
-37
-36
-34
-35
-35
-36
-35
-32
-31
-33
-33
-35
-36
-35
-35
-35
-36
-36
-35
-36
-35
-36
-37
-37
-35
-34
-33
-33
-34
-32
-31
-30
-30
-31
-32
-30
-29
-27
-27
-26
-27
-28
-29
-30
-29
-29
-30
-29
-28
-30
-30
-30
-29
-31
-31
-30
-30
-31
-32
-31
-31
-29
-28
-28
-26
-26
-26
-27
-26
-27
-27
-27
-27
-26
-26
-25
-27
-27
-29
-29
-28
-29
-31
-30
-29
-29
-28
-25
-26
-27
-26
-28
-26
-25
-25
-25
-25
-24
-23
-23
-24
-24
-24
-23
-22
-23
-23
-22
-20
-20
-20
-21
-21
-19
-18
-19
-20
-20
-20
-19
-19
-18
-17
-18
-19
-19
-19
-19
-19
-19
-18
-20
-19
-20
-20
-20
-19
-18
-17
-18
-18
-18
-20
-19
-20
-20
-20
-19
-20
-21
-21
-21
-21
-19
-18
-22
-23
-23
-23
-21
-21
-21
-21
-21
-21
-22
-21
-19
-20
-19
-20
-20
-20
-20
-20
-20
-20
-22
-21
-21
-19
-18
-19
-20
-20
-20
-20
-21
-22
-23
-24
-23
-21
-19
-19
-21
-20
-21
-21
-20
-20
-20
-21
-21
-19
-18
-19
-20
-21
-21
-21
-20
-21
-21
-22
-22
-22
-22
-23
-26
-25
-25
-25
-24
-23
-24
-25
-25
-25
-23
-24
-24
-22
-23
-24
-25
-24
-24
-23
-22
-25
-24
-24
-22
-23
-22
-22
-21
-22
-22
-22
-22
-21
-22
-23
-24
-23
-22
-21
-21
-18
-20
-20
-21
-22
-22
-23
-22
-22
-23
-23
-23
-23
-22
-22
-22
-22
-23
-25
-24
-26
-25
-23
-23
-22
-22
-23
-22
-23
-23
-23
-23
-21
-19
-17
-17
-15
-18
-20
-22
-21
-20
-19
-19
-20
-21
-21
-21
-21
-22
-22
-21
-22
-22
-23
-22
-21
-21
-21
-21
-21
-20
-20
-19
-18
-17
-17
-17
-17
-16
-16
-15
-17
-18
-20
-19
-18
-19
-20
-18
-18
-18
-16
-16
-16
-16
-16
-15
-16
-17
-17
-18
-18
-18
-18
-18
-17
-17
-17
-18
-18
-19
-19
-18
-18
-17
-18
-19
-20
-19
-20
-19
-20
-21
-19
-19
-18
-18
-18
-19
-20
-20
-19
-18
-18
-19
-19
-20
-21
-20
-20
-19
-18
-18
-18
-19
-19
-18
-16
-15
-15
-15
-16
-14
-14
-13
-14
-16
-16
-15
-15
-14
-14
-14
-14
-11
-12
-13
-12
-13
-13
-14
-13
-13
-12
-12
-12
-13
-12
-12
-11
-9
-9
-11
-12
-11
-10
-10
-10
-10
-11
-11
-10
-8
-7
-7
-8
-8
-8
-8
-7
-6
-6
-8
-9
-11
-9
-8
-9
-7
-8
-9
-8
-6
-6
-6
-7
-6
-6
-6
-4
-4
-3
-4
-5
-4
-4
-3
-4
-4
-3
-5
-4
-4
-5
-5
-4
-7
-7
-5
-7
-7
-7
-9
-8
-8
-9
-10
-9
-8
-9
-9
-9
-9
-8
-8
-8
-9
-8
-5
-4
-4
-5
-5
-5
-5
-6
-6
-4
-4
-3
-2
-3
-4
-4
-3
-3
-3
-3
-3
-1
0
0
0
-1
-1
-2
-1
-1
0
-1
-1
-1
1
1
-1
1
-1
0
2
2
1
1
0
0
1
1
2
4
4
4
3
1
0
0
1
0
2
1
-1
0
1
0
1
0
0
-1
-3
-4
-4
-4
-5
-4
-5
-4
-4
-4
-3
-4
-4
-5
-5
-3
-2
-2
-1
-2
-2
0
0
0
-1
-3
-3
-3
-4
-4
-4
-3
-4
-5
-6
-7
-5
-4
-4
-4
-4
-2
-2
-2
-2
-1
-2
-3
-3
-3
-2
-2
-1
-1
1
2
0
-1
1
0
1
1
1
2
1
2
0
0
0
1
1
0
0
0
1
1
1
1
1
1
2
1
1
1
1
1
1
2
1
0
1
2
3
3
2
-1
-3
0
-1
-1
0
0
1
2
1
2
1
0
1
0
0
1
1
3
4
3
1
0
-2
-2
-3
-2
1
2
3
3
2
3
2
2
2
3
2
0
-2
-2
0
2
5
3
0
-2
-2
-3
-3
-4
-3
-2
-3
-4
-4
-3
-2
-2
-2
-2
-4
-3
-1
-1
-2
-3
-3
-4
-3
-3
-4
-5
-4
-3
-3
-2
-1
-2
-3
-4
-3
-3
-3
-2
-1
-2
-3
-3
-1
-1
-1
1
0
-1
0
-1
0
1
-1
-2
-3
-2
0
1
0
0
0
2
2
2
1
1
0
0
-1
0
0
1
2
3
2
1
0
2
2
2
2
1
2
2
3
3
4
3
3
1
1
0
0
-1
0
-1
-2
-1
-1
0
0
0
1
1
2
2
2
1
1
-1
0
2
2
1
2
1
0
-1
1
1
0
2
1
1
0
0
-1
0
1
0
2
1
2
2
2
2
2
1
0
1
0
0
2
1
3
2
1
0
1
3
3
5
5
7
7
6
5
5
5
4
5
6
6
8
8
8
9
8
9
8
7
6
5
6
6
7
7
7
7
6
6
6
6
6
6
8
8
9
8
7
8
9
10
12
12
11
11
9
10
11
12
13
13
13
11
10
10
10
11
11
11
12
11
10
8
8
7
8
10
9
11
11
10
9
10
10
11
11
11
8
8
7
7
8
9
9
9
9
10
10
8
9
8
8
8
8
9
10
9
9
9
9
10
10
11
11
10
10
10
11
11
12
11
11
11
12
12
12
13
12
12
11
11
12
13
12
13
12
11
11
12
12
12
11
12
11
8
6
7
6
7
6
6
6
7
7
7
6
7
8
7
8
8
8
7
9
10
10
11
11
10
10
10
10
11
10
12
12
11
11
11
11
12
13
14
14
13
14
14
15
14
12
13
13
14
14
15
14
13
13
12
12
10
9
11
11
12
12
15
14
12
11
10
11
12
11
11
10
9
10
10
10
9
8
7
5
6
6
6
7
5
4
4
2
4
4
4
4
5
6
8
10
10
9
9
10
10
9
9
9
10
10
11
11
10
9
10
10
11
11
10
8
8
7
8
8
9
9
10
9
11
10
9
10
11
11
10
10
10
11
11
11
10
8
9
10
10
11
11
11
11
10
8
8
8
8
7
9
8
9
7
7
7
6
7
8
8
8
8
7
7
6
7
8
8
11
12
11
12
11
10
9
7
8
9
10
11
11
11
11
12
12
14
13
13
13
13
15
14
13
14
15
15
15
15
14
16
16
16
16
16
16
15
13
12
12
13
15
16
17
17
15
15
16
16
15
15
16
15
16
17
16
15
15
14
12
14
13
13
13
13
14
12
12
12
13
14
14
15
14
16
16
16
16
14
15
15
15
14
13
14
14
14
16
15
14
14
14
14
15
17
18
18
17
17
16
16
17
17
18
17
17
17
16
17
18
18
19
17
17
17
16
16
17
17
17
16
15
15
15
16
16
16
16
16
16
16
16
16
16
13
13
12
12
13
12
12
13
15
15
14
13
11
11
11
11
11
11
10
10
10
10
10
10
9
6
7
9
8
8
8
8
8
8
7
5
5
6
6
7
6
7
9
9
9
7
5
4
5
5
4
4
4
5
5
6
5
5
4
2
2
2
3
3
3
5
4
5
6
3
3
2
3
5
5
6
5
3
3
4
5
5
4
4
4
4
2
3
3
3
1
1
2
2
5
6
5
3
3
3
5
5
4
3
3
2
2
5
7
5
5
4
4
3
2
4
3
2
2
2
3
4
5
6
5
5
5
6
7
7
9
8
8
9
10
9
8
8
7
8
9
8
9
8
8
7
6
6
6
7
7
8
8
9
8
8
8
7
6
7
8
8
9
10
11
10
11
11
9
10
9
10
9
10
11
10
10
12
12
14
15
14
13
14
14
13
12
11
10
10
11
11
14
14
12
11
11
11
11
11
10
8
8
9
10
12
13
13
13
13
12
12
11
12
13
13
13
15
16
15
15
15
16
17
16
16
16
16
16
16
15
15
15
14
15
15
15
15
15
16
14
15
13
13
11
10
8
9
10
11
12
13
12
11
10
8
7
8
9
9
10
9
8
8
8
9
10
10
8
9
8
8
9
11
10
9
9
6
6
7
6
4
5
4
5
7
7
7
6
3
2
2
2
3
2
1
1
1
4
5
5
4
2
3
4
3
3
5
6
5
4
5
5
6
6
7
4
4
3
3
4
2
1
-1
-2
-3
-3
-2
-1
0
1
0
-2
-2
-3
-1
0
1
-1
-2
-1
0
0
1
0
-2
-2
-3
-2
-1
0
-1
-1
0
-1
-2
-2
-1
-1
0
0
0
1
1
1
-1
-2
-2
-2
-1
0
1
2
-1
-2
-3
-3
-1
-1
0
-1
-2
-3
-3
-3
-4
-4
-2
-2
-2
-2
-3
-2
-4
-4
-3
-5
-5
-5
-5
-5
-5
-7
-6
-6
-5
-5
-6
-7
-7
-6
-7
-6
-6
-5
-5
-6
-5
-4
-4
-2
-2
-3
-4
-4
-5
-5
-4
-3
-2
-2
-4
-5
-6
-6
-4
-4
-2
-2
-2
-2
-1
-2
-3
-3
-3
-2
-1
-1
0
0
1
0
-1
-1
1
1
0
-1
-2
-1
-1
1
0
1
0
1
1
0
2
0
0
0
-2
-3
-3
-4
-2
-1
1
2
0
0
1
0
-1
-1
-1
-2
-1
-1
-2
0
0
1
-1
-1
-2
-3
-3
-3
-4
-5
-5
-5
-4
-5
-5
-7
-6
-7
-6
-7
-6
-8
-9
-8
-8
-7
-7
-6
-7
-6
-7
-8
-9
-9
-8
-8
-6
-5
-4
-6
-6
-7
-5
-5
-4
-5
-6
-5
-6
-5
-6
-5
-5
-5
-7
-8
-9
-10
-9
-9
-8
-7
-6
-7
-6
-6
-7
-9
-9
-10
-10
-9
-7
-7
-7
-8
-7
-7
-7
-5
-6
-7
-6
-8
-9
-9
-9
-10
-10
-10
-8
-8
-8
-8
-9
-9
-10
-10
-10
-9
-9
-10
-9
-10
-12
-12
-11
-11
-11
-11
-12
-11
-11
-11
-12
-13
-12
-14
-15
-15
-14
-12
-11
-11
-12
-13
-13
-13
-13
-12
-11
-11
-11
-11
-11
-11
-12
-13
-13
-14
-15
-14
-14
-14
-12
-12
-13
-13
-15
-16
-17
-17
-16
-16
-14
-13
-11
-10
-10
-8
-9
-9
-10
-10
-12
-12
-12
-10
-9
-9
-10
-10
-10
-11
-10
-10
-10
-10
-9
-10
-11
-10
-9
-8
-7
-9
-10
-11
-11
-10
-9
-9
-10
-12
-12
-12
-12
-11
-10
-9
-9
-9
-10
-10
-10
-8
-6
-6
-7
-8
-7
-5
-4
-5
-6
-8
-7
-7
-6
-4
-3
-4
-4
-4
-5
-6
-6
-6
-8
-10
-9
-8
-8
-7
-6
-6
-6
-7
-6
-5
-4
-5
-6
-7
-6
-5
-4
-4
-5
-7
-6
-7
-7
-7
-6
-5
-5
-7
-10
-9
-11
-10
-9
-8
-7
-7
-8
-8
-7
-7
-7
-6
-6
-8
-6
-7
-6
-7
-9
-9
-9
-8
-8
-8
-10
-12
-11
-12
-12
-11
-11
-11
-11
-10
-10
-9
-10
-8
-9
-8
-8
-9
-8
-8
-9
-10
-9
-10
-9
-11
-13
-14
-13
-15
-16
-16
-15
-15
-16
-16
-17
-18
-17
-14
-14
-14
-17
-16
-15
-14
-14
-15
-17
-16
-17
-17
-17
-19
-21
-20
-19
-18
-17
-17
-18
-18
-17
-16
-17
-16
-17
-15
-16
-16
-16
-16
-17
-18
-16
-15
-16
-15
-13
-15
-15
-17
-18
-19
-17
-17
-18
-18
-18
-18
-17
-17
-17
-18
-19
-20
-20
-19
-19
-19
-18
-18
-18
-17
-17
-17
-17
-15
-15
-16
-16
-16
-16
-15
-15
-16
-17
-17
-16
-16
-16
-16
-17
-18
-17
-16
-15
-16
-16
-14
-15
-14
-14
-15
-14
-14
-14
-14
-14
-12
-11
-10
-10
-10
-11
-11
-12
-12
-13
-12
-13
-14
-14
-12
-12
-12
-12
-10
-11
-11
-10
-10
-10
-10
-8
-7
-6
-5
-5
-6
-6
-8
-7
-7
-7
-9
-10
-8
-8
-8
-7
-8
-9
-11
-12
-12
-12
-11
-10
-10
-9
-9
-10
-10
-9
-7
-6
-5
-5
-4
-3
-3
-4
-4
-5
-4
-4
-6
-5
-5
-6
-6
-8
-7
-7
-8
-9
-11
-10
-10
-9
-10
-9
-12
-11
-10
-10
-10
-9
-10
-10
-10
-10
-10
-11
-10
-12
-12
-10
-11
-10
-10
-9
-10
-11
-12
-11
-10
-11
-10
-12
-13
-13
-12
-12
-12
-12
-13
-14
-13
-12
-11
-10
-10
-11
-14
-16
-17
-16
-16
-14
-15
-16
-16
-15
-16
-19
-18
-18
-18
-18
-18
-19
-18
-18
-15
-15
-15
-16
-15
-16
-16
-13
-13
-13
-14
-16
-16
-14
-14
-13
-13
-15
-14
-15
-14
-12
-13
-14
-16
-18
-19
-20
-19
-18
-19
-19
-17
-19
-18
-19
-18
-18
-18
-18
-18
-18
-16
-17
-15
-15
-16
-15
-15
-16
-14
-16
-17
-17
-16
-15
-16
-15
-17
-18
-18
-18
-16
-15
-17
-17
-19
-19
-18
-16
-14
-15
-15
-16
-17
-18
-20
-21
-20
-20
-20
-21
-21
-22
-21
-22
-22
-23
-22
-20
-19
-18
-17
-16
-15
-16
-14
-14
-14
-13
-14
-15
-15
-12
-13
-14
-13
-15
-15
-15
-16
-17
-18
-19
-20
-20
-19
-17
-16
-15
-15
-14
-14
-15
-15
-14
-14
-14
-14
-15
-15
-14
-14
-15
-17
-18
-18
-18
-18
-17
-18
-20
-19
-16
-15
-14
-14
-14
-14
-12
-12
-12
-13
-13
-12
-14
-15
-14
-14
-13
-13
-14
-16
-16
-14
-16
-15
-15
-15
-16
-13
-13
-12
-12
-13
-10
-10
-10
-10
-10
-8
-10
-12
-10
-10
-10
-10
-10
-11
-13
-15
-15
-13
-10
-10
-9
-11
-12
-13
-11
-10
-9
-9
-9
-9
-10
-10
-9
-6
-5
-7
-8
-9
-5
-6
-7
-8
-9
-10
-11
-10
-11
-10
-11
-12
-12
-10
-9
-8
-7
-6
-8
-8
-8
-7
-7
-7
-8
-8
-7
-8
-8
-7
-10
-10
-10
-12
-11
-11
-11
-11
-12
-13
-14
-12
-11
-11
-10
-8
-9
-9
-9
-8
-7
-6
-6
-5
-4
-4
-2
-3
-3
-3
-2
-3
-3
-4
-5
-4
-5
-6
-7
-7
-6
-6
-6
-7
-6
-6
-6
-5
-8
-8
-7
-7
-5
-5
-7
-7
-6
-5
-5
-6
-9
-11
-10
-9
-10
-10
-12
-12
-13
-13
-14
-15
-13
-11
-10
-11
-11
-12
-11
-10
-10
-10
-11
-10
-10
-12
-12
-12
-13
-15
-16
-17
-18
-17
-17
-16
-16
-16
-16
-16
-15
-16
-16
-16
-15
-15
-13
-12
-12
-8
-6
-10
-15
-15
-14
-14
-13
-14
-14
-14
-15
-13
-13
-16
-16
-14
-15
-17
-16
-17
-17
-15
-15
-14
-14
-15
-13
-11
-11
-12
-13
-10
-10
-10
-9
-10
-8
-7
-7
-8
-11
-11
-12
-11
-10
-12
-14
-14
-16
-16
-15
-17
-16
-15
-16
-15
-15
-15
-14
-13
-11
-12
-11
-11
-12
-12
-13
-12
-12
-13
-11
-12
-12
-12
-13
-16
-15
-14
-13
-13
-12
-12
-12
-12
-10
-9
-8
-7
-9
-7
-8
-6
-6
-7
-8
-8
-8
-9
-9
-10
-11
-12
-12
-12
-10
-8
-8
-8
-10
-10
-11
-8
-7
-6
-9
-9
-8
-8
-8
-7
-6
-8
-6
-7
-5
-6
-6
-6
-7
-6
-6
-4
-5
-4
-5
-7
-7
-7
-6
-4
-3
-3
-5
-6
-6
-3
-3
-4
-3
-5
-5
-4
-3
-2
-3
-3
-3
-4
-5
-5
-4
-3
-4
-6
-7
-8
-7
-7
-6
-7
-9
-11
-10
-10
-11
-12
-11
-10
-10
-10
-10
-9
-9
-9
-8
-6
-7
-5
-7
-9
-8
-8
-7
-6
-7
-11
-11
-11
-11
-13
-13
-13
-12
-12
-13
-15
-15
-16
-16
-17
-16
-15
-14
-15
-16
-18
-19
-18
-16
-17
-17
-16
-15
-13
-13
-14
-13
-12
-11
-12
-13
-15
-12
-11
-11
-9
-11
-10
-10
-11
-10
-11
-14
-12
-12
-12
-12
-11
-11
-10
-10
-10
-10
-10
-7
-8
-9
-9
-10
-9
-9
-8
-9
-9
-11
-11
-10
-9
-9
-10
-10
-11
-11
-10
-9
-9
-6
-7
-8
-8
-8
-8
-7
-7
-9
-9
-8
-8
-7
-7
-9
-8
-8
-10
-6
-5
-6
-6
-7
-5
-6
-7
-8
-9
-8
-7
-6
-4
-5
-5
-6
-5
-6
-5
-6
-4
-6
-7
-8
-8
-6
-6
-7
-8
-6
-6
-6
-7
-7
-6
-5
-4
-4
-2
1
-5
-4
-2
-1
-4
-2
-5
-4
-3
-3
-5
-7
-11
-9
-4
-5
-8
-9
-8
-8
-8
-9
-9
-6
-4
-3
-1
-4
-4
-2
-1
-1
-4
-3
-3
-2
-5
-7
-5
-5
-5
-5
-5
-6
-5
-5
-4
-5
-6
-4
-2
-1
-3
-2
-3
-1
-1
-2
1
1
1
-2
-1
-1
1
1
1
-2
-4
6
4
3
-1
-1
0
0
1
2
-4
-2
2
6
2
-1
-2
-2
-3
-6
-6
-5
-6
-7
-5
-10
-11
-10
-7
-7
-9
-15
-14
-11
-9
-8
-7
-7
-9
-11
-10
-8
-7
-3
-2
-3
-7
-9
-8
-5
-4
-2
-5
-6
-10
-8
-3
-2
-1
-2
-4
-6
-6
-5
-5
-3
-5
-5
-6
-7
-7
-7
-5
-5
-7
-8
-4
-3
0
-1
0
0
-1
1
3
0
4
6
4
6
0
2
3
2
4
2
2
2
2
2
3
3
4
4
2
4
3
5
3
0
1
2
1
2
0
-1
0
-4
-4
-6
-5
-2
-2
0
0
1
1
3
3
3
4
4
3
3
3
2
6
3
4
2
3
3
1
3
4
5
4
4
3
5
6
7
8
5
4
2
0
3
2
1
-1
-3
-3
-1
-2
2
1
0
-2
-5
-2
2
6
8
4
4
3
7
11
11
9
7
7
8
7
6
6
6
6
3
1
1
4
2
3
2
0
3
3
4
6
1
4
1
1
3
2
4
2
1
0
-3
-2
0
1
2
-1
-4
-6
-6
-1
1
3
-3
-4
-2
0
5
7
6
-1
0
0
8
8
7
8
6
2
3
7
7
10
4
6
1
1
1
3
1
-2
-5
-4
-4
-1
1
2
-1
-1
-1
1
1
2
0
5
4
9
8
9
12
11
14
7
12
7
12
11
12
9
6
11
7
11
8
8
6
9
9
11
9
8
11
8
9
4
9
9
7
11
0
6
1
4
8
4
3
1
-1
-1
-4
-1
0
2
1
3
2
5
8
1
14
2
12
10
8
17
14
13
10
8
8
15
7
8
5
-3
6
-1
6
4
3
1
4
-2
0
5
0
4
-5
-3
-3
0
4
2
3
-2
-1
0
2
0
2
2
3
0
-2
3
4
3
2
0
3
1
-1
5
0
2
3
4
0
-1
-3
0
-2
-5
-3
-5
-5
-8
-6
-6
-4
-4
-2
-4
-5
-3
-5
-1
-6
-8
-3
-6
0
-4
-2
-4
-6
-3
-7
1
-7
1
-2
1
-2
4
2
4
6
-2
5
0
5
7
4
3
4
0
4
4
2
6
2
1
3
-1
-1
3
-3
4
-2
1
5
2
6
6
7
4
10
3
13
8
5
14
4
8
6
4
10
8
6
8
7
3
10
4
6
10
2
7
9
3
11
4
3
9
-2
8
1
5
1
10
1
5
3
-4
14
0
9
9
8
7
3
2
2
5
-5
10
2
8
8
4
8
7
11
13
18
9
19
16
12
24
11
26
25
20
26
16
22
23
19
20
22
14
17
14
13
23
14
17
18
12
13
15
14
24
19
17
26
15
19
23
22
25
23
18
27
20
23
29
25
29
25
24
29
26
23
27
28
23
27
23
31
22
24
24
18
19
17
23
19
18
11
19
11
12
17
11
14
6
8
12
9
8
10
13
10
6
5
7
7
6
9
8
2
4
5
5
5
2
6
12
2
11
9
8
13
4
15
13
11
16
15
10
14
14
9
20
6
15
18
5
19
13
16
19
20
18
28
17
22
31
16
35
28
29
37
26
32
38
26
40
41
35
44
33
41
44
38
37
50
31
50
41
42
53
45
45
49
42
44
47
40
41
42
29
51
34
33
45
24
38
17
35
22
33
17
35
27
16
30
13
22
10
16
16
12
8
11
17
-1
4
4
1
0
-7
0
-6
-7
-13
-5
-18
-9
-18
-14
-12
-25
-16
-20
-24
-25
-22
-23
-20
-31
-23
-21
-20
-22
-10
-22
-10
-14
-18
1
-19
0
-9
-1
-5
4
5
7
15
16
22
28
30
35
42
40
50
54
57
68
68
77
77
91
88
109
101
116
115
110
137
114
145
121
144
131
143
135
142
143
127
144
122
123
122
116
111
118
88
103
92
74
90
65
67
57
45
44
41
20
23
20
-8
12
-13
-14
-22
-45
-30
-52
-69
-68
-84
-105
-83
-121
-114
-131
-135
-138
-164
-156
-180
-161
-192
-177
-200
-198
-195
-218
-202
-220
-207
-199
-194
-184
-192
-175
-164
-141
-129
-113
-87
-84
-49
-42
-4
14
37
59
72
97
116
138
150
169
177
195
205
208
225
229
234
246
238
255
261
259
268
249
263
261
260
262
259
254
250
242
229
238
222
219
207
186
185
179
164
157
152
138
137
120
118
118
101
114
97
87
98
94
83
80
73
60
48
54
42
37
36
1
0
1
-55
-17
-67
-78
-93
-137
-137
-158
-191
-199
-214
-268
-270
-284
-319
-306
-348
-336
-349
-309
-351
-344
-326
-381
-253
-311
-262
-251
-232
-196
-189
-152
-128
-43
-76
-15
15
10
91
98
128
160
160
189
213
219
236
284
253
274
265
260
290
271
265
269
247
237
232
210
204
213
170
164
130
126
130
99
110
65
86
53
59
54
52
58
48
50
45
72
60
89
75
91
100
111
127
141
148
169
180
174
188
203
207
213
211
207
209
217
211
204
201
181
184
140
137
123
94
96
54
30
25
-29
-24
-62
-100
-113
-165
-165
-220
-225
-271
-275
-325
-344
-352
-403
-402
-419
-416
-400
-421
-446
-416
-470
-371
-367
-384
-329
-327
-285
-269
-240
-197
-120
-129
-86
-35
-42
36
73
85
132
135
158
195
195
219
264
247
246
265
240
274
275
259
265
249
232
236
208
206
215
185
160
151
130
143
107
98
101
67
61
63
29
53
38
23
48
18
27
50
38
50
76
62
97
103
100
148
138
163
188
181
204
226
210
241
234
241
257
252
238
246
237
223
208
185
191
161
137
120
113
45
54
19
-17
-74
-67
-126
-153
-200
-237
-227
-331
-328
-358
-425
-435
-454
-507
-454
-498
-481
-513
-549
-544
-454
-484
-467
-427
-440
-369
-371
-343
-257
-233
-188
-154
-127
-111
-9
7
49
85
87
142
149
160
224
235
249
257
251
247
294
280
297
280
265
273
256
231
249
244
225
197
169
160
173
133
126
110
83
76
55
56
33
47
22
23
21
-2
45
32
39
44
67
68
102
108
130
167
169
186
205
205
238
254
257
265
282
282
297
287
271
299
248
255
258
178
236
162
171
114
109
73
79
-22
30
-53
-121
-43
-197
-113
-259
-182
-320
-307
-315
-442
-380
-467
-475
-473
-551
-490
-520
-546
-552
-567
-561
-482
-512
-450
-469
-426
-375
-359
-337
-237
-195
-179
-129
-94
-60
35
33
103
115
135
183
203
201
265
281
281
287
281
286
326
304
310
307
276
294
273
258
259
263
237
205
189
170
194
144
147
125
93
97
79
55
84
45
57
53
29
56
79
62
89
93
96
138
148
151
176
193
219
232
245
294
258
310
317
286
333
323
305
325
301
286
292
256
228
207
216
175
93
148
99
-1
54
-27
-40
-133
-61
-133
-250
-210
-261
-360
-311
-408
-385
-531
-469
-502
-580
-525
-526
-545
-614
-535
-677
-496
-502
-544
-431
-489
-422
-369
-361
-298
-204
-189
-166
-73
-127
14
90
46
163
136
164
230
225
250
330
310
299
348
280
348
382
331
356
332
309
330
306
285
309
299
240
240
184
228
202
173
168
105
121
95
82
80
86
57
72
46
41
102
73
91
111
89
128
157
139
201
204
233
253
246
258
312
286
314
348
258
376
313
327
336
300
310
298
227
264
243
196
179
154
95
126
28
30
24
-134
15
-181
-150
-152
-323
-180
-437
-320
-412
-491
-416
-598
-543
-501
-634
-524
-556
-643
-637
-627
-499
-606
-508
-468
-513
-446
-384
-339
-340
-208
-161
-157
-120
-89
49
58
86
160
165
171
255
254
290
335
350
343
355
317
397
403
363
372
371
325
349
322
327
318
308
271
253
215
245
212
164
168
104
152
85
88
109
60
87
73
68
70
107
94
104
103
127
189
155
197
224
211
269
268
302
262
341
332
365
322
328
408
318
297
383
348
224
312
287
186
213
284
97
127
74
59
80
-112
15
-65
-203
-117
-278
-221
-342
-354
-353
-534
-397
-596
-550
-591
-653
-629
-607
-563
-753
-571
-741
-679
-486
-652
-499
-532
-517
-383
-393
-388
-230
-153
-232
-21
-105
-68
181
72
174
228
196
289
337
277
377
461
351
443
405
372
478
439
430
401
406
369
385
335
347
339
309
284
208
225
217
153
172
119
94
115
71
55
83
92
42
97
54
56
122
70
131
146
137
200
212
188
256
304
272
299
337
322
385
353
381
427
373
425
419
342
364
383
387
328
210
270
283
132
184
229
57
-12
133
-106
-93
-113
-137
-153
-327
-210
-347
-446
-434
-522
-485
-668
-637
-647
-640
-728
-665
-611
-826
-649
-832
-530
-647
-683
-402
-618
-494
-364
-369
-300
-221
-103
-118
-12
-97
162
230
123
328
290
284
404
399
442
474
507
481
541
403
535
554
486
492
449
432
410
381
384
351
329
307
237
189
190
188
161
102
56
79
40
5
41
40
8
28
14
-3
55
57
110
89
127
151
240
198
259
274
343
321
320
430
383
418
506
421
405
486
473
444
382
454
448
340
280
321
216
207
205
98
81
-6
71
-193
-71
-296
-264
-233
-511
-395
-532
-573
-596
-755
-718
-781
-849
-810
-880
-868
-766
-950
-793
-992
-843
-630
-811
-622
-692
-598
-423
-459
-386
-271
-106
-133
-7
-7
31
309
250
347
356
368
497
501
504
549
647
562
629
506
558
595
584
539
493
426
452
405
352
304
302
286
195
116
105
127
38
71
-23
-13
-39
-42
-46
-82
-11
-19
-3
-59
-21
57
64
99
116
140
205
202
296
294
369
463
375
413
417
530
556
444
535
500
475
537
465
384
402
406
261
338
141
195
143
-42
103
-196
-83
-237
-315
-385
-465
-401
-722
-599
-799
-842
-737
-1094
-877
-995
-1055
-1075
-829
-1082
-1047
-909
-1226
-697
-824
-828
-591
-749
-553
-345
-392
-345
-40
-36
24
209
13
394
472
416
569
556
545
716
711
626
803
723
743
728
567
653
682
624
538
479
398
413
339
244
259
205
141
96
-54
20
10
-64
-86
-174
-163
-95
-140
-184
-96
-127
-95
-43
-116
8
69
95
156
159
183
351
337
322
462
479
566
570
509
614
615
620
626
603
555
619
411
506
346
453
357
224
150
60
77
-32
-135
-229
-330
-309
-563
-521
-710
-884
-673
-1074
-1036
-1067
-1262
-1171
-1270
-1294
-1301
-1119
-1277
-1103
-1272
-1341
-753
-936
-828
-655
-778
-425
-297
-352
-111
78
141
353
389
279
681
762
764
865
780
872
1018
915
901
1014
890
929
848
679
699
728
636
502
378
261
300
180
103
60
-29
-17
-237
-251
-257
-238
-242
-330
-385
-396
-282
-305
-237
-234
-212
-108
-71
-72
50
168
215
305
299
381
523
557
642
679
714
734
827
740
775
855
756
754
651
549
671
493
409
377
217
204
68
-76
-143
-253
-343
-560
-673
-699
-840
-911
-1064
-1230
-1321
-1428
-1346
-1635
-1488
-1689
-1520
-1480
-1265
-1422
-1336
-1434
-1177
-765
-821
-653
-599
-439
-112
-30
74
305
600
675
793
770
837
1242
1274
1280
1257
1137
1294
1279
1231
1117
1168
988
990
715
603
547
539
368
155
-1
-148
-156
-251
-351
-391
-473
-589
-637
-674
-613
-553
-536
-558
-600
-445
-396
-220
-147
-80
37
162
208
347
470
609
762
722
873
834
1056
1040
1110
1131
1049
1117
999
1006
971
825
882
610
548
478
302
246
100
-5
-176
-230
-457
-559
-677
-908
-876
-1151
-1133
-1375
-1413
-1652
-1609
-1765
-1738
-1649
-2012
-1709
-1933
-1458
-1152
-1439
-1135
-1449
-942
-447
-390
-137
-102
166
464
663
678
968
1399
1328
1607
1299
1396
1715
1729
1738
1625
1330
1323
1329
1028
1046
834
697
573
211
-78
-108
-227
-289
-438
-795
-867
-989
-1035
-977
-1032
-998
-944
-974
-964
-858
-742
-444
-238
-206
-112
68
238
621
738
865
1024
1080
1250
1291
1422
1517
1631
1560
1515
1408
1381
1458
1329
1290
1075
889
812
624
538
358
221
5
-127
-335
-469
-516
-761
-710
-1064
-1159
-1231
-1373
-1389
-1525
-1686
-1700
-1894
-1838
-1880
-1841
-1892
-2021
-1879
-1707
-1406
-892
-914
-907
-768
-825
79
359
559
767
796
1067
1412
1437
1597
1945
1982
2007
1880
1550
1627
1737
1686
1513
1042
675
536
430
199
30
-308
-467
-717
-989
-1151
-1231
-1218
-1178
-1279
-1474
-1499
-1483
-1251
-994
-954
-833
-749
-520
-188
45
259
521
750
1087
1122
1330
1491
1657
1997
1904
1887
1872
1759
1848
1818
1584
1546
1331
1158
1028
831
705
650
447
225
30
-106
-190
-231
-472
-546
-679
-723
-782
-906
-939
-992
-1042
-1191
-1263
-1304
-1356
-1351
-1449
-1645
-1534
-1636
-1531
-1554
-1648
-1781
-1187
-1336
-317
-381
-533
-214
-658
329
857
949
1170
1087
1182
1614
1579
1614
1832
1869
1738
1674
1120
1007
1004
949
840
446
-205
-334
-515
-646
-650
-1045
-1074
-1202
-1389
-1516
-1495
-1379
-1083
-921
-1001
-970
-889
-580
-182
65
145
275
409
670
874
965
1154
1457
1588
1586
1560
1396
1567
1721
1582
1641
1343
1091
1115
908
901
802
590
470
255
103
59
70
102
1
-137
-304
-283
-259
-231
-191
-367
-377
-459
-483
-368
-405
-495
-592
-755
-835
-962
-1048
-1105
-1213
-1397
-1547
-1565
-1576
-1496
-1828
-1438
-1542
-767
-165
-618
-178
-865
-164
848
920
1221
1093
1024
1617
1620
1496
1569
1694
1752
1756
1141
660
583
583
636
379
-317
-661
-844
-987
-816
-1137
-1205
-1242
-1351
-1332
-1322
-1331
-982
-632
-447
-263
-382
-227
162
564
858
948
863
1005
1184
1272
1364
1349
1512
1691
1509
1336
1024
964
1240
1127
1072
708
327
353
361
314
281
148
57
22
-82
-100
41
121
177
113
4
-44
-16
28
120
63
-72
-191
-316
-224
-464
-396
-810
-785
-1061
-1299
-1324
-1608
-1718
-1866
-1789
-1891
-1773
-1934
-1708
-1087
-139
-161
41
-617
-186
976
1412
1867
1765
1504
2036
2063
2025
2063
1852
1850
1904
1437
714
315
-93
120
3
-548
-1124
-1553
-1764
-1515
-1556
-1559
-1589
-1615
-1355
-1221
-1141
-914
-452
55
624
653
616
854
1178
1681
1961
1840
1744
1675
1595
1604
1442
1298
1253
1263
1001
665
251
77
281
255
199
-33
-358
-269
-164
4
170
128
164
284
315
463
536
631
781
796
710
536
430
423
480
326
40
-197
-440
-416
-655
-773
-1192
-1316
-1636
-1774
-1895
-2151
-2202
-2079
-2102
-1776
-1906
-1716
-1372
-371
482
702
848
182
1036
1885
2357
2856
2532
2456
2705
2314
2182
1917
1641
1604
1352
612
-101
-865
-1175
-1073
-1194
-1547
-1952
-2424
-2433
-2119
-1963
-1562
-1353
-1084
-598
-354
-91
337
846
1632
2181
2169
2071
2050
2227
2567
2546
2204
1901
1430
1098
786
318
46
-60
-67
-283
-687
-1127
-1189
-839
-543
-292
-236
-332
-79
210
637
1054
1174
1352
1489
1544
1611
1571
1500
1567
1451
1231
860
404
218
-50
-218
-575
-985
-1251
-1465
-1617
-1769
-1941
-2208
-2251
-2315
-2344
-2194
-2288
-1992
-1570
-1261
-882
-653
-475
808
1545
2111
2203
1399
2120
2641
2964
3300
2723
2380
2299
1685
1389
937
217
99
-190
-804
-1366
-2161
-2501
-2219
-2157
-2037
-2033
-2263
-1944
-1442
-976
-281
75
548
1258
1626
1911
2163
2322
2938
3202
3044
2720
2171
1839
1614
1261
808
241
-441
-831
-1240
-1630
-1855
-1818
-1609
-1447
-1405
-1451
-1010
-560
106
807
1116
1531
1824
2120
2601
2801
2834
2817
2612
2470
2209
1675
1230
826
482
147
-389
-874
-1225
-1482
-1737
-1891
-2102
-2092
-2041
-1999
-1849
-1772
-1703
-1563
-1262
-1025
-797
-758
-661
-322
42
136
400
258
473
1144
1973
2230
2079
994
909
1331
1598
1867
1469
851
628
139
-77
-227
-687
-675
-589
-743
-990
-1575
-1814
-1363
-895
-452
-247
-363
-239
102
477
1026
1345
1525
1867
1968
1894
1688
1403
1522
1632
1453
1015
422
-123
-427
-676
-846
-1011
-1313
-1529
-1587
-1645
-1446
-1184
-770
-42
509
840
1330
1375
2027
2598
2778
3308
3064
2863
2791
2317
2153
1733
1151
910
413
-86
-585
-1073
-1169
-1199
-1241
-1315
-1381
-1481
-1383
-1278
-1040
-681
-494
-284
-130
-67
9
-25
142
35
152
-229
-555
-620
-959
-820
-916
-1062
-998
-927
69
671
778
318
-353
453
1065
1729
1978
1568
1547
1454
1266
1341
977
752
802
699
378
-234
-957
-1160
-956
-729
-554
-725
-1000
-963
-745
-297
114
282
620
980
1184
1223
1018
1021
1374
1555
1539
1239
822
558
265
61
-210
-367
-553
-706
-816
-985
-1100
-823
-377
-4
357
414
963
1551
1911
2392
2362
2454
2487
2357
2495
2182
1759
1409
965
727
361
-140
-440
-664
-708
-726
-805
-861
-773
-629
-493
-463
-487
-408
-89
67
203
184
-34
77
-36
-251
-263
-931
-927
-1232
-1556
-1529
-1961
-1815
-1428
-1377
-740
97
671
1289
871
580
1374
1910
2685
3065
2656
2489
2036
1536
1591
1071
596
397
-60
-462
-1100
-1978
-2138
-2027
-1825
-1413
-1442
-1472
-1191
-852
-140
537
845
1376
1846
2182
2413
2140
2028
2184
2178
2113
1716
1030
467
-114
-428
-510
-917
-1238
-1673
-1740
-1660
-1640
-1434
-965
-383
78
646
1022
1748
2217
2615
3147
3185
3097
2958
2630
2526
1953
1550
1154
612
248
-297
-732
-919
-1098
-1078
-1064
-1076
-908
-780
-664
-574
-442
-310
-61
170
382
430
260
190
197
156
123
-440
-830
-1250
-1678
-1668
-1959
-1896
-1878
-1604
-1295
-184
613
1106
1170
400
1098
1882
2454
3057
2608
2346
2246
1502
1368
828
136
-20
-302
-634
-1161
-2082
-2490
-2340
-2124
-1623
-1396
-1257
-823
-396
153
815
1152
1681
2369
2732
2937
2610
2128
2068
1969
1787
1483
811
199
-422
-1042
-1381
-1488
-1794
-1725
-1979
-1958
-1710
-1646
-1061
-439
-4
817
1292
1770
2464
2472
3206
3283
3244
3129
2507
2281
1769
1295
950
377
20
-393
-845
-1047
-1295
-1254
-1151
-943
-699
-536
-373
-220
-51
150
212
442
574
745
791
654
569
261
5
-444
-836
-1218
-1670
-2070
-2594
-2661
-2640
-2288
-1789
-1472
-188
537
1112
1169
590
1352
2109
2780
3402
2903
2461
2032
1348
1160
571
-124
-373
-697
-1121
-1729
-2562
-2903
-2689
-2269
-1595
-1187
-1003
-609
-91
642
1443
1865
2379
2920
3186
3183
2738
2235
2040
1780
1421
976
254
-474
-1131
-1701
-1977
-2298
-2556
-2493
-2341
-2068
-1824
-1607
-1049
-431
338
1149
1704
2085
2393
2726
3122
3300
3003
2791
2271
1969
1589
928
514
62
-208
-384
-806
-1036
-1170
-1162
-939
-733
-508
-353
-243
13
124
250
176
305
548
697
729
419
139
-138
-340
-634
-1070
-1660
-2060
-2499
-2658
-2887
-2584
-2419
-1771
-1246
-110
892
1145
1141
733
1461
2260
2757
3006
2591
2118
1759
1087
638
-87
-707
-772
-905
-1243
-1907
-2585
-2779
-2396
-1828
-1102
-613
-194
297
873
1458
2033
2383
2816
3255
3372
3164
2482
1762
1342
965
579
75
-608
-1288
-1907
-2404
-2662
-2776
-2756
-2445
-2124
-1727
-1336
-854
-184
487
1132
1720
2146
2433
2542
2963
3180
3197
2966
2371
2154
1694
1192
827
239
-76
-204
-427
-618
-868
-932
-789
-635
-411
-240
-29
161
389
559
734
618
610
721
818
853
750
395
64
-192
-651
-1064
-1590
-2185
-2407
-2824
-3014
-2930
-2724
-2169
-1830
-1157
250
910
1710
1363
1111
2052
2378
3002
3212
2510
2331
1739
1102
759
-148
-663
-748
-965
-1170
-1741
-2291
-2245
-1933
-1350
-670
-280
239
811
1309
1912
2258
2345
2672
2859
2887
2627
1870
1236
816
308
-122
-696
-1240
-1640
-2065
-2411
-2609
-2777
-2409
-1891
-1386
-887
-705
-135
457
1037
1651
2060
2348
2650
2755
2894
2762
2331
2095
1796
1637
1482
896
488
18
-225
-112
-349
-428
-458
-439
-251
-220
-139
31
235
483
723
793
752
551
500
575
620
643
521
213
-75
-591
-1054
-1493
-1882
-2291
-2520
-2939
-2925
-2929
-2775
-2130
-1845
-1003
314
1001
1924
1601
1260
2170
2370
2959
3202
2616
2514
1873
1202
869
-68
-662
-774
-916
-958
-1507
-2089
-2146
-1971
-1501
-817
-424
129
706
1151
1672
1877
1820
2097
2367
2527
2356
1680
1066
647
159
-267
-705
-1097
-1369
-1720
-1982
-2157
-2289
-2166
-1770
-1271
-752
-354
43
559
997
1354
1713
1985
2196
2289
2250
2281
2067
1906
1717
1455
1357
909
583
389
87
148
70
-46
3
-110
-89
-16
59
251
336
474
547
538
501
375
294
357
357
270
243
-7
-377
-595
-1046
-1416
-1654
-2362
-2433
-2695
-2902
-2754
-2732
-2192
-1444
-1044
258
993
1552
1875
1361
2122
2550
2756
3212
2780
2493
2182
1435
1014
169
-588
-749
-885
-1065
-1448
-2027
-2241
-2166
-1836
-1218
-747
-229
422
973
1450
1697
1693
1917
2271
2500
2476
2042
1481
1042
530
32
-413
-833
-1181
-1477
-1773
-1929
-2152
-2223
-1993
-1724
-1208
-772
-286
286
630
959
1275
1551
1862
2027
2110
2187
2227
2121
2033
1670
1427
1265
958
977
664
445
398
210
271
138
-37
48
42
182
175
114
161
148
221
220
169
128
100
20
60
3
-161
-399
-627
-953
-1283
-1752
-2233
-2415
-2670
-2735
-2507
-2265
-1752
-1373
-935
245
1025
1810
1939
1615
2327
2496
2803
3085
2568
2471
2115
1511
1065
-6
-751
-961
-1109
-1168
-1624
-2066
-2205
-2204
-1832
-1298
-888
-267
388
1050
1618
1821
1819
2038
2372
2597
2540
2148
1641
1176
619
22
-530
-980
-1283
-1539
-1787
-2092
-2413
-2489
-2294
-1940
-1439
-955
-442
137
581
994
1326
1654
1940
2270
2541
2835
2899
2608
2401
1903
1832
1546
1244
1174
695
566
355
-53
-172
-489
-482
-347
-321
-261
-352
-362
-252
-123
84
163
227
292
353
377
485
497
357
228
29
-473
-718
-1405
-1744
-2179
-2539
-2814
-2846
-2712
-2215
-1823
-1507
-425
422
1311
1517
1330
2049
2351
2789
3270
2966
2846
2469
2018
1667
631
-127
-456
-744
-907
-1397
-1897
-2198
-2381
-2129
-1717
-1432
-909
-289
440
1109
1419
1546
1734
2057
2453
2567
2341
2012
1594
1161
646
125
-287
-668
-960
-1252
-1705
-2138
-2342
-2282
-2057
-1718
-1375
-948
-499
-21
411
834
1149
1622
2087
2707
3018
3067
3050
2565
2488
2222
1964
1900
1348
1042
909
339
5
-487
-789
-741
-785
-683
-716
-700
-633
-602
-329
-216
-65
216
447
677
767
800
754
762
771
429
211
-319
-867
-1221
-1936
-2474
-2807
-3115
-2797
-2623
-2547
-2091
-2209
-535
331
1187
1516
1293
2256
2496
3010
3430
2935
2960
2879
2632
2128
754
76
-248
-556
-832
-1420
-1920
-2313
-2469
-2248
-2057
-1797
-1343
-575
84
675
1016
1086
1672
2095
2346
2548
2306
2274
2025
1665
1196
511
116
-227
-489
-837
-1483
-1885
-2016
-2089
-2144
-2089
-1915
-1401
-793
-290
241
721
1224
1886
2330
2688
2869
2878
3128
2996
2750
2619
2083
1854
1413
1095
805
244
-118
-406
-580
-696
-926
-895
-901
-849
-801
-859
-760
-644
-272
87
304
560
571
644
649
659
451
286
-46
-503
-627
-1319
-1548
-1716
-2125
-1896
-2393
-2295
-1977
-2084
-876
-432
260
776
862
1604
1589
1921
2377
2297
2584
2523
2354
2014
1266
876
476
37
-302
-631
-861
-1206
-1354
-1443
-1616
-1576
-1317
-978
-478
-54
264
555
772
1138
1181
1364
1515
1635
1737
1534
1320
1029
643
429
106
-133
-503
-676
-827
-1057
-1216
-1283
-1181
-983
-715
-365
52
228
718
914
1289
1682
1828
2244
2168
2259
2285
2056
2012
1731
1571
1445
1299
1044
740
423
124
-3
-228
-430
-556
-710
-812
-785
-713
-599
-591
-493
-358
-253
-34
-5
78
62
-13
-179
-384
-769
-974
-1149
-1376
-1475
-1633
-1597
-1627
-1685
-1339
-1195
-601
-170
288
862
887
1381
1430
1714
1915
1784
2041
1886
1674
1442
948
651
278
-52
-189
-400
-565
-656
-806
-854
-971
-871
-730
-500
-232
-84
152
382
606
764
875
965
980
1153
1093
1108
944
658
611
424
257
-9
0
-199
-366
-324
-588
-547
-492
-408
-160
-84
129
298
681
857
1041
1165
1324
1515
1666
1763
1678
1704
1704
1614
1534
1402
1179
1097
1004
775
543
293
64
-198
-324
-476
-499
-481
-567
-528
-541
-573
-517
-439
-356
-329
-236
-194
-268
-334
-642
-761
-829
-987
-869
-988
-1079
-1059
-1116
-993
-878
-817
-457
-84
95
597
568
882
1151
1064
1422
1284
1454
1420
1211
1268
824
693
553
223
231
-76
-97
-179
-301
-351
-457
-283
-371
-240
-76
34
187
310
409
451
591
623
764
891
776
861
823
665
700
401
437
243
150
219
-91
1
-210
-256
-176
-211
-23
80
260
487
578
734
779
903
1139
1311
1447
1556
1578
1580
1492
1360
1284
1294
1236
1203
1053
862
670
422
242
24
-6
-112
-70
-153
-223
-304
-318
-201
-269
-188
-157
17
47
132
49
11
-19
-135
-114
-196
-315
-290
-438
-434
-638
-711
-814
-697
-792
-568
-430
-143
-240
-16
178
196
544
402
819
738
683
906
667
795
447
473
620
294
526
303
229
173
-31
58
24
62
-1
165
255
166
224
204
244
410
403
537
679
688
717
711
739
518
528
514
448
427
378
349
325
250
131
150
239
150
287
364
404
523
563
698
751
834
945
1027
1097
1080
1140
1123
1092
1123
915
1116
955
908
917
694
702
366
354
268
81
276
230
195
376
165
269
306
165
284
359
384
503
492
495
309
296
130
87
21
-311
-173
-296
-255
-333
-332
-379
-428
-199
-296
-303
-149
-255
3
193
163
266
311
215
148
149
28
-112
68
6
-13
111
3
-44
-73
-45
-11
-40
108
13
252
285
128
356
289
322
565
475
496
634
570
568
636
548
476
608
427
444
335
98
125
61
74
109
136
142
226
290
410
388
559
570
732
785
839
850
829
877
811
850
918
611
815
624
568
700
338
585
579
250
524
197
432
319
384
721
279
426
889
96
946
798
358
1172
567
589
949
368
403
355
287
36
365
-105
-54
-127
-230
-162
-75
-321
-6
47
48
300
66
613
17
669
403
396
839
-6
718
21
201
167
-299
454
-795
-63
-43
-1230
-48
-838
-830
-207
-637
-364
-107
-313
-9
-80
253
181
53
577
230
556
500
376
570
376
435
208
197
51
-302
86
-35
-384
58
-342
-191
-58
-280
131
58
20
421
287
512
462
490
641
583
624
648
521
618
662
109
689
83
88
439
-105
328
-53
40
224
-121
268
144
158
436
365
647
746
637
763
846
733
732
794
683
620
478
497
145
155
203
-234
158
-147
-282
-153
-18
-451
143
-123
264
139
482
348
537
666
501
712
587
381
600
270
425
175
-21
135
-146
-259
-402
-159
-995
-33
-593
-608
171
-759
-180
-146
-205
-42
323
-58
310
633
-8
911
199
307
563
183
386
182
415
-282
170
32
-717
207
-748
-324
-76
-568
20
-415
-174
-181
-330
257
67
24
554
136
342
513
131
310
315
58
318
-139
427
-148
-218
93
-324
-278
-119
-74
-406
-112
162
-340
446
86
-17
635
-53
673
231
675
394
775
420
210
648
91
98
325
-85
281
-389
469
-227
-424
301
-617
224
167
-460
711
-67
277
581
-148
906
-6
392
935
-319
942
-182
316
146
-19
-5
-84
99
-434
55
-215
-327
-85
-92
-332
5
-150
175
33
2
564
4
224
836
-253
934
-4
609
246
173
591
-152
486
20
-333
258
-182
-281
372
-443
106
195
-614
441
-428
-87
294
-111
286
-73
277
182
-51
402
-179
350
-27
81
295
-125
110
72
-338
274
-35
-428
416
-264
47
-131
347
-272
215
47
14
281
195
251
248
64
552
-32
405
247
51
5
68
197
-276
427
-310
-58
345
-542
372
-31
-222
583
-602
685
-47
-36
559
-257
420
190
-354
695
-296
-50
217
-210
-238
77
-398
41
-201
-367
31
-409
-159
-108
-245
37
18
21
33
87
-2
496
-279
626
291
-108
754
-118
194
372
-116
405
-31
158
12
116
-57
-33
190
-430
561
-529
184
44
-196
20
26
-154
166
-225
172
-97
174
-192
492
-561
519
-216
-243
532
-446
103
96
-144
120
42
-22
205
-122
62
155
-29
164
82
-28
499
-277
270
448
-700
1069
-778
446
207
-384
323
82
-438
414
-174
-197
26
49
-360
363
-160
119
-159
129
-121
173
-297
425
-213
-11
288
-573
200
-161
-626
481
-1071
226
-129
-1021
590
-857
-803
594
-1486
377
-376
-536
349
-446
-184
564
-817
663
-30
28
326
375
-159
745
-199
646
121
154
556
-113
492
38
58
413
-273
299
-50
193
-51
70
360
-280
233
420
-605
979
-336
262
586
-228
744
59
104
938
-601
986
-37
205
501
6
362
6
180
282
-82
391
42
60
289
-51
236
183
-96
441
-74
269
235
-15
533
-275
586
-1
-16
333
-9
-51
395
-183
348
84
62
493
-276
858
-194
871
126
558
554
378
588
673
380
884
612
495
1026
340
597
989
109
836
663
-18
1013
-246
572
191
-79
207
156
-378
180
-248
-411
-254
-689
-572
-653
-948
-920
-727
-1525
-1007
-790
-1840
-543
-1212
-1073
-233
-1323
-82
-388
-884
381
-622
-217
257
-472
343
-104
-41
398
-352
681
-192
148
686
-299
773
54
470
199
258
443
-75
594
-79
287
220
218
104
278
322
-316
749
-320
689
-109
378
510
-187
747
263
-125
1028
-566
980
-131
375
205
187
-29
551
-385
337
220
-323
473
-245
190
-53
246
-94
368
56
-7
773
-636
1000
-111
-8
952
-830
729
339
-840
894
-404
-610
970
-1278
869
-297
-943
1216
-1403
539
81
-418
530
-54
126
293
119
558
-236
936
55
272
619
182
182
475
309
-204
725
-288
281
32
-150
545
-966
1176
-975
508
20
-358
511
-34
-189
804
-582
792
226
-418
1310
-581
601
718
-447
1099
-296
451
441
-63
566
252
32
838
-240
826
233
237
995
-222
1041
227
414
1008
-228
1195
6
652
294
831
-264
741
187
-111
677
-215
539
-187
409
224
-22
372
358
-272
1054
-369
594
628
-119
892
128
474
341
778
-304
878
186
-635
1460
-1363
1138
-825
350
-187
-312
254
-586
666
-990
1419
-1254
974
100
-422
1109
-115
10
1430
-834
993
538
-573
1129
-325
339
9
167
-193
27
-34
-645
560
-707
-401
746
-1459
1048
-914
-288
664
-1447
1115
-835
34
591
-1213
1414
-1128
321
158
-438
10
73
-459
348
-622
96
42
-1014
736
-680
-213
374
-248
-343
680
-500
147
160
251
-415
718
307
-376
726
-57
-128
240
28
45
-312
515
-451
-311
840
-1299
573
25
-839
817
-531
302
-351
658
-619
461
232
-402
446
254
-571
914
-343
-280
712
-438
-591
1027
-1360
325
148
-1067
862
-1221
818
-867
277
78
-488
562
-366
535
-190
557
-217
824
-496
886
-340
562
-368
937
-912
1006
-558
-82
341
-758
518
-391
-271
318
-593
67
-301
253
-510
-12
34
-100
-158
-167
284
-736
357
-269
-225
-143
-102
-388
-113
-280
-456
94
-798
127
-528
-358
155
-839
632
-959
314
-313
-231
202
-634
442
-323
-485
776
-1047
423
-86
-857
672
-750
-316
209
-760
-59
-268
-185
-594
257
-799
370
-765
369
-400
-298
142
-272
66
-322
78
-41
-494
315
-402
-143
194
-680
409
-425
-271
269
-683
308
-281
-196
225
-326
484
-581
802
-373
258
461
-222
810
-276
727
-31
561
-43
553
244
50
444
93
400
-261
987
-546
704
104
248
192
247
514
-303
905
-59
224
557
-152
892
-407
730
189
15
681
-88
588
-203
859
-215
396
581
-402
1350
-592
828
590
-267
1120
59
457
738
361
481
698
506
310
734
334
606
252
658
391
29
1176
-578
1056
245
-98
1085
-262
613
475
46
961
-175
671
559
-171
1070
-50
215
1040
-579
1070
-131
161
706
-223
210
780
-1048
1348
-712
158
658
-848
831
-215
-30
605
-492
761
-383
787
-313
690
114
137
752
-491
1210
-251
165
1015
-507
745
225
15
506
-186
582
29
189
285
359
-332
1168
-711
715
619
-653
1236
-316
386
199
377
-135
598
-180
368
235
-201
704
-333
285
569
-613
1028
-561
785
-96
73
960
-639
1181
72
128
974
-167
837
110
773
-10
999
-82
892
98
479
694
-317
1267
-435
715
493
-239
1241
-793
1385
-346
479
748
-355
1124
-68
537
363
402
327
308
569
260
365
434
359
34
635
285
-172
1009
-396
585
430
-184
810
-261
695
57
446
370
374
359
504
544
82
1189
-324
1284
137
446
1133
-114
1109
287
771
601
366
1075
4
1097
356
621
784
253
977
87
1100
-81
1348
-357
1584
-266
880
904
-521
1835
-564
996
418
306
570
74
929
-359
1134
-65
485
565
162
215
954
-450
1029
121
169
979
-398
1253
-171
636
590
106
877
22
927
236
354
954
-3
696
236
972
-574
1638
-715
1108
58
384
767
-306
1270
-314
573
882
-615
1516
-389
847
434
240
771
84
708
385
304
516
713
-272
1555
-625
816
659
-359
1126
119
36
1476
-1077
2000
-848
1276
170
248
1166
-235
964
802
-228
1415
-16
725
597
449
658
327
760
508
346
743
423
394
617
510
-69
1381
-575
1122
359
15
942
-65
734
257
444
537
193
728
169
523
606
30
573
635
-258
1184
-197
395
791
-211
708
385
124
444
350
584
-27
994
84
240
1053
-368
1182
-28
729
277
655
253
636
222
764
-111
898
128
155
897
-147
478
756
-353
1120
-49
305
976
-588
1559
-486
828
750
-512
1655
-505
830
795
-272
1363
-222
840
550
-81
944
60
509
209
1030
-483
1172
320
-99
1242
-79
428
990
-196
1180
168
553
985
-189
1541
-243
1008
629
238
795
728
31
1113
297
183
1162
-252
849
611
-93
1267
-125
618
803
-106
839
517
48
1033
227
551
887
-90
1389
-290
931
803
-384
1549
-48
125
1741
-1099
1875
-143
144
1561
-895
1770
-289
851
571
237
967
174
752
494
590
567
462
855
-64
1063
18
747
285
584
252
267
828
-462
1478
-652
1079
283
-269
1554
-1007
1595
-451
792
301
370
524
183
744
-83
783
197
161
922
-196
403
898
-670
1088
89
-156
1104
-617
1287
-611
982
80
251
572
34
853
-368
1247
-218
538
532
-11
839
-27
579
347
37
927
-506
1208
-371
525
422
55
251
753
-521
1108
-287
527
233
223
528
73
249
828
-545
1048
70
-50
857
-92
484
248
372
302
-16
898
-293
448
840
-760
1505
-379
383
918
-327
662
703
-516
1232
154
-90
1175
-247
610
309
259
455
239
354
401
86
591
-9
722
-253
798
-9
311
587
-106
969
-448
1127
-243
491
431
424
-378
1722
-1190
1397
122
-232
1182
-663
791
306
-106
762
-111
670
-360
1179
-634
860
451
-467
1477
-597
666
648
-390
1258
-430
707
663
-421
1310
-238
393
673
-213
881
-481
1431
-988
1527
-351
326
924
-776
1413
-695
1030
-166
350
812
-671
1257
-334
402
530
-56
684
-112
766
-113
532
304
154
561
-24
736
45
444
501
72
697
167
298
767
-291
1134
-225
771
68
589
229
324
503
310
-81
1235
-616
797
561
-316
1074
-315
1001
-272
990
-217
827
227
-178
1827
-1240
1425
468
-626
1589
-259
15
1598
-1282
1774
-165
-261
1791
-1248
1139
526
-594
1446
-393
657
387
318
55
1294
-990
1665
-97
-278
2223
-1829
2201
-124
-335
1814
-769
833
786
-343
1034
-79
634
438
22
986
-146
599
483
104
754
52
413
672
-184
1025
-296
1148
-433
940
125
524
34
1133
-695
1508
-473
752
595
-163
701
500
223
86
1548
-1258
2090
-750
774
1014
-696
1907
-911
1656
-531
1275
-142
353
1240
-1021
1851
-65
-345
2298
-1982
2624
-999
808
1033
-874
1670
-276
605
418
936
-626
1604
-365
670
717
74
792
240
548
133
1200
-780
1530
-362
811
119
778
192
306
573
555
-157
1028
716
-1153
3000
-2019
1826
521
-528
1909
-863
1250
652
-744
2232
-1101
866
1540
-1661
2784
-1169
799
1229
-894
1724
-230
578
618
185
940
-300
1019
391
-269
1614
-594
799
897
-464
1290
-118
771
89
816
202
304
734
401
-67
1240
-169
392
814
42
587
568
-19
1239
-375
1068
436
-148
1533
-638
1383
18
486
714
226
472
512
506
83
865
51
630
377
163
1220
-810
1919
-908
1173
457
-266
1575
-759
1292
13
550
681
-11
1030
-162
689
865
-640
1836
-716
959
575
-102
803
414
124
746
486
62
942
39
586
530
178
825
99
803
264
531
482
368
498
557
125
902
1
805
255
504
466
442
510
344
745
-72
1340
-726
1493
-124
348
1045
-310
1069
131
341
909
-310
1188
-83
423
1058
-561
1486
-198
419
1027
-208
906
328
499
159
1096
-225
826
779
-375
1445
-259
746
548
253
416
924
-307
1118
307
87
909
315
276
661
543
147
582
864
-382
1081
463
-275
1553
-611
995
492
-13
1179
-284
923
408
-24
1157
-100
441
958
-582
1514
-318
427
1079
-446
1026
316
492
169
981
67
266
1299
-558
1158
539
-223
1263
19
276
1171
-641
1544
-225
447
1232
-789
1782
-826
1562
-232
521
917
-177
752
863
-399
1512
-375
1023
48
660
491
-43
1317
-495
1035
371
56
945
141
417
709
274
270
1229
-399
1020
549
-183
1432
-538
1299
40
438
866
-31
843
221
703
192
666
445
117
1123
-200
959
369
264
894
207
452
736
296
448
796
356
216
1122
-334
1100
268
230
981
-268
1196
-108
543
858
-261
882
360
106
737
358
176
879
81
410
1037
-468
1240
-57
791
105
900
319
274
885
-15
548
796
-106
828
403
252
619
455
297
451
315
536
148
701
285
334
764
56
496
744
-56
967
-19
963
-88
850
405
102
1001
-165
830
295
298
687
18
587
683
-415
1519
-484
776
665
-150
1057
210
186
1060
10
267
1200
-655
1514
-570
1343
-256
665
709
-208
909
427
-190
1164
56
324
772
221
383
689
161
647
396
277
1067
-372
1246
81
273
833
160
181
1035
-324
905
301
64
941
-327
1149
-192
603
703
-254
1087
65
292
775
-14
902
-55
692
702
-293
1102
427
-159
1069
549
-475
1663
-643
956
137
621
131
391
668
-31
521
650
-168
893
263
109
1023
-433
1210
-62
397
1045
-631
1532
-214
459
903
-129
713
334
209
405
445
85
640
226
406
596
-97
1045
-360
923
317
-60
1204
-351
688
903
-597
1332
-43
64
1348
-653
1066
342
32
657
379
228
559
311
499
198
699
268
297
924
-334
1088
197
193
1063
-272
827
456
22
832
114
370
278
641
-121
623
495
-96
793
62
436
394
54
923
-314
924
140
358
366
584
-13
920
16
524
550
-8
957
-94
599
366
380
96
900
-220
692
521
-332
1441
-754
1184
194
-114
1211
-497
847
356
205
559
232
609
-35
939
-221
900
-55
644
22
833
-457
1271
-561
1103
-182
571
262
207
444
227
351
681
-275
1078
-42
221
972
-406
863
384
-201
1305
-465
914
106
481
-69
1198
-744
1361
-298
595
242
543
150
680
-4
717
148
198
966
-502
1325
-359
603
684
-328
796
415
-148
893
12
436
251
485
24
637
-2
616
-9
670
-83
814
-153
678
319
122
318
808
-280
656
487
154
319
582
382
-224
1292
-484
665
616
5
315
756
-145
588
148
737
-471
1002
222
-425
1493
-575
568
906
-448
821
360
-35
795
3
446
510
-151
956
-283
737
60
639
-279
1198
-595
994
32
367
100
493
294
-153
1324
-735
1050
96
174
661
-35
946
-393
783
430
-328
1042
241
-270
1300
-593
801
241
238
230
634
-109
776
-314
1099
-533
956
-220
894
-461
1132
-425
907
-81
597
246
44
771
-303
607
613
-519
1470
-827
1222
-428
787
14
246
641
-301
913
-541
1196
-437
513
495
-75
400
468
222
166
675
-28
324
971
-853
1487
-325
159
961
-308
380
698
-345
783
-49
407
434
-44
485
601
-697
1638
-852
714
647
-554
1109
-70
79
770
-210
759
-12
441
261
150
413
252
114
544
-62
690
-481
1478
-1005
1270
-95
25
595
298
-316
1401
-964
1328
-308
530
410
-79
709
20
338
551
-159
706
376
-419
1320
-606
573
488
-95
489
261
271
133
490
117
210
769
-438
1202
-461
512
846
-938
1715
-623
223
1238
-956
1153
51
-68
749
-254
564
60
386
178
401
26
499
134
240
377
218
174
588
-25
651
-18
523
255
1
795
-164
578
194
358
-121
948
-576
869
131
-105
775
-50
128
689
-33
206
644
-139
486
531
-423
1393
-1007
1382
-335
407
305
316
87
408
506
-314
932
-154
0
994
-740
1019
-165
456
214
143
615
-335
905
-169
601
-55
876
-438
906
111
157
405
565
-418
1161
-507
616
470
-446
1111
-424
545
188
230
195
443
6
358
399
25
191
724
-248
182
1207
-1034
1213
125
-203
862
7
35
736
-302
601
100
44
563
-89
349
428
-157
544
198
106
386
280
7
610
130
-6
953
-562
752
162
-66
573
118
129
647
-226
666
-93
300
499
-368
773
126
-353
1382
-813
713
329
-59
204
806
-644
1044
-139
228
515
-240
840
-706
1367
-750
686
536
-438
659
357
-467
931
19
-218
1161
-837
1002
217
-257
941
-26
-136
1104
-683
1045
-157
171
511
110
-173
1251
-918
1002
292
-247
709
118
152
290
243
394
-214
676
145
-160
843
35
-338
1440
-774
411
977
-796
902
160
-68
486
207
-157
862
-484
663
141
48
436
135
59
599
-230
650
119
-71
808
-514
924
-193
352
306
-16
359
360
-331
1030
-528
563
252
-110
585
-132
480
140
26
402
315
-419
1092
-393
173
716
-193
193
628
-211
528
-42
444
-96
479
54
241
239
123
48
406
57
-25
693
-390
264
895
-967
1095
67
-553
1230
-475
121
952
-721
764
496
-573
1072
-108
-178
1006
-359
166
1074
-1080
1517
-829
654
215
-144
434
270
-23
385
299
-334
851
-490
506
68
365
-121
730
-271
455
-85
406
-203
524
-48
370
298
-122
865
-791
862
-157
-46
651
-123
122
599
-297
397
408
-526
954
-334
390
207
287
-103
628
-208
308
168
-203
754
-489
812
-120
-67
756
-567
556
146
-102
474
-25
440
-260
837
-513
415
552
-786
1281
-735
583
94
226
-230
1061
-825
626
380
-604
782
18
-468
1394
-1042
825
255
-543
912
-533
720
-205
446
23
198
141
198
-187
518
25
-189
920
-442
455
174
54
64
38
573
-648
1137
-409
270
201
258
-104
211
422
-379
557
194
-226
469
184
-385
572
52
-206
450
213
-253
504
48
-46
436
-215
382
-97
234
277
-51
214
543
-647
767
67
-408
813
-184
55
355
206
-360
762
-377
237
419
-331
681
-542
795
-369
118
739
-742
742
29
-151
412
296
-340
609
-56
-132
563
-172
231
51
160
-91
408
-215
309
-66
318
-326
527
-86
-9
466
-159
159
343
-147
246
184
149
-240
713
-229
168
400
-202
237
319
-365
629
-140
-37
452
-188
313
-41
100
220
-180
379
50
-256
747
-457
380
246
-84
451
-269
711
-271
182
485
-349
316
307
-305
377
316
-511
807
-441
426
-165
230
82
18
263
-94
388
-31
-140
847
-815
786
157
-349
705
-92
4
456
-148
328
220
-429
879
-530
228
571
-714
843
-330
57
667
-723
871
-398
260
190
-142
420
-161
353
27
150
207
16
384
-308
734
-455
297
416
-480
557
80
-157
287
196
-298
462
-102
88
279
-103
294
-15
148
85
183
100
115
270
135
-91
380
-35
-51
313
56
-147
388
119
-371
630
-186
-152
704
-374
93
491
-429
515
-180
204
224
-241
473
38
-113
604
-362
201
450
-576
684
-240
130
129
117
61
183
-58
423
-448
389
53
-252
409
17
-95
204
123
-83
180
141
28
6
211
121
-164
489
-347
288
275
-343
577
-227
11
361
-174
201
-99
242
-87
-50
351
-197
84
118
-68
238
-142
166
223
-81
58
361
-236
51
379
-382
452
-93
104
-2
144
48
-58
260
-141
183
-24
148
125
-183
345
-40
-118
394
-274
353
-141
156
101
-46
32
264
-299
291
187
-249
321
104
-195
248
14
66
169
-314
684
-599
377
172
-177
338
-109
109
-56
191
93
-129
348
-129
30
171
-42
18
61
46
-3
52
190
-101
114
12
-116
245
-43
-57
303
-152
14
300
-283
347
-39
-21
408
-479
569
-360
263
-2
-41
170
-195
304
-114
-159
288
126
-344
472
53
-371
519
-217
-43
483
-421
453
-16
-99
458
-523
440
16
-370
278
363
-494
470
41
-301
329
-100
-102
370
-380
434
-217
346
-104
-92
400
-350
302
29
-187
443
-222
33
233
-101
37
94
42
-142
260
-122
-79
388
-415
234
51
-1
49
127
137
-209
450
-302
278
60
-71
127
-30
111
19
69
151
-211
252
-244
249
-147
39
41
-82
-34
108
-150
165
127
-212
228
-15
-175
303
-46
-154
379
-228
125
29
118
-48
147
-54
-121
170
-170
34
220
-178
45
76
-179
260
-258
-4
73
-96
54
-130
472
-520
185
318
-578
483
-177
81
210
-307
413
-311
-18
352
-409
177
69
-20
-30
242
-160
-74
76
-77
168
-132
235
-125
-3
166
-286
114
-98
-51
85
94
30
-167
286
-284
83
144
-454
441
-254
60
235
-293
141
-3
-187
243
-224
137
69
-31
147
-62
-60
103
40
45
-141
92
-46
-67
47
-4
-170
50
136
-179
140
117
-293
246
79
-366
273
-79
-69
53
53
-155
153
28
-99
46
-47
59
-224
208
121
-414
505
-300
-277
428
-501
84
303
-505
243
6
-202
36
38
-87
-26
36
-53
3
31
20
-141
146
-167
-63
88
-197
-27
218
-349
251
-62
-407
318
-159
-199
184
-148
35
-50
122
-211
99
-174
-100
18
-78
-157
135
-95
-155
7
-115
-82
-151
70
-240
158
-205
-55
-44
-62
-193
-59
108
-344
211
-15
-307
203
-163
-235
164
-94
-121
57
176
-375
132
-28
-340
20
-104
-82
-36
-13
-23
-203
84
-118
-319
117
-206
-9
-38
24
-94
-191
40
-113
-118
-72
62
-162
65
87
-249
134
7
-357
128
-17
