7
8
10
11
10
9
8
8
10
10
11
9
9
10
10
12
11
10
9
9
8
8
8
7
8
8
8
8
9
10
11
10
10
10
9
11
11
13
11
11
10
9
10
9
10
10
10
12
12
12
10
10
10
9
8
7
11
12
12
13
11
8
8
8
9
9
9
8
9
9
5
3
3
5
7
7
6
6
4
4
4
3
3
2
2
4
5
5
5
5
6
6
5
3
1
1
2
3
4
3
3
2
1
0
0
1
0
0
0
2
1
2
4
2
4
3
1
0
-1
-1
-1
-1
-1
-2
-1
-1
-1
-3
-2
-1
-1
-1
-2
-2
-5
-5
-4
-2
-1
0
-2
-3
-3
-5
-4
-4
-2
-3
-4
-4
-4
-3
-1
-2
-2
-5
-5
-5
-3
-2
-2
-4
-5
-5
-6
-5
-4
-3
-2
-3
-3
-2
-4
-4
-3
-3
-3
-3
-3
-3
-5
-5
-5
-4
-6
-8
-10
-11
-10
-10
-8
-8
-9
-9
-7
-6
-6
-5
-5
-6
-7
-9
-7
-6
-4
-4
-5
-8
-9
-10
-8
-8
-7
-9
-10
-10
-9
-9
-7
-8
-8
-9
-8
-6
-7
-7
-8
-9
-8
-9
-8
-9
-7
-7
-7
-6
-6
-6
-7
-8
-7
-7
-5
-5
-4
-5
-6
-7
-8
-10
-11
-11
-9
-8
-7
-6
-8
-8
-8
-8
-7
-7
-5
-5
-5
-4
-4
-5
-6
-8
-9
-9
-7
-7
-5
-4
-5
-4
-4
-4
-4
-6
-5
-6
-5
-4
-3
-2
-1
-3
-4
-5
-6
-4
-2
-1
-3
-3
-4
-3
-2
-2
-3
-3
-2
-2
-1
-2
-1
-1
-1
0
0
0
-1
-1
-1
-1
0
1
1
0
1
0
2
1
2
1
1
1
2
2
1
2
3
3
1
0
0
0
1
2
2
1
0
0
0
2
2
2
1
1
1
1
2
1
1
1
0
0
1
3
3
3
2
1
2
3
2
2
2
3
4
3
3
2
3
3
4
4
4
1
2
0
1
0
1
1
1
1
0
-1
-3
-4
-3
0
1
1
0
-1
-3
-3
-3
-3
-2
-2
-1
-1
-1
-1
0
-2
-4
-6
-5
-5
-1
-2
-3
-4
-5
-4
-3
-4
-4
-3
-4
-2
-2
0
-1
-2
-3
-5
-3
-2
-1
-1
-4
-3
-2
-3
-3
-3
-4
-3
-3
-3
-3
-2
-2
-4
-4
-5
-6
-5
-6
-7
-7
-7
-7
-6
-5
-5
-6
-8
-9
-9
-8
-9
-9
-9
-9
-8
-8
-8
-6
-5
-6
-5
-6
-6
-6
-5
-6
-6
-5
-6
-6
-7
-6
-6
-5
-7
-7
-8
-7
-6
-6
-7
-8
-8
-7
-7
-6
-5
-6
-7
-7
-7
-6
-5
-6
-7
-8
-8
-6
-6
-4
-3
-5
-6
-8
-7
-7
-7
-8
-9
-8
-8
-8
-5
-5
-6
-6
-7
-5
-4
-4
-5
-5
-5
-5
-5
-5
-5
-5
-6
-6
-6
-5
-5
-4
-5
-5
-5
-4
-2
-1
0
-3
-2
-2
-1
0
0
-2
-3
-4
-3
-2
-2
-2
-4
-4
-3
-2
0
0
-2
-4
-2
-2
-2
-2
-4
-5
-3
-1
0
-1
-2
-3
-2
-1
0
0
1
-1
-2
-2
-2
0
-1
-1
-1
-2
-2
-1
0
0
-2
-1
-3
-2
-1
-2
-2
-3
-3
-3
0
0
1
0
-2
-2
-1
-1
-2
-3
-3
-2
0
0
-2
-4
-5
-4
-3
0
-1
-2
-2
-3
-2
-1
-2
-3
-3
-2
-1
0
0
0
-1
-2
-1
0
-1
-1
0
0
-1
0
-1
0
2
1
0
-2
-2
-1
-1
0
0
2
1
0
-2
-1
-2
-1
-2
-3
-3
-3
-1
1
3
1
0
0
0
2
2
2
2
3
4
3
2
0
0
-1
2
3
2
2
1
-1
1
1
0
0
-2
-2
-1
0
0
0
-1
0
0
0
1
2
1
0
-1
-3
-2
-1
0
0
-3
-2
-2
-1
0
-1
0
-1
0
1
0
-1
-2
-2
-1
2
2
1
-1
-1
-2
-2
-3
-3
-4
-2
-1
1
1
0
-1
-1
-2
-3
-2
-2
-3
-4
-3
-3
-3
-5
-5
-7
-6
-5
-5
-4
-4
-5
-2
-2
-2
-2
-4
-6
-6
-4
-2
-2
-3
-4
-6
-6
-6
-4
-4
-5
-5
-4
-4
-2
-2
-3
-4
-4
-4
-4
-3
-1
-2
-2
-3
-4
-5
-4
-4
-6
-6
-6
-4
-4
-4
-5
-5
-4
-4
-5
-5
-5
-5
-6
-6
-7
-8
-8
-7
-6
-7
-8
-8
-9
-9
-9
-10
-10
-11
-12
-11
-12
-11
-12
-11
-9
-9
-10
-11
-9
-8
-8
-10
-9
-11
-10
-9
-6
-6
-7
-8
-9
-8
-6
-6
-7
-9
-11
-12
-12
-12
-11
-10
-12
-12
-12
-13
-12
-12
-13
-13
-13
-15
-14
-14
-14
-14
-16
-16
-15
-15
-16
-17
-17
-18
-17
-18
-17
-18
-21
-22
-19
-16
-14
-15
-16
-18
-19
-18
-17
-15
-15
-15
-15
-14
-15
-15
-16
-16
-16
-17
-19
-19
-18
-18
-17
-18
-19
-20
-19
-17
-18
-17
-17
-16
-16
-15
-15
-14
-15
-14
-14
-15
-16
-16
-16
-15
-15
-14
-15
-16
-17
-18
-17
-18
-17
-17
-17
-17
-15
-15
-16
-18
-18
-17
-16
-15
-16
-17
-18
-18
-17
-16
-15
-16
-17
-17
-18
-16
-16
-17
-17
-17
-16
-15
-14
-15
-15
-16
-16
-15
-15
-15
-16
-16
-17
-17
-16
-15
-13
-13
-13
-13
-13
-12
-11
-11
-10
-10
-10
-9
-8
-10
-11
-11
-12
-12
-13
-13
-12
-11
-11
-12
-11
-9
-9
-10
-10
-9
-6
-5
-6
-6
-7
-7
-7
-8
-8
-7
-6
-7
-8
-6
-5
-4
-6
-7
-8
-8
-8
-7
-5
-5
-4
-2
-3
-2
-3
-3
-3
-4
-3
-5
-3
-3
-2
-2
-2
-4
-5
-5
-3
-2
-3
-5
-6
-4
-3
-3
-2
-2
-3
-2
-3
-2
-1
-2
-3
-3
-1
0
0
-2
-3
-3
-2
0
-1
-1
-1
-3
-2
-2
-2
-3
-2
-3
-2
-2
0
0
-2
-3
-3
-1
0
2
0
-1
-2
-2
-1
1
1
1
-1
0
0
0
-2
-1
-2
1
3
3
3
2
2
1
-2
-2
-1
0
0
2
2
3
2
-1
0
0
-1
-1
-1
-1
1
1
0
-2
-2
-1
0
0
-2
-3
-2
-2
0
-2
-4
-4
-3
-1
1
1
1
0
0
2
2
2
-2
-5
-6
-4
-2
-2
-3
-3
-4
-5
-5
-6
-5
-4
-3
-3
-4
-6
-6
-6
-6
-4
-3
-2
-3
-3
-5
-5
-5
-6
-7
-7
-7
-6
-5
-5
-6
-8
-9
-9
-8
-5
-5
-5
-4
-4
-6
-6
-6
-5
-6
-5
-6
-8
-8
-8
-5
-6
-7
-7
-7
-7
-9
-8
-7
-8
-7
-9
-9
-8
-6
-5
-4
-4
-4
-6
-6
-6
-6
-4
-5
-5
-5
-4
-4
-4
-5
-5
-6
-6
-6
-6
-6
-5
-4
-4
-4
-5
-5
-5
-5
-3
-4
-5
-4
-4
-4
-5
-5
-5
-5
-5
-4
-5
-4
-3
-4
-7
-7
-7
-5
-3
-3
-4
-6
-6
-5
-4
-3
-5
-4
-5
-5
-4
-5
-5
-5
-5
-5
-5
-5
-2
-3
-3
-5
-5
-5
-5
-4
-3
-2
-4
-5
-6
-4
-4
-3
-3
-5
-5
-5
-3
-3
-3
-4
-5
-5
-3
-3
-4
-4
-5
-5
-4
-3
-3
-3
-3
-4
-6
-5
-4
-5
-5
-4
-3
-3
-4
-3
-5
-4
-2
-1
-2
-3
-5
-5
-6
-4
-1
-1
-2
-4
-4
-3
-2
-1
0
-3
-4
-2
-1
0
-2
-2
-4
-4
-4
-5
-5
-6
-5
-4
-3
-4
-4
-4
-4
-2
-3
-4
-3
-4
-5
-6
-7
-5
-3
-3
-4
-6
-8
-8
-8
-7
-9
-8
-9
-7
-6
-4
-4
-5
-7
-9
-9
-7
-5
-4
-4
-5
-5
-7
-8
-7
-5
-6
-6
-5
-5
-5
-7
-8
-9
-9
-9
-9
-8
-9
-10
-11
-11
-9
-10
-10
-12
-13
-12
-11
-11
-12
-13
-14
-13
-14
-14
-14
-14
-14
-14
-14
-14
-14
-14
-14
-15
-17
-19
-18
-16
-14
-14
-14
-15
-16
-15
-15
-14
-13
-15
-17
-17
-17
-16
-16
-17
-17
-17
-17
-16
-15
-14
-14
-14
-15
-17
-17
-18
-16
-16
-16
-17
-17
-16
-17
-16
-16
-15
-16
-18
-17
-15
-13
-13
-13
-15
-16
-16
-16
-14
-14
-16
-17
-19
-19
-19
-20
-21
-20
-21
-22
-20
-19
-19
-17
-18
-20
-20
-19
-19
-18
-19
-19
-19
-19
-19
-18
-19
-20
-22
-21
-20
-19
-19
-18
-19
-17
-17
-17
-17
-18
-16
-16
-16
-16
-15
-16
-14
-13
-13
-13
-13
-13
-14
-12
-12
-12
-12
-13
-12
-13
-14
-14
-13
-14
-13
-14
-13
-12
-12
-12
-12
-11
-10
-11
-10
-11
-12
-13
-13
-11
-10
-8
-9
-8
-10
-9
-9
-11
-12
-13
-13
-11
-9
-10
-12
-13
-14
-14
-11
-12
-12
-11
-10
-10
-10
-11
-11
-11
-13
-13
-12
-9
-9
-9
-10
-10
-10
-9
-9
-10
-9
-7
-6
-6
-6
-7
-8
-10
-9
-8
-6
-6
-7
-7
-8
-7
-7
-6
-8
-10
-10
-10
-9
-10
-10
-10
-10
-8
-9
-11
-10
-10
-9
-9
-9
-10
-11
-10
-9
-8
-9
-11
-12
-11
-10
-10
-10
-11
-11
-10
-9
-9
-10
-8
-8
-8
-6
-6
-7
-8
-10
-9
-9
-9
-9
-10
-8
-9
-7
-7
-8
-8
-9
-10
-9
-8
-7
-9
-9
-9
-8
-6
-6
-7
-8
-9
-10
-7
-6
-5
-5
-7
-8
-7
-8
-9
-8
-9
-9
-9
-7
-7
-6
-6
-6
-7
-8
-9
-8
-6
-5
-6
-7
-8
-8
-8
-8
-7
-8
-9
-11
-10
-10
-11
-12
-13
-12
-12
-10
-10
-10
-11
-12
-12
-12
-11
-11
-11
-12
-11
-11
-11
-11
-11
-11
-10
-10
-10
-10
-11
-10
-9
-8
-8
-9
-9
-9
-8
-9
-8
-9
-8
-9
-9
-10
-9
-8
-8
-7
-7
-7
-8
-8
-7
-7
-6
-7
-6
-5
-5
-6
-6
-7
-5
-3
-2
-2
-2
-3
-3
-3
-4
-4
-5
-3
-2
-2
-2
-3
-4
-5
-5
-5
-4
-5
-4
-4
-3
-3
-4
-4
-4
-3
-5
-5
-3
-3
-3
-3
-4
-3
-3
-3
-4
-2
-2
0
0
-1
-2
-3
-4
-3
-4
-4
-5
-4
-3
-3
-2
-3
-4
-3
-2
-2
-4
-4
-3
-3
-2
-2
-3
-3
-2
-1
-2
-3
-5
-5
-4
-2
-2
-2
-3
-2
-2
-1
-3
-3
-4
-3
-1
-1
-1
-3
-3
-3
-1
0
-1
-1
-3
-3
-2
-2
-2
-2
-3
-3
-1
-3
-3
-3
-3
-3
-3
-3
-3
-3
-3
-3
-4
-4
-6
-5
-5
-3
-3
-3
-6
-7
-5
-4
-3
-3
-4
-6
-6
-5
-3
-3
-3
-3
-4
-3
-3
-4
-5
-6
-7
-4
-2
-2
-2
-2
-4
-5
-4
-3
-4
-3
-4
-5
-5
-5
-4
-4
-5
-5
-6
-4
-6
-4
-4
-3
-2
-2
-3
-2
-2
-3
-3
-4
-4
-5
-4
-3
-3
-4
-5
-6
-8
-7
-6
-5
-6
-5
-5
-5
-4
-4
-5
-5
-4
-5
-6
-5
-3
-2
-3
-4
-5
-4
-4
-5
-6
-5
-6
-7
-7
-8
-8
-8
-8
-8
-7
-7
-9
-9
-9
-9
-9
-8
-8
-8
-8
-7
-8
-8
-11
-11
-12
-12
-11
-11
-11
-12
-11
-11
-11
-10
-9
-9
-9
-7
-9
-9
-10
-10
-12
-11
-8
-8
-9
-9
-10
-11
-8
-8
-8
-9
-9
-9
-7
-7
-6
-8
-9
-10
-11
-10
-9
-10
-9
-10
-9
-8
-8
-9
-11
-12
-11
-10
-8
-7
-7
-8
-8
-9
-9
-9
-10
-10
-11
-13
-14
-12
-12
-12
-10
-11
-12
-12
-12
-12
-11
-11
-11
-10
-10
-10
-11
-9
-10
-12
-11
-13
-12
-12
-11
-10
-10
-10
-9
-9
-10
-10
-10
-11
-11
-11
-10
-11
-12
-12
-13
-13
-15
-15
-15
-15
-16
-14
-12
-12
-13
-14
-13
-12
-11
-12
-14
-15
-14
-12
-10
-10
-11
-13
-13
-13
-14
-13
-14
-13
-13
-13
-12
-13
-12
-13
-13
-14
-14
-13
-13
-11
-10
-11
-13
-15
-15
-15
-13
-13
-13
-14
-14
-14
-13
-13
-14
-15
-15
-16
-15
-13
-13
-12
-12
-13
-12
-13
-13
-14
-15
-14
-13
-13
-14
-15
-17
-18
-17
-16
-15
-16
-17
-18
-16
-14
-16
-17
-18
-18
-18
-17
-17
-16
-18
-19
-18
-18
-18
-18
-19
-21
-21
-20
-20
-19
-19
-20
-19
-18
-18
-18
-18
-18
-18
-17
-16
-15
-14
-14
-14
-16
-17
-15
-16
-16
-18
-19
-19
-18
-17
-18
-18
-19
-17
-16
-15
-15
-16
-16
-17
-17
-16
-15
-15
-14
-15
-15
-16
-16
-16
-15
-15
-16
-15
-15
-15
-17
-16
-16
-17
-17
-17
-15
-14
-14
-14
-15
-14
-14
-12
-14
-14
-13
-14
-14
-14
-12
-11
-12
-11
-12
-13
-13
-13
-14
-14
-14
-14
-12
-11
-10
-11
-12
-12
-12
-11
-13
-11
-12
-11
-12
-13
-12
-11
-11
-11
-11
-11
-10
-11
-11
-11
-11
-11
-11
-11
-12
-12
-12
-11
-10
-11
-11
-12
-11
-9
-9
-9
-11
-12
-11
-10
-8
-9
-8
-8
-9
-9
-8
-7
-8
-9
-9
-7
-7
-5
-6
-7
-8
-7
-7
-6
-7
-6
-7
-5
-5
-5
-7
-8
-7
-6
-5
-4
-6
-7
-8
-8
-7
-7
-7
-8
-7
-5
-6
-8
-8
-7
-6
-6
-6
-8
-10
-9
-8
-6
-7
-8
-9
-8
-7
-6
-5
-5
-6
-6
-4
-5
-6
-7
-9
-9
-8
-8
-7
-7
-6
-6
-5
-6
-6
-7
-8
-7
-7
-5
-6
-6
-6
-8
-7
-7
-8
-8
-9
-9
-7
-6
-6
-8
-9
-11
-9
-8
-6
-7
-8
-10
-11
-10
-9
-8
-9
-9
-9
-9
-8
-5
-5
-8
-9
-10
-10
-9
-7
-7
-7
-8
-7
-7
-7
-6
-6
-8
-7
-8
-7
-7
-8
-8
-9
-8
-8
-7
-5
-5
-7
-8
-9
-7
-8
-9
-10
-11
-9
-9
-8
-8
-8
-9
-10
-9
-8
-8
-9
-10
-12
-10
-8
-8
-9
-11
-13
-12
-12
-10
-11
-13
-13
-13
-12
-11
-10
-11
-11
-11
-12
-12
-10
-10
-10
-11
-9
-9
-10
-11
-9
-10
-11
-12
-13
-13
-11
-11
-9
-11
-11
-13
-13
-13
-11
-11
-12
-11
-11
-10
-12
-11
-11
-10
-9
-9
-11
-10
-9
-8
-8
-8
-11
-12
-12
-10
-10
-10
-10
-10
-11
-10
-9
-8
-9
-11
-12
-11
-10
-9
-8
-8
-9
-10
-10
-10
-10
-10
-10
-9
-10
-9
-8
-7
-8
-8
-10
-12
-12
-11
-9
-7
-8
-8
-10
-9
-9
-8
-7
-8
-8
-8
-8
-8
-9
-9
-9
-8
-8
-6
-6
-5
-5
-4
-4
-5
-5
-6
-7
-6
-5
-6
-7
-6
-6
-5
-4
-4
-3
-4
-5
-6
-5
-5
-6
-6
-6
-5
-5
-6
-6
-6
-6
-6
-7
-9
-10
-8
-9
-9
-8
-9
-8
-7
-5
-5
-4
-5
-5
-6
-6
-6
-5
-4
-4
-4
-7
-7
-7
-6
-7
-5
-5
-6
-6
-6
-5
-4
-4
-4
-5
-5
-6
-4
-4
-3
-4
-5
-6
-6
-6
-5
-5
-6
-8
-8
-8
-8
-7
-8
-8
-8
-8
-8
-6
-4
-3
-3
-3
-4
-5
-6
-7
-6
-6
-6
-6
-4
-5
-5
-5
-6
-8
-8
-7
-6
-5
-5
-5
-7
-8
-9
-9
-8
-9
-9
-8
-8
-7
-6
-8
-8
-8
-8
-8
-8
-7
-8
-9
-8
-7
-6
-6
-8
-9
-10
-8
-8
-9
-10
-11
-10
-9
-10
-10
-14
-15
-15
-13
-12
-12
-12
-13
-13
-13
-13
-13
-14
-14
-14
-13
-11
-12
-11
-12
-11
-11
-10
-11
-12
-12
-13
-13
-13
-12
-11
-14
-16
-17
-15
-14
-14
-16
-16
-17
-15
-14
-13
-12
-12
-14
-15
-14
-13
-13
-13
-14
-15
-15
-15
-15
-15
-16
-16
-15
-14
-14
-13
-13
-12
-14
-14
-14
-13
-12
-12
-12
-12
-11
-10
-9
-11
-13
-14
-15
-15
-15
-15
-13
-12
-13
-14
-14
-13
-12
-13
-13
-13
-12
-11
-11
-11
-11
-11
-11
-10
-10
-10
-11
-11
-11
-12
-13
-13
-12
-14
-13
-11
-9
-7
-8
-9
-9
-10
-10
-9
-8
-8
-8
-8
-9
-7
-8
-8
-8
-7
-7
-8
-9
-8
-6
-6
-7
-8
-9
-9
-9
-7
-6
-8
-8
-9
-8
-6
-6
-7
-8
-7
-6
-6
-6
-5
-5
-4
-4
-6
-6
-7
-6
-7
-6
-5
-5
-5
-6
-8
-8
-7
-7
-7
-8
-9
-8
-5
-5
-6
-7
-7
-8
-8
-7
-7
-7
-7
-9
-9
-7
-8
-8
-8
-9
-7
-6
-7
-5
-5
-6
-6
-6
-7
-8
-7
-7
-4
-5
-5
-7
-8
-8
-8
-7
-5
-5
-5
-7
-8
-8
-8
-5
-6
-7
-8
-7
-6
-6
-6
-6
-7
-6
-8
-9
-8
-9
-8
-7
-8
-7
-7
-8
-6
-8
-8
-8
-8
-9
-7
-7
-5
-5
-6
-7
-7
-6
-6
-6
-6
-6
-7
-8
-7
-7
-7
-7
-8
-9
-8
-8
-7
-8
-7
-7
-8
-8
-8
-8
-9
-9
-7
-5
-5
-5
-7
-7
-7
-8
-9
-10
-11
-11
-10
-9
-7
-7
-8
-10
-12
-11
-9
-7
-8
-9
-11
-13
-11
-8
-9
-8
-11
-12
-13
-12
-10
-10
-11
-12
-11
-10
-10
-9
-9
-10
-10
-8
-8
-8
-6
-6
-5
-6
-6
-7
-6
-6
-5
-4
-5
-4
-4
-5
-6
-6
-6
-6
-8
-8
-8
-7
-7
-7
-8
-8
-7
-7
-7
-7
-6
-6
-4
-3
-1
-2
-2
-1
0
0
-1
-2
-2
-3
-4
-3
-1
1
2
2
0
-2
-1
-2
-1
0
2
1
0
-1
-2
-2
-1
-3
-2
-2
-2
-2
0
1
0
-1
-2
-4
-4
-3
-3
-2
-3
-4
-4
-4
-4
-3
-3
-3
-4
-3
-1
1
2
3
2
1
0
1
1
2
2
1
3
2
2
2
1
0
2
1
3
2
1
0
0
0
-2
-2
-2
-2
1
2
4
3
1
2
1
3
1
1
0
-1
0
1
1
1
-1
0
-3
-4
-3
-2
1
2
1
0
-1
-2
-1
0
0
0
-2
0
2
0
0
1
-1
-1
-2
-3
-1
-1
0
0
0
-1
-2
-3
-2
-1
0
-1
-2
-1
0
1
0
0
-2
0
1
1
0
-3
-4
-3
-1
0
0
-2
-3
-3
-3
-2
-3
-4
-4
-5
-3
-1
-1
-3
-3
-4
-4
-4
-4
-5
-6
-5
-5
-3
-4
-3
-3
-3
-2
-3
-4
-4
-3
-4
-4
-3
-4
-4
-2
-2
-2
-2
-1
-2
-1
-1
-1
-2
-2
-1
-1
0
0
0
0
-2
-4
-4
-4
-4
-3
-2
-3
-2
-1
-1
0
-3
-3
-4
-6
-4
-2
-2
-3
-2
-2
-1
0
-1
-3
-5
-5
-5
-2
-2
-2
-3
-4
-5
-3
-2
-1
1
1
3
4
4
3
0
-2
-3
-1
2
3
4
2
0
1
0
-1
-1
-2
-1
-1
0
0
2
4
2
3
5
4
4
5
5
7
8
6
5
5
5
4
5
4
4
5
5
4
4
5
4
3
4
3
2
4
6
6
5
4
3
3
3
5
3
4
3
3
3
1
3
3
3
2
2
1
2
4
5
7
6
4
3
4
4
6
6
6
6
6
6
4
4
5
6
6
5
5
5
5
7
8
8
8
6
6
7
7
7
8
7
6
6
5
6
5
4
3
2
1
3
3
4
2
1
0
0
1
2
3
1
0
0
1
2
1
-1
-3
-5
-4
-2
-2
-1
-1
-3
-3
-5
-4
-4
-4
-5
-5
-6
-5
-5
-4
-5
-7
-7
-8
-6
-7
-7
-8
-10
-9
-8
-8
-8
-9
-10
-9
-8
-8
-11
-11
-12
-12
-11
-12
-10
-9
-9
-8
-8
-9
-9
-9
-10
-9
-9
-9
-8
-7
-7
-9
-11
-12
-12
-11
-8
-8
-10
-10
-12
-13
-12
-13
-13
-13
-11
-11
-12
-12
-12
-13
-12
-12
-12
-11
-11
-12
-12
-12
-13
-14
-15
-14
-13
-12
-11
-10
-13
-13
-13
-12
-10
-12
-10
-10
-10
-10
-10
-11
-11
-12
-12
-13
-13
-12
-10
-10
-9
-10
-8
-9
-10
-8
-6
-6
-8
-8
-9
-9
-9
-7
-7
-8
-9
-7
-4
-2
-3
-3
-4
-2
-2
-2
-2
-3
-4
-2
-1
0
1
0
-1
-3
-2
-2
-2
-1
-3
-3
-3
-4
-2
-1
0
-1
0
-1
-2
-3
-2
0
2
2
0
0
0
0
1
1
2
2
1
1
1
1
1
1
2
1
2
4
4
4
3
2
3
3
4
5
4
3
3
4
5
6
6
6
5
6
6
7
8
7
7
9
8
7
7
7
7
5
5
5
6
7
7
8
8
9
10
9
9
11
11
11
12
11
12
13
11
10
8
9
11
12
10
10
8
9
8
10
10
10
11
11
9
9
10
10
12
12
10
10
8
7
7
7
9
9
8
7
6
8
8
9
9
8
7
8
9
10
10
8
9
8
8
9
10
12
13
12
10
8
7
7
8
9
10
9
8
9
9
10
10
9
7
6
5
5
6
7
8
8
8
7
5
6
6
10
12
11
10
7
8
9
8
8
8
9
6
5
6
8
8
6
6
7
5
5
3
4
6
7
10
9
10
9
9
9
8
8
7
8
10
10
10
9
7
7
6
6
6
7
6
6
6
6
8
8
7
6
4
3
4
6
6
6
4
4
4
4
3
3
4
5
6
7
8
8
7
7
7
6
5
5
8
9
9
6
5
5
6
8
8
8
7
6
6
6
6
4
5
8
7
9
7
6
6
7
7
6
6
5
6
6
4
5
5
6
7
7
6
4
5
5
6
7
8
9
8
9
9
7
7
7
8
9
9
9
8
9
9
8
9
8
7
7
5
6
8
8
9
8
7
8
7
7
8
10
10
8
7
7
8
8
7
7
6
6
5
7
7
7
7
6
6
5
6
6
7
8
7
6
6
5
5
6
6
6
5
4
5
4
5
5
5
5
5
4
4
5
4
3
2
3
5
5
4
2
3
2
2
4
4
5
4
4
3
3
2
1
3
2
1
0
0
0
1
1
1
1
0
-1
-2
1
1
2
-2
-1
-1
0
0
1
0
0
-1
-4
-4
-4
-2
-2
-2
-3
-4
-5
-5
-2
-1
-1
-2
-3
-3
-2
-2
-2
-3
-2
-4
-3
-2
-2
-1
1
0
-1
-2
-4
-5
-5
-3
-3
-4
-6
-8
-7
-6
-6
-6
-7
-9
-10
-9
-6
-3
-1
-3
-4
-6
-7
-7
-5
-5
-6
-7
-7
-8
-8
-9
-9
-8
-9
-10
-10
-10
-11
-12
-12
-12
-12
-10
-8
-7
-8
-9
-10
-10
-9
-8
-9
-11
-12
-13
-14
-13
-11
-12
-13
-13
-14
-13
-13
-14
-14
-14
-13
-13
-13
-12
-12
-10
-11
-11
-10
-10
-10
-11
-11
-11
-10
-10
-12
-11
-11
-9
-9
-8
-8
-10
-10
-9
-8
-8
-9
-8
-8
-7
-6
-5
-6
-5
-6
-6
-8
-6
-6
-7
-7
-7
-6
-4
-4
-4
-6
-4
-6
-5
-4
-4
-3
-2
-2
-1
-2
-2
-4
-4
-3
-2
-2
-2
-4
-5
-5
-3
-3
-3
-3
-3
-3
-2
-1
-2
-2
-2
-2
-2
-2
-2
-1
-1
-2
-2
0
0
0
-1
-1
-3
-3
-5
-6
-5
-5
-5
-3
-3
-3
-4
-5
-4
-4
-2
-2
-1
-3
-4
-3
-2
-1
0
-1
-4
-3
-5
-3
-4
-4
-4
-5
-4
-2
-1
-1
-1
-1
-1
0
1
0
0
1
3
4
2
1
0
1
2
4
4
5
3
2
0
0
0
1
2
2
1
1
1
1
1
3
1
1
1
2
1
1
2
1
3
3
4
3
3
3
4
4
4
1
1
2
2
3
3
4
5
4
3
4
2
3
3
6
5
4
3
2
4
6
7
5
4
3
3
3
4
4
2
2
2
4
5
4
4
3
2
2
2
2
2
3
4
5
5
4
4
3
5
5
5
5
5
5
5
6
8
8
6
6
5
5
6
7
7
6
6
7
9
8
7
6
5
6
8
10
10
9
7
6
5
5
7
8
7
8
7
6
7
7
7
5
5
5
5
8
9
9
9
8
9
10
10
11
9
8
8
10
11
12
11
11
11
11
10
11
11
11
12
11
11
11
11
10
11
11
11
11
11
11
10
11
11
11
10
9
9
8
9
10
11
10
8
8
9
9
12
12
13
11
10
9
10
10
11
9
10
7
6
7
8
9
10
10
8
8
7
8
10
11
13
12
12
10
10
11
12
11
10
10
10
11
9
9
7
9
10
10
11
10
11
12
10
10
9
9
9
10
11
11
11
12
11
11
12
14
14
13
13
13
12
13
13
13
13
13
12
13
14
13
13
10
8
7
8
9
9
8
10
10
12
13
12
12
10
10
11
13
14
12
11
10
9
10
9
9
9
8
9
8
8
8
8
7
6
5
5
5
5
6
4
3
3
3
2
0
1
1
1
1
2
3
2
1
2
1
2
2
1
2
3
4
3
3
3
2
1
1
2
1
1
2
2
2
2
2
0
-2
-4
-3
-3
-2
-1
0
-1
-2
-2
-2
-1
1
0
1
1
0
0
-1
1
1
1
1
0
-2
-2
-2
-1
0
-2
-2
-2
-3
-3
-3
-2
-3
-2
-2
-2
-1
0
-1
-3
-2
-2
-2
-3
-1
0
-1
-3
-3
-4
-3
-4
-4
-5
-3
-2
-2
-4
-4
-5
-4
-3
-3
-2
-3
-3
-4
-3
-2
-2
-4
-4
-5
-5
-3
-3
-3
-6
-6
-5
-5
-4
-3
-3
-3
-3
-4
-4
-4
-4
-4
-4
-2
-2
-1
-2
-4
-4
-4
-3
-1
-2
-3
-3
-3
-1
-1
-2
-3
-2
-1
-1
-1
-2
-1
-1
0
1
2
1
0
1
2
1
1
2
0
1
1
2
2
1
0
-1
-1
1
3
3
4
2
0
0
-1
0
-1
-1
1
2
4
4
4
1
0
1
1
1
2
-1
-1
0
0
1
1
0
-1
-2
0
0
1
0
1
0
2
1
0
1
1
1
2
0
0
0
-2
-2
0
1
0
-1
-1
-1
1
1
1
1
-1
-2
-2
-1
-1
3
2
2
1
-1
-1
0
0
0
0
-1
-2
-2
-2
0
1
2
1
0
-1
-1
0
0
0
0
0
0
1
0
2
1
0
-1
-2
-2
0
1
0
-1
-2
-4
-5
-3
-3
-2
-3
-5
-4
-3
-1
0
0
-1
-3
-4
-3
-2
-2
-2
-2
-1
-2
-3
-5
-6
-6
-4
-3
-3
-3
-5
-5
-3
-4
-2
-2
-3
-5
-4
-4
-3
-2
-2
-4
-3
-4
-5
-5
-5
-4
-3
-3
-3
-2
-3
-2
-1
-2
-3
-4
-1
-1
0
-1
-1
-1
-3
-1
-1
0
0
0
-1
-1
-1
-2
-1
-1
-1
-1
-2
-1
-2
-2
-2
-2
-1
0
-1
-1
-1
1
0
1
1
0
-2
0
0
-1
-1
0
-1
0
1
0
-1
-1
-1
-1
0
-1
-2
-2
-1
-1
1
0
-1
1
2
4
3
1
0
0
0
1
2
2
2
1
2
1
3
3
4
2
2
3
4
4
3
3
4
4
3
3
4
5
4
4
3
2
2
2
4
5
5
6
4
5
5
7
5
5
5
5
4
6
6
6
5
3
3
4
5
6
4
4
2
3
4
5
6
5
4
4
4
4
5
5
5
5
5
5
5
5
6
5
4
3
5
4
4
4
4
4
4
3
5
6
6
4
4
4
4
4
4
6
7
7
7
6
6
6
6
5
5
6
5
5
4
7
8
9
7
7
7
6
6
6
5
6
9
10
9
8
5
5
6
6
6
6
6
4
6
7
7
8
8
7
7
5
5
7
7
7
5
4
5
5
7
7
7
5
5
6
7
6
4
3
3
5
6
6
5
3
3
3
4
6
4
4
3
4
5
6
7
6
6
5
5
4
3
3
4
4
4
3
3
3
4
4
3
2
0
0
3
4
4
4
3
1
2
3
4
5
6
4
4
3
3
1
1
2
2
3
3
4
3
4
3
3
2
1
1
3
3
4
4
3
2
2
2
3
2
0
-2
-2
0
2
3
3
2
0
-1
1
2
1
1
-1
-2
0
1
2
1
-1
-2
-2
-1
-1
0
1
0
0
2
0
1
1
0
0
1
1
2
1
-1
-1
-1
1
4
4
3
2
2
4
5
4
2
1
0
1
3
4
3
3
2
1
0
0
1
1
1
0
0
1
2
3
3
3
2
2
2
2
4
6
6
6
7
8
7
7
6
6
6
3
5
4
5
6
5
6
5
5
6
8
7
8
7
8
8
8
8
6
6
8
8
9
8
8
7
8
8
8
8
6
6
6
7
7
6
7
7
6
7
7
8
8
8
8
7
7
9
9
10
10
10
9
8
6
5
6
7
8
7
8
8
8
9
9
9
9
8
8
8
9
9
10
8
8
8
9
10
11
9
7
6
6
6
7
7
7
8
7
8
7
8
7
7
4
3
3
3
3
5
5
6
6
5
5
6
5
4
3
2
3
4
3
3
3
3
4
5
3
3
3
3
3
5
4
3
2
3
4
2
2
2
1
0
0
-1
0
-1
-2
-2
-1
-2
-3
-3
-3
-2
0
0
0
-1
-2
-2
-2
-1
0
0
0
-2
-2
-3
-2
-2
-3
-4
-5
-4
-2
-1
0
-2
-3
-4
-4
-2
-1
-2
-3
-5
-7
-4
-1
2
-2
-4
-7
-8
-5
-3
-2
-3
-5
-6
-6
-3
-2
-2
-5
-8
-8
-7
-6
-5
-6
-8
-8
-8
-7
-5
-5
-5
-6
-6
-5
-4
-2
-1
-1
-1
-3
-3
-4
-4
-4
-2
-3
-3
-3
-3
-3
-4
-2
-4
-3
-4
-4
-3
-4
-3
-4
-3
-3
-5
-5
-3
-4
-4
-3
-1
-1
-2
-2
-2
-2
-1
-2
-2
-2
-1
-1
-2
-3
-5
-1
-2
-2
-2
-3
-3
-4
-4
-3
-2
-1
0
2
3
3
3
1
1
1
0
1
0
0
0
0
0
0
0
-2
-1
-2
-1
0
0
1
1
0
0
-1
-1
1
2
1
2
1
0
1
1
1
2
1
1
-1
0
0
1
1
-1
-2
-2
-2
0
0
-1
0
0
1
2
2
1
2
1
2
4
5
4
4
4
5
3
4
5
5
5
3
3
3
3
4
4
3
4
4
4
4
4
4
3
2
3
3
4
5
4
2
3
2
2
3
3
3
4
6
6
6
6
6
7
6
6
5
5
7
6
6
6
5
4
4
5
4
6
5
5
5
5
4
5
4
4
4
6
7
7
5
5
4
4
4
5
4
3
3
4
5
5
5
4
2
3
2
4
3
2
2
2
4
5
4
3
2
3
2
2
2
1
1
1
1
2
2
2
1
-1
0
1
1
2
2
2
2
2
4
3
4
5
5
4
3
3
3
4
4
5
2
3
3
4
5
4
3
1
1
2
3
3
3
1
1
-1
0
1
2
2
2
1
2
2
1
2
2
1
-1
-1
-2
-2
-1
0
1
-1
-3
-2
-2
-2
-2
-2
-2
-1
-1
0
0
1
1
-1
-3
-3
-3
-2
-1
-1
-1
0
1
0
1
1
2
2
3
2
1
2
2
3
3
2
0
-1
-1
-1
0
1
3
2
4
2
1
0
2
2
4
4
4
4
3
2
2
3
2
3
3
3
4
3
4
4
2
1
2
3
3
2
2
2
3
4
5
5
4
3
2
2
3
5
5
3
3
3
4
4
3
5
5
5
7
5
5
5
6
6
6
5
5
6
7
6
4
4
3
5
6
6
4
5
3
3
5
7
6
5
3
4
3
3
4
4
5
3
1
0
1
0
1
0
0
-2
0
2
2
1
0
0
0
1
0
1
-1
-3
-1
-1
0
0
0
-2
-2
-5
-6
-6
-4
-5
-5
-5
-5
-4
-3
-4
-6
-7
-7
-7
-5
-5
-4
-4
-3
-4
-4
-3
-3
-5
-6
-7
-9
-8
-6
-6
-6
-6
-7
-8
-6
-6
-3
-2
-2
-2
-3
-4
-3
-4
-5
-4
-4
-3
-3
-4
-5
-6
-6
-5
-5
-5
-5
-5
-5
-5
-7
-7
-5
-5
-4
-4
-3
-4
-5
-5
-7
-6
-5
-6
-6
-6
-8
-9
-8
-9
-7
-7
-6
-8
-8
-7
-7
-7
-6
-6
-9
-7
-7
-5
-5
-6
-8
-9
-9
-9
-9
-9
-9
-8
-9
-8
-8
-8
-8
-7
-6
-6
-8
-9
-8
-8
-8
-8
-10
-9
-8
-7
-7
-7
-8
-8
-9
-9
-9
-8
-9
-9
-8
-7
-8
-7
-6
-6
-6
-8
-9
-10
-11
-9
-8
-7
-6
-8
-9
-9
-9
-8
-9
-9
-11
-11
-10
-10
-9
-10
-10
-10
-9
-10
-7
-7
-10
-10
-11
-10
-11
-9
-10
-10
-9
-9
-9
-7
-7
-9
-11
-12
-13
-11
-12
-11
-10
-9
-9
-9
-11
-13
-11
-10
-10
-10
-11
-11
-11
-12
-10
-13
-14
-15
-14
-15
-15
-16
-16
-14
-13
-13
-12
-14
-16
-16
-15
-13
-12
-14
-15
-16
-17
-15
-16
-17
-19
-20
-20
-20
-21
-19
-18
-20
-19
-19
-21
-21
-21
-22
-21
-20
-20
-21
-21
-22
-23
-20
-21
-21
-19
-19
-20
-20
-20
-22
-21
-22
-24
-23
-22
-22
-22
-22
-24
-25
-25
-24
-22
-23
-22
-23
-23
-22
-20
-21
-22
-23
-24
-24
-23
-23
-24
-27
-26
-27
-25
-25
-26
-26
-26
-25
-25
-26
-27
-26
-26
-25
-25
-24
-23
-23
-22
-22
-20
-20
-19
-19
-20
-19
-19
-20
-23
-25
-25
-25
-24
-23
-24
-25
-27
-28
-27
-24
-24
-22
-22
-21
-23
-26
-26
-26
-26
-25
-25
-24
-23
-23
-24
-26
-26
-27
-26
-26
-25
-24
-23
-22
-23
-24
-22
-22
-21
-19
-18
-16
-17
-17
-16
-15
-16
-17
-16
-17
-18
-15
-14
-14
-16
-16
-17
-17
-19
-19
-19
-18
-18
-17
-16
-15
-14
-12
-14
-16
-17
-16
-14
-13
-13
-11
-12
-11
-11
-10
-10
-9
-9
-10
-11
-11
-8
-8
-9
-8
-9
-10
-8
-7
-8
-9
-7
-8
-4
-3
-2
-2
-1
-1
0
0
-1
-1
-2
-1
-1
0
0
-4
-2
-4
-7
-3
-4
-6
-2
-6
-6
-3
-3
1
0
-3
-1
1
1
5
4
4
1
1
2
3
2
1
5
3
4
4
6
8
8
9
9
9
7
7
8
9
9
8
7
3
5
5
5
5
4
4
3
3
4
5
3
3
3
4
4
6
6
6
3
3
3
4
6
5
6
7
5
7
7
6
6
6
7
7
6
9
7
9
8
5
3
1
2
2
3
4
4
2
2
2
4
3
0
4
3
4
8
9
9
9
10
8
6
5
9
8
13
10
8
5
2
4
3
3
3
3
2
2
3
4
3
1
2
-1
0
-6
4
0
-3
0
-3
-2
0
2
-3
-5
-1
-2
0
-2
1
1
3
0
3
-4
1
0
0
2
2
5
6
5
6
5
5
3
4
4
3
2
2
2
0
2
0
0
1
1
2
3
1
-1
0
0
3
1
1
1
2
2
4
1
1
-1
-1
1
1
-3
-2
-2
-4
-3
-4
-2
0
-2
-3
-4
-1
-2
0
-4
-2
-3
-1
0
1
4
2
4
1
1
-2
1
-1
-1
-6
-2
-5
1
-2
2
-2
1
-4
2
-2
3
-1
0
-3
2
4
7
6
3
4
-1
5
3
5
4
2
0
2
1
3
7
4
6
6
3
4
5
9
6
3
3
3
5
4
11
3
8
-2
6
1
4
5
3
2
-2
5
3
10
3
3
3
2
6
7
10
2
4
4
6
8
6
7
4
4
-1
8
3
7
6
1
7
4
7
9
6
4
4
5
8
7
4
10
1
6
1
3
3
6
3
8
4
6
2
3
4
3
2
7
2
11
4
8
8
4
7
5
1
4
-1
4
4
4
7
3
1
1
-2
3
0
-3
1
-2
1
-2
-3
-1
-3
-1
-4
-4
-6
-6
-4
-4
-4
-8
-4
-8
-4
-7
-3
-3
-6
-6
-6
0
-3
-1
-5
-1
-7
-4
-4
0
-1
-2
1
-3
3
-5
4
-1
4
1
4
6
6
9
5
8
3
7
1
11
1
9
7
5
10
2
10
5
12
4
10
0
9
10
10
13
3
10
4
6
2
12
-1
2
-3
1
2
-9
2
-6
-3
-12
-8
-6
-6
-7
-15
-4
-17
-9
-17
-9
-12
-16
-16
-18
-15
-21
-15
-24
-14
-21
-22
-16
-21
-15
-21
-15
-18
-9
-20
-3
-12
-4
-5
-8
0
-9
-1
-3
6
5
8
9
11
12
15
15
20
11
20
19
22
26
23
33
24
32
25
35
32
32
33
26
38
26
38
31
27
35
20
35
23
30
30
30
21
19
14
22
13
9
9
2
1
-3
-9
3
-20
-10
-28
-26
-32
-35
-35
-44
-49
-53
-51
-58
-62
-64
-70
-67
-87
-68
-84
-78
-80
-86
-71
-86
-79
-79
-78
-71
-69
-70
-56
-61
-49
-45
-40
-33
-20
-18
-7
2
11
30
29
39
52
52
77
71
89
97
105
120
121
138
143
152
164
157
178
166
190
180
195
189
191
195
187
194
178
198
157
187
140
164
140
126
131
91
92
74
32
62
-26
16
-74
-39
-97
-101
-122
-163
-160
-218
-215
-249
-272
-288
-314
-331
-357
-387
-393
-399
-429
-420
-469
-432
-481
-460
-439
-479
-445
-450
-408
-406
-400
-355
-354
-298
-283
-235
-222
-172
-137
-89
-50
-11
38
78
126
150
192
247
291
325
350
391
452
472
507
511
558
579
605
607
627
637
649
643
644
650
638
638
602
597
566
555
519
486
450
402
378
312
285
210
179
105
57
0
-38
-72
-142
-168
-270
-237
-317
-312
-418
-392
-425
-523
-558
-465
-621
-673
-587
-733
-746
-749
-841
-757
-773
-806
-909
-749
-718
-780
-813
-769
-541
-619
-607
-643
-452
-332
-356
-379
-231
-71
-45
-79
-25
152
250
210
253
288
430
408
424
444
525
523
525
495
512
560
534
535
494
477
491
461
429
415
398
381
379
273
313
283
290
245
214
232
196
187
147
212
186
187
169
177
221
182
217
239
268
259
269
279
325
334
337
374
342
393
343
394
385
354
230
351
251
179
293
51
116
11
-19
-109
-134
-303
-267
-357
-527
-547
-651
-648
-798
-835
-934
-927
-874
-999
-856
-1145
-881
-1042
-971
-822
-940
-732
-921
-712
-675
-579
-580
-447
-260
-323
-238
-263
44
94
87
175
222
361
324
410
448
628
531
593
565
600
703
637
707
661
640
627
625
597
607
582
553
545
425
474
430
500
383
383
282
351
328
294
326
297
322
235
278
259
372
283
320
310
280
349
306
395
375
363
327
360
339
359
357
294
272
181
158
244
-24
149
-3
-196
-57
-275
-295
-298
-457
-578
-531
-748
-810
-819
-1058
-965
-1178
-1136
-1117
-1079
-1026
-1488
-1138
-1268
-947
-1050
-1165
-994
-933
-773
-1011
-706
-518
-340
-381
-517
-242
-98
129
73
180
327
383
398
424
620
701
821
664
735
736
826
889
862
870
825
793
732
739
718
738
706
575
537
418
477
419
397
314
212
196
116
159
90
99
160
102
32
-2
32
227
192
124
146
210
286
328
304
464
482
473
487
510
588
673
625
635
551
600
524
504
461
436
282
177
357
-92
52
4
-221
-341
-221
-599
-668
-521
-944
-943
-995
-1109
-1392
-1259
-1468
-1444
-1306
-1504
-1294
-1615
-1466
-1603
-1279
-1068
-1399
-1179
-1237
-796
-1058
-866
-622
-375
-227
-504
-222
-76
295
338
303
520
561
736
654
853
953
1147
1054
959
1003
1054
1228
1141
1090
1029
1004
910
873
857
826
847
612
561
472
498
505
357
335
204
326
120
222
95
215
200
148
165
121
251
224
344
260
368
387
452
524
473
670
619
720
657
675
800
674
787
547
725
468
537
466
257
319
253
130
-262
68
-220
-462
-478
-670
-689
-1041
-1048
-1296
-1302
-1574
-1686
-1703
-1962
-1854
-1815
-1761
-1740
-1971
-1977
-1871
-1503
-1441
-1422
-1522
-1275
-924
-949
-881
-548
-84
-61
-125
-43
226
760
845
797
902
1100
1192
1262
1310
1467
1650
1530
1436
1364
1420
1550
1524
1360
1225
1067
1056
1002
889
815
730
709
583
330
289
276
398
259
10
11
-54
53
71
-10
126
39
94
97
171
305
409
497
484
559
585
850
911
965
971
988
1019
1137
1022
1132
1041
917
928
680
653
629
373
461
274
-374
43
-389
-416
-766
-836
-1199
-1210
-1572
-1858
-1514
-2381
-2210
-2334
-2456
-2571
-2596
-2335
-2212
-2081
-2724
-2513
-2100
-1431
-1396
-1854
-1511
-1129
-536
-713
-624
-39
585
593
305
569
1068
1772
1696
1635
1649
1898
2087
2100
2152
2166
2291
2154
1944
1737
1737
1905
1796
1531
1043
915
874
912
777
494
250
141
12
-55
-142
-218
-164
-339
-441
-552
-361
-192
-66
-136
-197
-24
165
453
519
671
747
947
1057
1163
1354
1483
1691
1533
1575
1499
1747
1600
1584
1336
1050
1048
899
697
505
361
-121
-213
-665
-713
-1007
-1311
-1421
-2194
-2152
-2614
-2677
-3014
-3260
-3457
-3732
-3641
-3787
-3563
-3376
-2903
-3049
-3259
-3093
-2580
-1424
-1387
-1455
-1472
-586
-5
270
359
1018
1778
1807
1765
1788
2496
3112
3187
3107
2888
2889
3060
3168
3022
2821
2554
2404
2121
1699
1389
1363
1189
824
239
-100
-234
-381
-507
-780
-926
-1118
-1267
-1289
-1226
-1160
-1128
-1059
-888
-787
-603
-285
81
367
581
859
1121
1534
1720
2080
2212
2526
2538
2758
2753
2889
2890
2853
2671
2526
2215
2198
1704
1619
1158
835
533
-54
-249
-682
-934
-1674
-1879
-2570
-2436
-3272
-3111
-4034
-4128
-4457
-4653
-4827
-5443
-4624
-5257
-4731
-4845
-4425
-3084
-3396
-2916
-3364
-2119
-650
-309
-101
-177
1022
1835
2397
2410
2959
3850
4069
4093
3901
4259
4774
4677
4484
3792
3692
3352
3161
2756
2162
1586
1016
537
60
-508
-922
-1253
-1688
-2260
-2698
-2862
-2765
-2854
-3035
-3153
-2993
-2657
-2453
-2136
-1815
-1292
-683
-227
220
778
1432
2198
2632
2974
3240
3691
4121
4314
4346
4226
4318
4226
4054
3762
3492
3259
2841
2255
1789
1201
988
448
-83
-735
-1428
-1673
-2366
-2476
-3442
-3540
-4246
-4580
-4818
-5495
-5282
-5845
-5962
-6179
-6664
-6349
-6443
-5835
-5690
-5180
-5023
-3619
-2771
-1739
-1963
-1607
-307
1582
2449
2453
2520
3475
4705
5128
5201
5544
5822
6037
5669
5144
4808
4578
4452
4068
2923
1698
841
474
75
-709
-1702
-2467
-3153
-3646
-4124
-4364
-4535
-4667
-4729
-4781
-4790
-4551
-4184
-3334
-2569
-1956
-1707
-952
30
1528
2568
2931
3318
4162
4976
6124
6211
6176
6517
6236
6567
6119
5518
5379
4698
4318
3568
2673
2249
1893
1451
860
-45
-723
-1029
-1473
-1768
-2338
-2765
-3130
-3530
-3932
-3963
-4596
-4187
-5214
-4927
-5431
-5259
-5292
-5557
-5473
-5844
-5309
-5291
-4965
-4141
-3980
-3032
-1515
-621
291
221
-210
2248
3802
4626
4793
3749
4765
5846
5561
6185
6018
5453
5352
4081
3600
3345
2503
2181
1429
26
-1115
-2160
-2698
-2590
-3044
-3788
-4430
-5080
-5062
-4601
-4399
-4015
-3627
-3353
-2769
-2171
-1697
-701
334
1181
2010
2215
2542
3476
4365
5119
5519
5324
5302
5688
5775
6034
5658
5105
4862
4422
3993
3436
2789
2371
1991
1524
918
382
50
-36
-114
-450
-814
-1032
-1188
-1127
-1357
-1499
-1704
-1819
-2058
-1970
-2564
-2332
-3049
-3271
-3429
-3849
-3892
-4483
-5346
-5125
-5402
-5035
-5237
-5087
-4738
-3778
-2943
-894
-593
-119
-860
173
2725
4083
4536
3801
3649
4952
5246
5361
5257
4934
4953
4289
2936
2185
1387
1260
867
-217
-1528
-2813
-3620
-3794
-3792
-3908
-4252
-4734
-4987
-4756
-4248
-3561
-2816
-2121
-1489
-919
-575
182
1183
2371
3287
3554
3679
3789
4131
4628
5089
5282
5071
4558
4252
4252
4221
4105
3506
3007
2628
2178
1855
1408
1133
1162
957
654
373
155
377
636
583
576
289
232
113
227
93
169
-442
-690
-1016
-1482
-1833
-2470
-2958
-3079
-3725
-4288
-5172
-5782
-5867
-5192
-4978
-4581
-4286
-4174
-2086
-117
751
1491
243
2145
4784
5858
6574
5667
5691
7157
6836
6876
6318
5313
5261
4314
3196
2251
805
164
-405
-1224
-2186
-3148
-4131
-4296
-4243
-4145
-3713
-3719
-3516
-2801
-2058
-918
113
886
2056
2961
3792
4544
5108
5893
6410
6771
6650
6314
5877
5554
5304
4953
4259
3652
2974
2255
1837
993
883
653
392
421
-73
-192
21
113
686
868
1008
1287
1444
1551
1794
1786
1909
1690
1438
707
670
-252
-224
-978
-1613
-1933
-3438
-3791
-4982
-5246
-5820
-6353
-7449
-7729
-8083
-7587
-6996
-6236
-5405
-4054
-2186
208
1707
1858
1892
3487
6309
8297
8332
7332
6906
7500
7568
7229
6202
4912
3893
2515
1013
-362
-1924
-2832
-3699
-4507
-5328
-6294
-6877
-6713
-6139
-5103
-4302
-3700
-2905
-1818
-389
1298
2786
3980
4970
5769
6505
7190
7425
7546
7578
7242
6564
5473
4105
3493
2799
2393
1580
611
-155
-668
-923
-885
-701
-361
41
286
765
1074
1812
2496
3181
3870
4133
4375
4439
4097
4225
3986
3732
3300
2108
1278
191
-606
-1151
-1966
-3029
-3847
-5361
-5881
-7190
-7458
-8154
-8158
-8354
-8421
-8324
-8167
-6694
-5298
-3248
-1980
-214
3063
4898
6168
5609
6117
8820
10187
10676
9619
7913
7430
6145
5247
4315
2385
729
-1254
-3089
-4297
-5861
-6902
-7499
-7763
-7681
-7658
-7634
-6978
-5636
-3983
-2207
-689
563
2165
3557
5014
6561
7453
8131
8321
8070
7877
7174
6138
5222
3921
2754
1350
-299
-1506
-2390
-2995
-3231
-3696
-3836
-3507
-3185
-2292
-1428
-467
947
1910
3196
4180
4771
5597
5943
6298
6576
6198
5869
4943
4101
3314
2228
1269
-18
-1072
-2216
-3153
-4114
-4796
-5462
-5996
-6736
-7087
-7623
-7357
-7697
-7387
-7212
-6717
-5656
-5301
-3780
-2821
-1109
-36
1366
3574
6992
8735
8395
6975
6521
8465
9088
8704
6984
5149
3960
2170
407
-889
-2415
-3356
-4373
-5579
-6379
-7468
-7867
-7482
-6508
-5165
-4165
-3432
-2447
-780
891
2789
4273
5489
7005
7470
8084
7987
7663
7564
6874
6211
5101
3351
1732
117
-1063
-1773
-2699
-3573
-4308
-4667
-4388
-4024
-3270
-2164
-822
628
1774
2956
4142
5482
6790
7578
8064
7894
7630
7043
6369
5689
4763
3757
2549
1263
275
-791
-1740
-2469
-3398
-3675
-4430
-4858
-5331
-5600
-5316
-5706
-5367
-6188
-5035
-5294
-4207
-4060
-3639
-2715
-2750
-1920
-1526
-533
232
1028
2183
4327
6441
6549
5659
3935
4376
5415
5674
5063
3645
2233
1247
-295
-1182
-1966
-2799
-3062
-3664
-3986
-4416
-5030
-5032
-4359
-3224
-1942
-1117
-490
305
1200
2279
3444
4266
4992
5334
5640
5796
5342
4612
3562
2872
2086
1259
118
-1083
-2046
-2671
-3200
-3501
-4057
-4156
-3992
-3548
-2622
-1503
-26
1399
2579
3637
4683
5584
6442
6909
7101
6908
6366
5628
4689
3676
2704
1723
696
-259
-1211
-1900
-2504
-2962
-3103
-3373
-3517
-3817
-3999
-3728
-3807
-3357
-3615
-3347
-3598
-3298
-3458
-3262
-3052
-3386
-2907
-4189
-3561
-4020
-3881
-3641
-3738
-2836
-1629
40
2832
3202
2671
1329
1400
3253
3853
3932
3328
2638
2001
709
-371
-1178
-1948
-2158
-2369
-2773
-3648
-4733
-5286
-4999
-4267
-3340
-2636
-2024
-1441
-715
96
1003
1782
2618
3459
4325
4549
4197
3342
2794
2486
2042
1456
363
-545
-1439
-2143
-2657
-3170
-3748
-4012
-4069
-3822
-3217
-2635
-1473
-26
1376
2781
3780
4458
5450
5747
6339
6264
5786
5431
4393
3733
2716
1604
784
-277
-995
-1534
-2263
-2460
-2882
-2794
-2668
-2801
-3085
-3174
-3206
-2837
-2831
-2787
-2837
-2998
-2878
-3004
-2960
-3328
-3738
-4245
-4233
-5124
-4252
-5524
-4241
-4154
-3450
-1011
502
3169
3076
1815
1931
2710
3934
4769
4016
4262
3333
2180
1297
-102
-870
-1571
-2123
-2102
-2901
-4076
-4747
-5192
-4688
-3896
-3415
-2397
-1615
-803
267
899
1754
2621
3487
4448
5094
4915
4635
3987
3386
2788
1731
1021
105
-848
-1625
-2659
-3381
-4092
-4631
-4458
-4323
-3931
-3543
-3052
-1876
-575
925
2378
3892
5322
6217
6579
6431
6395
6190
5802
5265
4140
3229
2003
905
-45
-1139
-1713
-2266
-2567
-2520
-2713
-2458
-2487
-2476
-2414
-2629
-2415
-2257
-2013
-2027
-2292
-2421
-2805
-2579
-3310
-3285
-3845
-4335
-4576
-5625
-5877
-6326
-6015
-4969
-3713
-1432
1177
2464
2645
1528
1904
3428
4446
5056
4885
4652
4109
2612
1178
-40
-1201
-1626
-1985
-2458
-3298
-4605
-5316
-5419
-5179
-4520
-3771
-2658
-1440
-456
434
1177
1927
3051
4125
5160
5586
5321
4754
4200
3521
2609
1485
223
-487
-1347
-2089
-2988
-4114
-4792
-5199
-4879
-3836
-3917
-3217
-3046
-1728
-93
487
2305
3368
5379
7021
7482
7833
7124
6812
6638
5947
5181
3899
2628
1792
516
-475
-1699
-2542
-2649
-2622
-2424
-2327
-2458
-2145
-1935
-1680
-1368
-1490
-889
-643
-370
-505
-1280
-1501
-2145
-2273
-2878
-3143
-4198
-4501
-5718
-5996
-6762
-7189
-6397
-5783
-3138
-285
2188
3027
2250
1993
3547
4615
5695
5890
6017
6169
4855
3416
1614
-85
-842
-1261
-1581
-2303
-3777
-4738
-5298
-5605
-5374
-5031
-3947
-2393
-1115
55
756
1387
2327
3470
4625
5595
5688
5529
5121
4470
3578
2289
1076
232
-507
-1119
-1911
-2971
-3806
-4460
-4590
-4461
-4295
-3765
-2809
-1730
-384
452
1346
2383
3601
5405
6937
7673
8111
7779
7340
6746
5366
4768
3592
3048
2419
1074
150
-1259
-1916
-2020
-2240
-1896
-1852
-1520
-891
-892
-799
-1067
-991
-317
-2
243
-151
-791
-961
-1615
-1615
-2816
-3063
-4060
-4323
-4674
-5834
-5764
-7137
-6339
-6349
-5534
-3285
-301
3084
3953
3269
3316
4414
5286
6000
6073
6795
6598
5586
4184
2113
154
-1033
-1559
-1761
-2570
-3755
-4291
-5021
-5381
-5583
-5391
-4214
-2838
-1179
214
1102
1680
2333
3215
4343
5275
5827
6003
5824
5172
4207
2905
1691
783
44
-371
-1131
-1918
-2808
-3638
-3922
-4246
-4093
-3690
-2874
-1770
-741
123
1059
2002
3361
4825
6033
6825
6926
6976
6895
6405
5838
4758
3922
3250
2425
1809
585
-221
-802
-1060
-1078
-1310
-1333
-992
-799
-315
-714
-722
-935
-669
-544
-586
-747
-873
-822
-1149
-1322
-2053
-2387
-3185
-3334
-4325
-4284
-4999
-5085
-5480
-5963
-5467
-5420
-4822
-2927
802
3025
4244
2444
3435
4187
4611
5332
5091
5754
5608
4676
3898
1535
-543
-972
-1533
-1313
-2512
-3439
-3519
-4308
-4526
-4798
-5141
-4191
-2943
-1266
295
766
1443
2348
2975
4109
4581
5079
5397
5386
5390
4549
3401
2090
1215
662
205
-553
-1213
-2055
-2558
-3077
-3664
-3927
-3906
-3154
-2334
-1026
-190
900
1873
3064
4291
4847
5474
5751
6247
6371
6195
5500
4820
3992
3595
2817
2289
1621
966
641
169
-155
-571
-767
-728
-545
-500
-781
-957
-1080
-872
-815
-793
-681
-857
-720
-967
-1116
-1160
-1872
-2116
-2851
-2826
-2843
-2941
-3281
-4064
-3990
-4217
-4137
-4278
-4528
-2860
-288
1164
2728
1853
3080
3453
3336
4147
3636
4506
4708
4715
4457
2529
1106
727
-53
-242
-1132
-1519
-1283
-1838
-1862
-2333
-2968
-2647
-1827
-769
231
379
1315
2002
2356
3077
3030
3631
3854
4097
4560
3748
3391
2557
1930
1604
762
358
-113
-535
-669
-1155
-1573
-1981
-2026
-1553
-916
-407
143
931
1748
2571
2958
3527
4043
4766
5263
5513
5722
5359
5341
4826
4287
3908
3294
3282
2706
2208
1936
1192
1160
586
530
387
258
316
170
-9
129
56
195
-136
-317
-608
-531
-665
-792
-1045
-1743
-1921
-2376
-2724
-3249
-3485
-3714
-3452
-4097
-4130
-4083
-4307
-3845
-4048
-2873
-1090
443
2442
2748
3374
3780
3848
4348
4235
4383
5028
5016
4652
3829
2587
1939
1215
640
55
-575
-554
-614
-862
-1287
-2026
-2131
-1922
-1508
-991
-449
128
816
1460
1711
2179
2330
2943
3694
3762
4036
3669
3744
3497
3016
2746
2154
1982
1709
1317
942
499
48
103
-228
-70
216
606
1477
1805
2473
2937
3296
4016
4387
4783
5163
5186
5696
5409
5411
5177
4819
4747
4138
4085
3621
3410
3056
2799
2475
2082
1824
1279
1203
717
859
1006
1039
1119
818
935
819
681
673
469
609
505
430
83
-458
-747
-992
-1121
-1414
-1779
-1848
-2328
-2070
-2231
-2234
-2002
-1713
-612
116
1171
1738
2445
3095
3408
3787
3871
4019
4344
4251
4270
3608
2913
2695
1848
1588
824
575
526
199
260
-53
-265
-340
-379
-145
115
313
827
1250
1703
1853
1723
1903
2224
2453
2441
2364
2561
2408
2340
2100
1474
1379
953
1253
902
502
542
246
612
43
269
380
825
1352
1614
2001
2152
2561
2709
2986
2705
3073
3196
3386
3276
3135
2998
2772
2734
2364
2267
2009
2011
1968
1889
1621
1433
1398
1264
1191
898
810
983
1150
1130
1298
964
1102
1111
835
890
567
768
747
826
676
590
437
248
505
218
560
361
375
176
210
198
-241
96
-145
0
403
508
1010
776
1758
1985
2370
2823
2889
3776
3834
4290
4391
4821
4940
5275
5930
5769
5890
6253
6466
6664
6755
6718
6990
7192
7588
7593
7897
8064
8335
8646
8525
8577
8529
9114
9329
9804
10217
10940
11186
11959
12643
15203
17690
17800
18258
17577
18107
18063
18133
18037
18169
17756
16329
15997
15048
14233
12949
11782
10524
9559
8818
7863
7484
7113
6297
5788
5071
3931
2817
2064
2074
2599
3047
3454
4209
4532
4588
4785
4381
3649
3727
3419
2720
3526
2994
2765
2720
2995
3132
3418
4022
4150
4599
4785
4483
4595
4748
4162
4220
4524
4374
3833
4760
4824
4542
4898
4760
4642
4506
4665
4914
4740
4992
4640
4655
5259
4723
4948
4908
5524
5451
6033
6554
6262
6512
6841
8267
9351
9691
9119
8117
7480
6857
6489
5311
4430
6120
9176
9465
8487
8088
8164
7677
6108
4126
2879
2036
984
903
2369
3152
2917
3446
3932
3900
4211
4948
5947
6329
6285
5947
5926
5499
5096
4892
4451
4223
4118
4086
4123
4140
4152
4040
3304
2704
1736
1508
1283
1026
956
1307
1169
1174
1857
1533
1746
1578
1654
1992
2164
1975
2077
1616
1390
1147
679
456
-54
-477
-508
-1242
-1685
-2038
-2629
-2543
-2666
-3323
-2797
-2920
-3571
-3320
-3290
-3943
-3441
-3315
-3938
-3657
-3936
-3864
-4194
-3755
-3704
-4744
-3875
-4287
-5231
-4726
-5070
-5219
-5786
-4542
-5390
-6255
-4551
-5569
-6080
-4383
-5256
-5580
-4366
-5060
-5193
-4555
-4732
-4667
-4989
-4798
-5034
-5417
-5079
-5279
-5335
-5595
-5127
-5755
-5308
-5825
-5199
-5357
-5444
-5311
-4689
-5358
-5067
-4232
-5319
-4542
-4068
-4981
-4553
-3773
-4722
-4644
-3935
-4486
-4632
-4541
-4335
-4690
-4737
-4543
-4441
-4634
-5194
-4342
-4369
-4893
-4082
-3439
-4579
-3498
-2749
-3936
-3484
-1443
-3680
-3525
-1279
-3486
-3512
-1957
-3334
-4269
-4473
-4410
-6305
-6515
-5905
-7311
-6649
-5255
-5407
-4791
-3797
-3737
-4215
-3223
-2708
-4097
-3240
-1957
-3972
-2424
-1550
-3644
-2714
-1423
-3507
-3199
-1254
-3244
-3098
-1720
-2488
-4227
-1949
-3004
-4164
-2701
-2806
-3463
-2673
-2320
-3016
-3206
-2559
-2800
-3821
-2245
-2597
-3512
-2272
-2364
-3608
-2735
-2474
-3615
-2567
-2856
-3729
-2964
-3135
-3036
-2981
-2949
-2719
-3587
-2709
-3709
-3035
-2753
-3663
-1775
-3009
-3422
-2242
-2957
-4014
-1919
-3259
-3405
-2302
-3551
-2965
-3473
-3015
-3822
-2793
-3491
-3673
-2773
-3777
-3080
-2529
-4003
-2596
-3028
-3590
-2677
-2698
-2643
-2920
-1542
-3014
-2151
-1828
-2806
-2233
-2188
-2051
-1969
-2198
-1061
-2466
-1369
-2260
-1733
-1729
-1856
-1037
-2147
-1244
-1298
-2473
-263
-2291
-1412
-943
-955
-1981
-617
-1434
-1611
-1382
-1591
-1144
-2221
-1013
-1669
-1966
-1362
-2010
-1782
-1542
-1213
-1879
-779
-1121
-1405
-630
-830
-1021
-217
-643
-555
742
-1400
507
178
-306
46
194
119
-443
447
-388
3
-237
-563
-290
-876
-168
-967
-974
-569
-788
-1981
98
-1632
-1367
-65
-2234
285
-1943
-242
-926
-845
-493
-588
-842
-319
-1023
-1311
272
-2224
-660
-1190
-1372
-1123
-1213
-940
-1148
-136
-1818
-261
-800
-1767
-1590
-890
-2585
-1779
-1149
-2307
-1696
-774
-1877
-1645
117
-1631
-1489
855
-1152
-1758
1441
-1063
-1468
1766
-1335
16
-466
265
-1013
-1137
976
-2315
114
-900
-1182
33
-1346
-814
-214
-1538
-615
-1113
-433
-1698
-1269
-287
-1956
-1303
-1332
-654
-2006
-1915
671
-3747
-91
-778
-2514
-692
-323
-1183
-1450
896
-1016
-1475
828
-651
-1030
-20
263
-520
-822
1127
-1664
188
-92
-1939
119
-469
-2053
38
-792
-1497
-1269
-41
-1586
-1078
-477
-317
-1623
-2
-412
-890
-195
-97
-784
-447
393
-1508
340
-907
-616
-1300
-188
-1239
-1503
-382
-1627
-1000
-1140
-1005
-1441
-830
-1258
-417
-1952
360
-456
-1752
1149
-1021
-1331
1161
-685
-865
332
60
-967
-365
1074
-1873
-173
885
-2088
-140
34
-1036
-434
-494
101
-1112
-437
524
-1215
61
185
-288
308
-614
1295
-1419
468
557
-875
275
395
-786
91
-150
-840
279
-409
-475
68
-378
249
-859
732
-83
-409
1356
-730
1285
294
-359
1954
-889
1095
451
195
560
880
-49
701
209
744
-353
507
191
-223
345
575
457
-206
1779
-765
1180
268
140
1264
-334
2505
-1126
2252
327
-292
2061
190
-20
1855
59
-64
1309
619
-387
1191
825
-343
1325
513
600
-29
1602
-307
1439
717
662
1720
-288
2217
-131
919
1102
152
1119
611
340
1353
-332
1596
313
217
1868
-573
1225
977
-408
2523
-1221
2358
138
979
901
284
2257
-1218
2042
1229
-795
1484
620
254
1294
-566
1542
136
-189
1019
818
-719
1327
731
-186
1274
716
-439
1803
1135
-721
2025
1454
-1101
2519
73
1106
584
831
1586
-397
1464
565
661
727
713
687
927
-13
1233
155
1375
238
1834
242
762
2062
-984
2261
1285
-1005
2588
501
461
1230
900
1041
-85
1997
-313
1583
189
1374
1332
-381
3594
-1308
1987
1770
-109
1978
1257
1034
2185
89
3552
44
1051
2412
335
1484
1034
1519
345
2014
3
1524
1114
346
1001
1534
785
134
2788
101
558
3179
-494
2020
1612
1913
-336
3226
1281
-581
3648
642
277
2718
536
664
966
2037
-254
753
2628
-381
668
2334
514
-21
2713
1036
407
2400
1030
1443
584
3403
542
851
4086
44
1252
2661
753
797
2037
1450
529
1482
1307
952
541
1845
854
1149
1377
1442
329
1856
1156
981
1265
2383
-375
3337
161
1648
2206
-255
2454
1059
639
1552
1617
915
1008
2347
-50
1861
1379
911
1448
1560
1665
759
2692
665
2052
1687
1196
2064
1635
1310
2549
1118
1214
2526
479
1748
1313
2116
-78
2580
965
606
1915
1016
927
1360
2398
-302
2904
1556
542
2219
2411
-60
2496
2447
-382
2981
1265
1246
1408
1385
2464
-990
3873
-409
1458
1294
1474
451
2184
1295
956
1882
1401
779
2563
363
2748
994
1731
2205
1192
2005
1254
2828
469
2513
2062
190
3063
866
1198
2424
644
1244
2498
-108
2596
824
922
2658
119
1897
1730
1453
381
2789
948
1868
218
3523
-71
1308
2630
751
1617
1675
2046
294
3029
326
2059
1215
2280
539
2040
1982
628
2508
1144
1254
3006
122
2570
1684
1237
1183
2249
1013
2225
817
2389
2472
-499
3406
1313
772
2157
1728
1813
692
2685
1361
710
2507
1377
1209
2192
1186
1956
923
2318
1048
1294
1784
1395
1101
2183
1171
1366
1488
2050
1022
1324
2093
1524
347
3583
-618
3112
1421
676
2754
581
2181
1107
2244
1608
1329
2172
1671
844
2411
1558
1323
1600
2145
915
1873
1392
2117
1423
1244
2712
813
1865
1777
611
3179
-23
2585
1558
676
2702
154
2475
1482
445
2999
-137
2370
1366
1280
2146
1183
1568
1657
1413
1932
1355
1771
2329
639
2819
917
1988
1455
1420
2030
880
2369
1395
1031
2878
360
1979
2487
234
2476
1179
2010
1004
2217
1266
1789
693
2609
949
2256
1206
1944
2850
-497
3682
-214
2835
1105
717
3431
375
1021
3310
-80
1852
2300
471
1656
2468
194
2318
1166
2096
210
2774
541
1475
2234
1331
1371
2305
896
2115
1503
2012
1141
1874
2607
-182
2846
2386
-575
3589
1474
1110
1229
2991
194
2511
1187
1790
1492
1247
2103
448
3238
-480
3220
685
1557
1526
1525
1690
1038
2384
609
2034
1998
995
1705
2765
265
2224
1731
1550
1463
1833
2283
224
2897
1447
784
2872
302
2973
949
1337
2595
720
1779
1920
2073
136
3391
460
2401
1028
2402
821
2896
30
3505
210
1521
2786
1076
344
3325
696
1376
1816
2065
791
1755
2114
1260
1244
2108
1410
1360
2394
98
4000
145
970
3495
269
965
2344
1721
614
1293
3445
-779
3091
781
1165
1647
1283
2174
-43
3817
223
1350
3218
286
2780
1583
2036
1550
2013
665
3482
307
2345
2327
916
2060
1339
1883
1686
342
3175
-225
2618
277
2679
874
1464
1629
1788
280
3336
-271
3157
1160
1093
2527
1085
1824
1593
1932
1444
2079
1020
2447
1231
821
3551
-554
2971
1414
1325
1445
2176
1408
1173
2478
789
2827
297
2597
1384
1643
1227
3610
-1147
3748
937
1221
2093
1069
1928
1097
1601
2788
503
910
4059
-714
1415
3073
298
1477
1939
2383
293
1592
3543
-718
2723
3145
-1322
3954
1140
-145
2886
1441
759
1264
2865
216
2140
1457
1636
1323
904
3172
-609
2940
1975
-165
3828
931
714
2520
2080
342
2054
2741
346
2452
1696
1499
1444
1528
1663
847
2773
114
2596
783
2136
547
1812
2453
498
1219
4050
-1228
3140
1530
1725
287
3348
309
1841
1792
2197
-271
3453
914
668
2616
777
2550
-129
3278
388
1883
1195
1826
1670
1172
1539
3058
162
2410
1739
1762
919
2760
771
1648
1918
1314
1440
1767
703
3004
-772
3121
1323
-136
3080
1794
339
2032
2519
375
1197
3477
-317
2130
2662
206
2404
925
2849
-669
3111
1472
-127
2430
1750
536
1299
2292
711
615
2584
1538
-573
3637
1139
-165
3188
1766
-202
2571
2745
-463
2296
2900
48
1148
3492
115
803
2696
1059
517
1712
1897
663
1018
3013
-494
2686
1528
310
2486
2425
-492
2840
2310
-321
2293
2400
641
1021
3097
610
1143
3376
-957
3270
214
2311
-334
3465
215
997
3513
-379
1657
2165
990
1502
1644
2550
117
2363
2044
777
1300
2380
1638
429
2673
2104
-1092
4235
-615
2451
1125
1224
1811
2143
-873
4529
-520
1312
2089
2025
63
2354
2669
-149
2707
1758
1527
483
3385
989
-621
4743
-367
691
2631
1854
-1181
3275
1429
76
1708
2257
642
827
3035
193
1778
1718
1579
629
1988
2778
-782
3293
2292
-1106
4319
382
696
2489
688
1122
1627
1368
543
1813
2398
-432
2222
1737
230
1339
2127
600
1515
1728
2273
-253
2968
1275
582
1729
2778
-591
2957
1007
1880
353
1917
1552
200
1854
1235
1063
1235
1472
1320
939
1900
772
1544
1850
505
2344
1088
1112
2250
669
2021
743
2401
389
2726
320
2111
875
1459
1105
1240
2172
-35
2526
1415
513
2141
1381
291
2056
1551
730
2098
706
2875
-451
2898
1227
1495
921
2394
743
1059
1435
2170
24
2025
1824
-348
2868
399
1903
392
2036
1042
536
2276
952
2107
240
3000
387
1681
1469
1012
2062
252
2818
1033
644
2865
509
906
2100
1643
317
1313
2372
362
780
2191
1547
228
1582
2140
489
515
2540
582
1413
1193
2286
644
1846
984
2126
43
1346
3296
-1739
3182
1933
-1207
2950
1203
529
779
2931
-18
1562
1152
2091
-51
1250
2379
-155
2726
432
1714
2187
-1025
4127
-330
1876
1124
1980
1015
916
2725
-502
2078
1476
1259
632
1928
1272
516
2107
1085
546
1243
2620
-703
2553
1366
718
937
2517
503
698
2975
475
666
1986
1661
-416
2540
1761
-384
2044
2152
-564
2608
1168
751
1845
979
1998
494
2075
508
2057
1072
640
2354
887
942
1848
619
2150
-135
2631
1233
12
2157
1703
-84
2122
1362
805
1277
1811
1406
-22
2665
302
1538
370
2264
510
967
1646
1135
1690
330
2123
1661
-129
2214
1059
735
1183
1988
224
2044
517
2142
430
2572
279
1213
2052
83
1360
1086
1125
-40
2882
-75
1761
855
2164
-265
1741
1763
63
1915
895
2058
-288
2365
1248
543
1469
1724
736
492
1899
1421
261
1988
1675
-104
2370
422
1208
957
1459
1317
690
1674
1054
829
1434
1211
1085
795
1972
1062
280
2230
544
839
2421
-629
3112
163
1027
1412
1652
38
1586
1823
160
1209
1709
586
1850
641
1243
1500
730
792
1894
757
1264
1035
1692
988
633
1647
947
1100
748
1819
1945
-508
1899
1754
101
577
3249
-606
1096
2134
609
563
2242
984
15
3576
-945
2073
1108
1309
515
1649
1241
853
1285
1317
877
1396
670
1379
1086
991
982
1236
1399
473
1581
580
2325
-249
2098
1258
471
1098
1397
1090
588
1126
1825
1239
-728
3871
-683
846
1673
1601
-100
1868
1334
1000
541
1854
1149
186
1953
1161
251
2223
102
1995
35
1936
1417
10
1914
1020
796
561
2299
46
1190
1327
1605
247
927
2573
-139
1343
1427
845
767
995
1521
1164
187
2264
542
1279
868
1252
1106
325
1888
738
678
1398
1471
54
1876
1177
545
674
2399
-177
892
1954
694
873
1079
1886
570
524
2310
329
1067
1091
1641
619
671
2191
-412
2352
-36
2308
-167
2278
534
823
1449
1578
23
1373
1687
612
12
3195
-802
1491
1033
1482
428
587
2471
-334
1143
2103
248
816
1779
724
702
1346
1726
88
1778
1558
-49
1367
1634
910
203
2134
778
969
614
1868
726
719
933
2594
-1156
2169
794
1283
-50
2567
-144
1494
1321
865
1179
1214
1323
134
2204
906
-291
2508
46
1106
1093
1183
186
2418
49
777
1557
451
1103
1127
993
720
1749
-148
2381
181
557
2126
705
-43
2462
204
351
2110
123
854
1026
1667
-207
1891
829
980
1232
499
1835
-274
1728
513
1210
1387
800
563
2054
326
401
2224
308
422
1680
991
-44
2304
441
353
1645
483
699
898
1484
516
957
1313
1129
77
2244
321
1262
813
1278
517
1423
366
1705
238
1424
1340
135
1078
1738
-344
1760
888
512
622
1848
176
1130
1294
509
816
1363
523
963
685
1378
725
962
826
1284
698
751
818
1292
59
1431
691
1146
845
1031
820
932
817
941
942
1294
514
989
1079
880
844
367
2068
292
790
1587
725
809
174
2100
34
590
1707
108
1578
62
1712
241
1441
851
1281
291
1189
1111
461
1026
2006
-187
926
2016
-291
933
2160
-38
1152
955
942
127
1606
856
724
156
2179
-113
313
1629
1093
-357
1787
1169
95
1215
1196
1119
315
1546
824
633
1470
389
1004
1137
571
1190
856
755
1226
-72
1609
575
637
887
1079
1025
402
777
1716
43
849
1774
-184
1611
384
1321
939
733
772
970
1113
255
1111
1480
71
884
857
1072
-62
1331
1246
216
635
1496
575
395
1075
1304
-97
1191
1526
-177
1108
1323
1031
-417
2476
38
575
1287
1262
-336
1463
869
402
1023
775
966
820
687
1376
161
962
1391
64
1389
810
731
658
1426
289
775
1337
231
756
1121
403
565
1639
236
665
928
1130
255
664
1650
132
620
1359
288
931
199
1457
765
618
1127
454
1056
787
430
1164
577
557
1340
118
1171
287
568
1027
765
248
803
935
382
555
1244
671
112
1531
378
706
602
974
591
540
1066
653
445
1324
388
675
1251
746
738
765
645
342
1052
551
794
742
779
480
672
828
418
844
795
737
668
546
913
503
627
977
500
475
1242
354
551
1298
270
943
516
990
470
622
1395
368
875
1083
841
164
854
976
160
864
1470
-229
1241
1259
-364
1129
776
553
350
1667
-134
557
1621
175
512
969
975
-301
1376
666
240
995
659
851
543
668
464
1323
141
717
1058
49
1216
296
1085
243
1060
441
1247
-80
1358
701
-7
1137
770
233
543
1390
571
481
907
981
37
1146
522
499
831
1018
-24
1619
377
1285
200
1351
64
999
110
955
939
-75
1586
-135
953
622
678
716
927
357
848
206
1253
92
1191
929
354
832
1151
428
78
1381
372
-85
719
1135
362
52
1841
251
91
911
1120
-84
379
1337
128
626
572
951
670
537
702
1149
-180
503
1665
-382
1119
753
1021
83
1507
244
610
461
868
344
345
1443
-110
496
1239
287
553
448
1312
232
823
443
914
557
402
814
735
594
568
621
798
706
-444
1345
1144
-223
425
1868
64
390
815
1143
204
444
1034
247
848
479
669
728
1027
192
607
1155
330
783
386
1027
805
-160
1354
545
167
681
599
529
316
828
434
641
1030
487
374
1016
508
255
980
997
-331
1271
985
396
814
1029
256
892
537
623
229
763
604
777
378
593
926
358
678
540
694
141
800
552
576
438
954
78
796
1002
-148
736
667
341
969
-114
1099
587
68
671
706
83
479
834
363
413
674
883
-49
636
1093
295
22
1402
724
-705
1579
560
250
608
871
473
565
148
663
936
26
934
544
832
-196
843
1010
-125
592
820
21
1019
19
920
343
1061
378
38
1489
41
458
925
429
301
663
421
651
178
546
719
-29
666
456
654
88
950
891
-148
711
1253
-148
910
974
-86
1249
506
359
614
680
273
951
223
604
740
-142
779
639
175
949
85
1241
53
554
780
722
557
244
1325
323
480
744
630
513
528
903
694
199
791
597
562
254
680
376
709
325
773
373
295
842
798
48
1120
163
956
356
571
634
745
-75
1438
273
231
373
977
282
441
528
1186
-750
1265
202
359
348
471
870
184
701
558
299
914
426
603
239
949
401
156
1081
139
693
679
558
461
400
519
298
1028
-603
1014
556
149
124
1087
345
79
968
681
-44
661
245
1016
-1
985
521
224
1285
-399
1205
271
324
646
308
636
-25
1303
-78
643
693
333
712
31
1367
-27
432
676
578
413
647
652
396
889
471
403
180
1085
255
443
1085
134
651
654
502
326
961
196
23
1194
226
152
1040
696
-8
1249
252
328
800
352
617
196
809
473
74
858
775
-321
1036
279
409
-34
1391
-39
115
1234
-104
313
632
614
86
653
967
-247
877
486
104
815
494
363
600
417
751
69
274
980
-163
336
1178
-451
1177
339
70
979
332
-260
1755
-376
431
1075
187
238
659
505
142
815
7
852
971
-413
753
1336
-578
942
357
335
599
268
368
269
711
617
7
730
1031
-188
413
737
559
-51
596
555
184
590
80
805
365
472
570
42
960
-45
556
396
903
178
105
1443
-574
830
227
735
64
691
804
-425
1529
-187
130
1233
139
-52
1028
352
77
254
892
336
-48
1347
-173
285
703
-21
192
626
570
201
374
769
301
-353
751
822
-95
315
557
541
218
-160
1012
-204
805
146
530
455
424
549
142
646
801
-317
736
1230
-304
230
1133
42
704
-101
504
827
-225
427
1003
-9
349
279
602
59
119
1258
-546
1199
605
-294
819
521
319
-13
1023
743
-139
514
1012
266
-352
681
861
-19
215
1077
-93
346
603
-92
833
-63
482
645
319
568
622
-83
524
804
-204
497
702
616
150
666
500
-54
758
84
599
-40
464
547
20
126
673
9
142
619
112
293
804
-85
386
728
39
166
755
474
316
-87
827
583
-243
306
1086
184
-167
994
237
239
565
216
537
528
219
551
398
606
385
215
554
713
147
349
727
70
367
551
194
394
402
396
355
92
581
-43
600
176
508
380
86
549
253
156
238
416
336
533
475
213
442
660
56
248
740
39
422
349
227
539
-229
631
519
126
333
828
-107
109
549
377
-91
462
260
478
523
-128
417
586
86
289
265
966
-214
382
629
421
36
195
722
110
524
144
359
349
716
136
8
1126
-145
354
695
20
83
649
606
240
324
544
638
189
785
189
274
721
454
568
244
542
594
349
441
188
401
560
605
113
498
347
532
290
396
505
124
625
282
638
-77
451
541
364
331
163
545
345
337
128
400
299
265
448
722
217
253
758
430
-203
477
155
373
531
218
99
573
540
-62
415
493
30
327
412
371
90
536
312
380
480
200
213
474
130
182
108
375
564
376
69
480
831
-238
266
763
311
24
575
590
81
306
754
-134
517
408
64
163
781
58
133
590
288
313
601
166
98
779
271
136
166
787
48
341
355
331
506
-22
608
553
-87
275
631
42
-25
637
281
142
676
-25
336
556
165
354
573
249
237
395
630
-139
461
578
221
454
276
359
332
266
425
432
70
227
323
340
-3
390
456
156
166
392
-19
282
363
269
258
565
380
3
484
448
-184
175
793
17
201
483
448
-172
320
522
-450
539
255
-90
426
377
-115
183
566
-115
362
472
8
301
482
218
233
536
-26
458
411
-170
431
332
-265
358
669
-82
-91
706
298
-238
424
222
122
402
130
270
157
360
386
155
503
237
209
133
367
316
62
252
409
211
110
403
96
41
437
255
107
17
432
318
232
89
190
375
-34
425
246
21
618
54
48
432
76
135
425
475
201
110
278
381
228
76
323
431
288
307
317
315
158
215
496
221
281
351
294
331
274
13
324
385
3
79
421
432
347
49
529
186
-146
291
305
-106
251
573
212
329
43
424
202
271
163
208
310
230
195
381
189
136
374
405
-65
261
240
272
59
325
158
96
129
415
526
172
394
437
443
247
21
376
229
288
222
397
418
171
359
219
264
-41
195
325
256
219
346
-131
397
302
83
201
475
323
160
268
328
451
13
312
488
143
188
294
345
102
-111
146
342
220
-69
459
379
182
148
244
192
103
209
198
332
284
174
298
179
165
28
88
286
107
54
234
213
193
117
165
257
72
70
174
108
252
149
296
224
308
203
203
302
356
212
149
339
363
-71
78
572
182
115
207
306
166
170
185
-56
153
130
183
155
301
143
96
101
158
127
-26
183
394
66
1
209
59
105
225
127
144
119
138
194
93
2
262
100
174
175
136
124
96
145
-31
-117
83
-1
200
68
180
284
-76
138
303
-38
-94
295
165
107
15
190
174
15
27
51
168
38
159
250
129
210
55
134
62
-77
152
66
86
85
38
53
-70
163
-26
-40
286
76
108
146
133
24
58
45
22
58
146
95
74
155
29
6
-8
97
-13
-30
126
151
70
145
188
64
16
182
-57
14
248
74
129
106
64
89
122
146
124
123
133
122
163
179
161
170
123
103
230
58
54
93
203
144
15
130
278
166
184
93
121
176
-63
65
163
49
54
27
260
106
-88
140
100
124
55
84
-11
149
45
-19
158
147
161
-18
147
-30
-76
86
122
8
80
136
118
34
235
90
114
5
-87
74
148
-35
-24
218
176
0
-52
65
130
-42
113
59
31
-12
71
192
40
171
95
146
83
101
-73
48
47
22
203
101
115
245
129
82
63
80
85
276
107
91
99
159
25
91
104
-4
96
22
159
126
51
116
112
110
-16
-22
114
126
70
155
67
88
85
54
-77
50
158
-87
127
187
64
96
-10
102
96
53
-42
101
166
-63
55
-22
88
-41
-53
177
98
154
43
-21
99
-4
-81
35
256
115
59
116
145
-100
-71
117
141
54
97
146
18
110
117
73
194
191
107
57
53
51
120
28
91
152
115
134
38
47
58
88
54
208
141
20
173
69
10
38
55
53
85
161
-18
149
178
52
113
28
15
96
74
157
111
185
196
121
88
71
9
-37
95
165
64
211
142
180
90
27
134
108
96
141
188
247
135
296
220
139
123
122
76
24
113
149
108
186
13
141
152
57
26
145
51
61
138
167
157
48
218
141
80
113
167
108
69
198
51
85
142
164
165
68
148
117
99
62
160
251
130
73
131
215
84
110
173
160
117
104
96
177
81
52
129
222
100
73
153
53
122
185
50
68
134
200
40
100
112
44
56
145
145
73
143
287
208
127
184
100
63
87
111
60
81
169
201
176
104
106
61
138
9
95
38
-11
140
104
146
22
65
88
109
23
22
-3
16
62
117
82
78
215
142
95
94
65
42
39
194
-1
52
166
42
67
109
34
-35
87
38
1
37
7
3
63
14
-45
-40
110
104
-25
-11
15
-35
-54
16
43
-34
-4
55
43
7
-52
34
-25
23
90
-86
26
-20
-59
-82
-85
-90
-57
39
-48
-30
-81
-77
19
38
-14
0
-22
14
15
-48
-3
-32
72
27
-10
52
-35
-63
-25
57
-7
-59
58
42
-63
-59
-84
-55
17
-19
-40
-10
-1
-5
-5
32
-6
-81
-5
-27
-13
-109
-51
15
-80
-10
-55
-3
-1
-62
-89
-45
-85
-94
-35
-24
-31
6
13
31
-25
-29
18
65
13
14
37
-66
-34
-11
19
-8
20
45
-20
-28
17
-14
-27
45
35
-20
-33
2
-9
-38
54
21
-6
9
-29
-42
-126
31
-6
-43
27
17
23
-79
-62
-12
-41
-33
-92
-40
-34
-18
-48
19
50
-70
-47
-118
-96
-88
-79
-38
-26
-28
-68
-3
-27
-86
-108
-85
-111
-133
-46
33
-52
-13
-14
-86
-80
-88
-110
-96
-88
-16
-68
-29
-5
-43
-9
-40
-52
-45
-41
-34
-88
-119
-45
-97
-77
10
11
33
-12
-30
-87
-105
-113
-126
-37
-18
28
8
-91
-61
-62
-107
-99
-87
27
9
2
22
-32
-54
-100
-132
-32
-34
-12
23
55
43
-47
-83
-48
-91
-118
-13
20
29
3
28
-29
-93
-44
-57
-31
16
15
-47
-32
3
-22
-27
21
24
-21
-18
-39
33
-17
13
33
26
20
-59
-33
15
-32
-23
-13
-31
-68
-67
-25
-108
-20
29
-67
1
-32
-55
-52
-112
-87
-65
-1
0
-34
22
-67
-74
-69
-114
-44
-21
-63
-31
-41
54
-7
-8
63
40
-33
-106
-37
-4
-30
20
58
43
34
-32
-55
-25
-34
-17
-37
3
-17
-27
-55
-11
11
-37
-47
-21
-31
-76
-92
-45
20
39
69
106
11
20
-28
-42
-35
-53
-34
37
39
13
-3
-18
-56
-71
-49
-116
-82
-74
-55
4
3
12
26
32
-25
-94
-39
-66
-41
-2
21
-25
1
15
-18
-40
-61
-54
-74
-77
-88
-57
-13
29
14
-33
30
-66
-119
-81
-82
-83
-63
-33
3
-44
-70
-43
-79
-65
-81
-35
-30
-4
-9
-42
-6
-35
-36
-32
-11
-23
-39
-9
-19
-2
-12
-44
-2
38
17
4
-11
33
53
-29
19
3
2
-7
20
45
-12
54
31
-9
-18
-53
-1
-30
43
89
23
61
57
26
-16
-13
-41
-25
42
53
35
85
72
19
-31
-54
-42
-15
27
20
36
5
-14
-26
-51
-6
-67
-74
-49
-30
-67
-34
-10
-12
-15
-53
-64
-77
-70
-94
-32
1
-42
30
16
-12
-9
-59
-27
-29
-49
-25
26
17
25
0
-7
8
-59
-48
-66
-77
-65
-56
-55
-30
-10
-60
-78
-66
-23
-34
-59
8
20
21
-35
-22
-2
-41
-80
-82
-44
-33
-45
-56
-34
-34
-60
-112
-69
-51
-52
-57
-92
-23
-54
-109
-59
-31
-31
-27
-14
-28
-27
-94
-94
-53
-71
-101
-52
-23
7
12
-22
-2
-48
-70
-53
-60
-33
-50
-28
-30
-17
-42
-75
-62
-56
-63
-27
-11
20
69
18
-40
-11
-23
-72
-37
-14
-38
-28
-30
-74
-37
-54
-114
-102
-98
-91
-114
-91
-55
-35
-50
-13
7
-21
-28
-67
-91
-84
-88
-90
-52
-36
-50
-12
-34
-59
-32
-35
-57
-41
-55
-67
-52
-65
-59
7
0
-17
5
-1
-49
-85
-70
-36
-66
-74
-39
22
6
-39
-28
-63
-66
-91
-95
-87
-64
-28
-56
-43
-61
-89
-103
-81
-67
-77
-69
-37
-51
-53
-46
-81
-94
-82
-107
-126
-96
-80
-61
-27
-24
-58
-66
-85
-125
-125
-115
-84
-94
-25
-34
-62
-30
-91
-37
-77
-78
-78
-117
-84
-86
-28
-45
-32
-38
-60
-72
-117
-91
-88
-95
-53
-48
-72
-67
-22
-56
-60
-45
-70
-69
-49
-73
-86
-91
-86
-107
-114
-84
-128
-100
-46
-88
-77
-105
-124
-119
-139
-121
-96
-96
-97
-90
-76
-103
-86
-88
-92
-71
-84
-104
-69
-39
-53
-45
-44
-86
-77
-71
-105
-98
-87
-73
-125
-113
-77
-125
-123
-66
-73
-67
-62
-93
-101
-62
-88
-131
-96
-87
-106
-85
-96
-135
-140
-134
-126
-131
-121
-62
-73
-94
-57
-82
-111
-101
-105
-96
-100
-88
-80
-35
-63
-71
-76
-105
-95
-106
-121
-126
-88
-78
-97
-82
-79
-85
-87
-126
-126
-105
-122
-102
-87
-95
-97
-80
-90
-101
-115
-120
-92
-92
-101
-100
-85
-90
-94
-92
-65
-90
-106
-108
-109
-107
-123
-134
-113
-110
-145
-157
-146
-137
-134
-117
-109
-122
-134
-121
-148
-145
-98
-108
-94
-79
-85
-125
-165
-158
-156
-142
-136
-133
-82
-71
-60
-58
-87
-85
-96
-124
-121
-90
-98
-94
-35
-58
-81
-72
-102
-128
-114
-136
-146
-131
-106
-103
-67
-72
-73
-58
-74
-118
-149
-161
-169
-140
-113
-72
-66
-68
-48
-61
-90
-129
-116
-102
-108
-104
-97
-59
-57
-85
-93
-105
-116
-144
-162
-124
-122
-141
-120
-85
-95
-129
-124
-121
-141
-148
-153
-152
-152
-159
-139
-143
-127
-134
-142
-133
-159
-169
-167
-152
-144
-133
-97
-122
-131
-127
-142
-151
-188
-197
-181
-166
-139
-132
-137
-117
-124
-182
-192
-179
-190
-178
-160
-168
-134
-134
-162
-172
-153
-184
-214
-158
-151
-153
-141
-151
-159
-184
-204
-194
-203
-187
-165
-142
-153
-174
-159
-171
-172
-170
-177
-158
-158
-160
-167
-168
-159
-178
-166
-179
-179
-176
-191
-175
-171
-208
-220
-214
-220
-226
-228
-200
-176
-181
-178
-201
-211
-232
-237
-247
-242
-214
-199
-164
-155
-190
-179
-183
-206
-219
-208
-202
-222
-196
-195
-178
-183
-187
-177
-188
-186
-209
-223
-217
-209
-203
-206
-187
-178
-183
-169
-155
-169
-180
-182
-186
-180
-183
-191
-178
-163
-174
-174
-175
-178
-172
-177
-183
-184
-179
-176
-181
-176
-173
-174
-187
-171
-163
-172
-171
-172
-170
-177
-166
-160
-166
-166
-171
-181
-198
-196
-204
-202
-208
-197
-180
-191
-179
-186
-187
-201
-194
-198
-210
-181
-184
-178
-172
-175
-150
-164
-189
-189
-187
-197
-184
-194
-192
-183
-182
-195
-204
-201
-210
-205
-210
-229
-221
-219
-187
-185
-182
-157
-175
-193
-210
-224
-235
-220
-213
-195
-170
-172
-180
-178
-172
-200
-219
-226
-215
-215
-226
-212
-215
-198
-190
-187
-187
-200
-207
-231
-244
-249
-244
-239
-214
-195
-185
-168
-184
-185
-200
-218
-232
-235
-234
-217
-200
-208
-182
-169
-172
-194
-197
-223
-250
-250
-255
-234
-219
-208
-199
-204
-210
-236
-245
-253
-258
-242
-216
-213
-203
-185
-195
-191
-207
-221
-208
-215
-217
-211
-197
-199
-195
-185
-189
-194
-196
-205
-209
-215
-230
-226
-213
-208
-203
-195
-194
-200
-207
-218
-217
-221
-233
-223
-216
-212
-223
-214
-214
-207
-188
-216
-212
-208
-223
-236
-233
-215
-216
-215
-213
-201
-215
-232
-229
-235
-236
-236
-229
-222
-211
-213
-230
-212
-204
-217
-208
-205
-208
-210
-209
-225
-226
-216
-230
-225
-220
-216
-207
-207
-193
-203
-212
-211
-223
-219
-226
-230
-210
-196
-177
-171
-184
-178
-177
-200
-215
-223
-212
-216
-226
-243
-225
-216
-235
-228
-230
-232
-241
-255
-249
-245
-248
-251
-252
-228
-234
-248
-215
-226
-237
-231
-231
-231
-221
-213
-223
-216
-214
-230
-232
-232
-235
-233
-242
-258
-264
-271
-279
-276
-270
-265
-265
-254
-243
-247
-256
-258
-251
-255
-252
-257
-248
-242
-243
-247
-251
-244
-244
-248
-250
-263
-266
-253
-256
-258
-248
-239
-240
-235
-236
-238
-247
-250
-252
-250
-257
-262
-247
-243
-245
-239
-249
-257
-255
-266
-278
-278
-274
-266
-259
-254
-255
-251
-251
-260
-262
-265
-267
-272
-274
-263
-257
-249
-245
-247
-242
-254
-275
-285
-284
-290
-288
-275
-268
-258
-257
-249
-252
-266
-282
-298
-305
-307
-298
-284
-264
-245
-234
-238
-237
-255
-264
-277
-285
-280
-285
-275
-260
-260
-252
-250
-257
-263
-264
-269
-287
-292
-297
-308
-310
-306
-296
-277
-249
-240
-242
-240
-251
-264
-271
-272
-274
-269
-251
-248
-244
-237
-244
-267
-282
-296
-319
-330
-329
-319
-304
-285
-269
-263
-262
-264
-267
-273
-276
-279
-278
-273
-269
-269
-261
-250
-250
-248
-250
-267
-283
-292
-301
-309
-309
-298
-282
-267
-258
-258
-270
-286
-298
-311
-324
-326
-324
-304
-280
-279
-267
-259
-266
-278
-298
-313
-318
-315
-312
-302
-290
-281
-272
-272
-279
-293
-305
-314
-325
-329
-320
-306
-288
-268
-257
-248
-261
-272
-281
-290
-297
-304
-305
-292
-283
-285
-280
-266
-269
-269
-268
-277
-281
-285
-289
-292
-287
-290
-287
-278
-270
-271
-273
-268
-275
-284
-296
-302
-301
-295
-283
-276
-272
-263
-266
-281
-291
-296
-305
-306
-306
-303
-292
-292
-282
-278
-282
-286
-294
-296
-298
-291
-281
-275
-267
-270
-272
-285
-294
-302
-308
-315
-318
-315
-311
-307
-300
-298
-310
-319
-329
-332
-327
-325
-308
-296
-294
-296
-296
-299
-308
-311
-308
-305
-311
-308
-311
-312
-300
-311
-309
-305
-310
-309
-320
-323
-327
-330
-326
-326
-323
-323
-317
-314
-314
-310
-314
-313
-312
-313
-304
-305
-302
-293
-295
-301
-310
-318
-312
-313
-316
-320
-315
-314
-318
-318
-322
-315
-311
-314
-312
-309
-307
-313
-312
-305
-303
-303
-303
-302
-304
-313
-315
-313
-305
-298
-303
-306
-300
-305
-311
-315
-323
-326
-321
-325
-330
-321
-313
-308
-310
-307
-304
-313
-317
-323
-327
-323
-324
-322
-322
-319
-323
-322
-327
-325
-325
-321
-310
-317
-319
-322
-322
-324
-326
-326
-331
-328
-324
-325
-333
-331
-329
-321
-322
-327
-322
-321
-321
-325
-322
-323
-319
-322
-325
-330
-330
-331
-335
-332
-328
-326
-325
-326
-332
-335
-343
-345
-346
-345
-343
-338
-333
-327
-321
-318
-326
-331
-335
-341
-340
-347
-347
-349
-346
-340
-339
-331
-332
-341
-345
-346
-350
-350
-340
-333
-332
-329
-329
-328
-325
-324
-334
-340
-340
-346
-346
-343
-336
-328
-322
-318
-318
-325
-330
-333
-341
-346
-347
-343
-339
-332
-327
-333
-338
-342
-344
-358
-365
-361
-360
-357
-353
-351
-350
-345
-348
-354
-357
-358
-357
-360
-360
-357
-357
-355
-352
-354
-353
-350
-349
-350
-355
-354
-352
-355
-346
-341
-341
-340
-344
-350
-364
-368
-378
-385
-377
-380
-376
-364
-355
-353
-353
-349
-351
-353
-351
-353
-353
-354
-351
-351
-356
-354
-349
-349
-350
-350
-345
-347
-345
-352
-362
-363
-368
-371
-375
-372
-365
-364
-358
-357
-360
-365
-370
-369
-369
-366
-359
-356
-349
-344
-340
-342
-346
-350
-355
-360
-364
-366
-366
-360
-362
-365
-362
-363
-366
-366
-369
-370
-369
-368
-367
-365
-359
-355
-355
-355
-353
