23
23
21
21
21
23
24
24
24
23
24
22
25
24
25
25
25
26
24
23
23
25
27
26
26
25
27
28
29
30
30
30
30
30
29
30
31
30
30
30
30
32
33
34
33
31
31
31
31
32
33
34
34
34
33
33
33
32
32
31
31
30
30
31
32
31
31
31
31
29
29
29
29
28
28
27
28
28
29
29
29
28
27
29
28
30
30
30
31
31
32
30
30
30
29
30
32
32
33
34
34
34
33
34
34
33
34
34
35
34
35
35
34
34
32
33
33
33
33
33
32
32
33
33
32
31
31
31
31
29
30
31
31
30
29
30
32
32
31
31
31
30
30
30
30
32
33
31
31
31
33
33
31
28
28
27
27
27
27
27
28
28
27
28
28
28
28
28
28
28
26
28
28
26
26
26
27
27
28
30
29
27
27
27
28
27
27
25
24
27
27
25
24
24
24
25
25
25
25
24
24
22
21
22
23
24
23
23
23
24
24
25
24
23
22
20
21
22
22
21
20
20
21
20
19
19
18
18
18
17
18
19
18
18
18
17
18
19
17
19
19
20
20
21
20
18
18
19
20
21
22
21
20
20
21
21
20
20
20
19
21
22
23
23
21
20
19
20
21
20
20
18
17
19
20
20
19
19
17
17
16
16
16
16
17
18
15
15
15
15
15
15
15
15
14
14
14
15
13
14
14
14
14
13
14
15
14
15
14
13
14
14
15
15
15
13
15
15
13
14
15
15
15
14
14
14
14
15
15
14
16
15
15
15
14
11
10
11
12
13
11
12
11
10
9
9
9
8
9
8
9
11
11
13
12
12
10
10
10
9
11
11
10
11
12
12
13
12
12
11
12
13
13
11
11
11
13
13
12
13
14
14
13
12
11
12
13
11
12
11
11
12
13
13
12
12
14
12
12
11
12
14
13
12
12
13
14
13
12
12
14
13
13
13
12
12
12
12
11
12
12
10
9
10
10
8
9
9
9
9
9
9
10
10
11
12
11
10
10
9
9
10
10
12
12
12
10
11
12
14
15
13
14
15
15
16
16
17
17
17
17
17
17
17
16
16
16
17
16
15
15
15
17
16
16
17
18
18
16
15
15
13
13
14
14
16
16
17
17
16
17
17
16
17
18
18
18
17
16
16
17
17
18
17
17
16
15
15
14
13
12
11
12
12
11
10
10
10
11
11
11
12
11
11
11
11
11
12
11
13
14
14
15
15
15
14
13
12
11
12
12
13
13
14
13
13
14
14
13
11
11
12
14
14
14
11
10
10
11
11
12
13
12
11
9
10
11
11
11
11
12
11
11
11
11
12
12
12
14
14
16
17
15
14
14
14
13
13
12
13
11
12
12
11
13
11
10
11
11
13
12
12
11
12
14
14
13
13
14
14
14
15
15
14
13
12
12
13
12
12
13
14
12
11
13
15
16
17
18
19
17
16
16
18
18
17
15
13
12
11
11
11
12
10
9
9
8
9
8
7
6
6
5
6
5
7
6
6
8
7
7
7
8
6
8
8
7
7
8
9
9
10
10
9
8
8
8
8
10
10
10
9
8
9
8
7
8
9
9
8
8
8
6
5
6
4
5
6
6
5
7
6
6
5
5
5
5
6
5
4
5
5
5
6
6
6
6
5
4
5
6
5
5
4
4
5
7
6
6
7
7
6
5
4
4
5
6
5
4
5
5
5
5
6
7
6
6
7
6
6
6
6
6
4
5
4
3
4
5
5
6
7
6
6
7
7
7
6
8
8
7
7
7
7
7
7
6
5
6
5
5
6
6
4
3
2
1
1
2
1
1
2
2
2
4
3
2
3
2
2
2
3
4
4
2
4
4
3
3
5
5
5
6
7
6
7
9
8
7
5
6
6
6
7
7
8
8
7
6
5
5
5
5
6
8
7
7
7
6
4
6
5
5
4
3
3
6
7
6
7
8
9
9
10
8
8
8
8
6
5
6
5
6
6
6
7
7
7
5
4
4
4
5
4
5
5
6
6
5
7
8
8
8
8
7
7
6
6
5
6
7
8
8
9
9
8
8
9
11
11
10
10
10
9
10
10
10
11
10
9
8
9
10
10
8
5
5
4
4
5
6
5
5
6
6
6
5
6
5
6
7
6
6
5
5
5
6
6
7
6
5
3
5
6
7
7
8
5
4
4
6
8
7
9
9
10
11
10
10
9
9
9
9
9
10
9
9
8
9
9
11
10
10
8
8
7
8
8
6
6
6
6
7
9
10
9
8
8
7
7
8
9
8
8
8
8
7
9
8
9
10
10
10
9
8
6
7
6
6
8
9
8
8
8
7
6
6
5
5
5
6
7
8
8
7
8
8
10
10
8
6
6
7
7
7
6
8
6
6
4
4
7
6
6
5
6
7
8
7
6
7
8
10
10
9
8
7
8
8
8
9
8
7
7
7
7
8
8
8
6
4
5
7
7
6
7
5
4
5
5
5
5
4
5
4
5
6
6
6
6
5
5
6
9
10
9
9
8
8
8
8
9
10
11
10
10
8
7
6
6
6
6
7
7
8
8
8
7
7
6
7
7
8
10
11
12
11
10
9
8
9
9
9
8
9
8
8
9
8
8
10
8
8
9
8
8
9
9
10
9
7
5
7
8
8
7
6
6
5
7
6
6
7
7
7
6
5
5
7
7
8
7
6
7
8
9
9
8
7
7
7
9
9
10
10
10
9
9
9
7
8
7
8
8
9
10
11
11
11
9
8
8
9
9
8
7
7
8
8
8
8
7
7
8
9
10
10
10
10
10
7
7
7
6
6
7
8
8
10
10
8
7
6
5
7
9
10
9
9
10
11
12
12
14
14
13
13
12
12
12
11
11
12
12
13
12
13
13
12
12
12
12
11
11
12
13
14
16
16
15
14
14
14
13
13
13
13
14
14
12
12
10
10
12
12
14
14
14
13
14
17
20
19
19
18
18
16
16
16
16
17
16
16
17
17
16
16
15
16
15
15
13
12
13
15
15
15
15
16
15
16
14
14
16
16
17
16
14
15
13
15
15
14
15
16
14
15
16
15
14
14
15
16
16
16
16
17
16
15
15
15
14
14
14
12
11
11
12
11
9
8
7
9
9
10
9
10
9
10
9
9
9
8
7
7
7
10
12
13
11
11
11
12
12
13
14
15
14
13
13
15
16
16
15
13
12
12
12
11
12
12
12
10
12
13
11
12
13
13
13
13
14
15
14
13
12
12
12
10
9
10
11
12
12
11
11
11
12
12
11
11
12
12
14
14
13
12
11
12
13
14
14
13
11
11
10
8
10
10
11
11
11
9
10
11
9
10
10
10
11
12
13
11
10
10
10
10
11
11
9
10
7
7
8
10
10
9
8
8
8
7
7
6
8
8
10
10
10
9
9
11
9
8
8
9
9
6
6
6
6
7
8
9
9
9
9
9
10
9
8
8
9
8
8
10
11
11
11
11
12
10
11
11
12
12
14
14
13
15
15
14
15
15
15
15
15
13
13
13
13
12
11
10
11
11
11
10
10
11
12
12
12
12
12
12
12
11
10
11
11
11
12
13
11
9
8
7
10
10
10
9
9
8
7
8
8
8
10
8
8
9
9
8
7
6
5
5
6
6
5
5
4
5
4
6
6
6
5
4
5
5
5
6
5
4
3
2
3
4
4
4
3
4
4
1
0
2
4
5
4
2
3
4
4
4
5
4
3
4
4
5
6
6
5
2
-1
1
2
4
5
5
5
3
3
2
3
4
5
4
4
4
4
6
7
8
7
6
6
5
6
8
7
7
6
5
5
5
6
7
7
7
7
7
6
6
7
5
4
7
7
7
7
7
4
4
3
3
4
4
4
4
3
2
1
1
2
2
5
4
3
2
1
0
2
3
2
1
1
2
4
4
4
4
4
5
4
4
5
5
4
4
3
5
4
4
4
4
5
5
4
2
3
3
2
0
0
0
2
1
0
0
0
1
1
-1
-3
-2
0
1
1
1
0
-1
1
1
0
1
1
0
-1
-2
-2
-2
-1
0
0
-1
-1
0
0
1
1
3
4
4
2
1
0
1
1
3
4
6
6
5
4
4
3
3
3
4
5
3
3
2
2
3
4
3
4
2
2
2
1
1
2
4
5
4
2
1
1
3
3
2
1
0
1
2
0
1
1
0
1
0
0
1
1
0
-1
-1
0
-1
-1
1
1
0
2
1
2
3
3
3
2
2
4
4
4
3
3
4
4
4
4
6
5
6
5
6
5
4
4
3
3
6
7
6
8
6
5
4
6
5
5
6
5
4
4
4
3
3
2
2
1
1
1
-1
-1
0
0
-1
-2
-2
0
1
2
2
1
-1
1
1
1
0
1
2
2
3
3
3
4
5
4
2
1
3
3
3
3
3
3
4
4
4
6
7
7
5
3
4
5
6
5
6
6
6
5
5
4
5
5
5
6
6
6
7
8
9
7
7
7
8
8
8
9
10
9
8
7
7
10
10
10
8
8
8
9
9
11
10
9
8
7
8
8
8
7
7
5
5
5
7
7
6
8
8
8
9
9
9
9
9
9
9
10
11
12
13
12
10
9
10
9
8
8
8
7
6
7
8
8
8
8
7
7
7
4
5
5
6
5
4
3
5
6
6
4
5
5
5
4
5
6
7
6
6
5
5
7
8
8
8
9
8
9
11
10
9
8
8
7
8
10
11
10
10
9
10
11
11
10
10
10
10
10
10
10
12
12
12
12
12
14
13
12
11
11
12
11
10
10
10
10
11
12
12
13
13
11
11
14
12
13
11
10
10
11
11
10
10
9
9
9
10
10
9
8
7
7
7
7
7
6
6
6
5
5
6
5
4
2
1
0
1
3
3
3
3
4
5
5
7
6
5
4
4
4
5
6
7
7
6
7
5
7
6
5
6
5
7
7
8
7
7
7
6
5
5
5
6
6
6
5
4
5
4
6
4
4
5
5
6
6
5
6
5
3
5
3
4
4
6
6
7
6
4
3
2
2
4
5
5
4
2
3
3
5
4
5
5
5
6
5
4
4
4
4
3
2
3
4
3
3
3
3
2
0
0
-1
0
0
1
0
0
-1
-3
-4
-3
-3
-6
-6
-6
-5
-4
-4
-5
-4
-3
-2
-2
-3
-4
-3
-4
-3
-3
0
-1
-2
-4
-4
-5
-6
-6
-7
-7
-8
-7
-7
-5
-6
-6
-7
-8
-8
-7
-7
-8
-6
-5
-5
-5
-5
-5
-5
-7
-7
-7
-6
-5
-3
-5
-4
-4
-5
-4
-5
-5
-4
-5
-6
-6
-4
-2
-2
-2
-4
-5
-4
-3
-5
-2
-2
-1
-1
-3
-4
-3
-4
-3
-3
-4
-2
-2
-2
-3
-4
-5
-5
-3
-5
-5
-5
-5
-4
-4
-4
-3
-2
-1
-3
-4
-5
-4
-3
-3
-4
-5
-5
-5
-3
-4
-6
-5
-5
-3
-4
-5
-6
-5
-4
-4
-6
-6
-7
-6
-4
-5
-7
-8
-6
-5
-5
-7
-7
-7
-7
-7
-8
-7
-8
-6
-5
-6
-6
-6
-4
-4
-5
-4
-5
-6
-5
-6
-6
-6
-6
-6
-7
-7
-7
-7
-7
-7
-6
-6
-6
-6
-6
-5
-4
-5
-6
-5
-6
-6
-7
-8
-8
-7
-7
-5
-4
-5
-6
-7
-7
-6
-7
-7
-6
-5
-5
-4
-3
-2
-1
-3
-4
-4
-3
-4
-4
-3
-2
-1
-2
-3
-3
-3
-4
-3
-4
-5
-4
-4
-4
-3
-4
-3
-4
-4
-4
-2
-1
-2
-2
-3
-3
-3
-4
-3
-5
-5
-4
-4
-5
-5
-4
-3
-2
-2
-3
-3
-1
0
0
0
0
0
0
-1
-1
1
1
1
1
2
2
2
2
3
2
3
2
1
4
4
4
3
3
2
2
2
2
2
3
3
2
2
2
1
2
2
3
3
2
2
2
3
1
2
2
2
3
2
2
0
0
-1
-1
0
0
2
2
1
1
1
2
2
3
3
3
2
3
4
5
6
5
3
3
4
4
3
3
4
4
4
2
2
3
4
5
7
7
7
7
7
6
7
8
7
7
7
7
8
8
8
8
8
7
3
3
4
4
6
5
6
6
7
5
6
4
5
3
5
5
5
6
7
7
6
7
6
7
7
7
9
9
8
9
8
8
6
5
4
5
6
6
7
7
6
5
6
6
8
9
10
9
9
10
11
12
11
11
11
11
11
12
11
9
9
8
8
9
10
10
9
9
8
8
9
9
9
11
10
11
10
10
10
10
10
10
10
9
8
9
8
8
8
7
6
7
6
6
7
7
7
8
9
10
10
11
12
11
11
10
11
12
13
12
12
13
12
11
11
10
10
10
11
10
10
11
11
11
11
12
14
14
15
14
15
15
13
14
15
13
13
11
10
11
11
11
11
10
12
12
12
11
10
10
10
11
12
12
12
11
10
11
12
12
12
11
11
11
10
9
8
9
9
9
8
8
8
9
7
7
8
9
10
11
11
9
8
10
11
11
10
10
10
9
11
12
11
10
9
7
7
9
10
9
10
11
10
10
10
10
10
10
10
8
10
10
10
11
10
8
10
10
10
9
9
10
11
10
8
8
8
8
7
7
8
10
10
9
8
7
7
8
8
10
9
8
8
9
10
11
10
9
11
11
10
10
9
10
10
9
8
8
8
8
10
10
11
11
10
8
8
9
10
8
10
13
13
12
11
9
8
6
6
6
8
8
10
10
9
8
9
9
10
10
9
11
12
13
14
14
13
11
11
11
12
12
12
11
9
9
10
9
8
7
6
7
7
8
8
9
8
7
7
7
7
8
8
9
9
9
11
10
9
10
9
10
9
8
8
6
7
8
8
8
8
8
8
7
7
9
8
6
7
6
7
7
6
6
7
6
6
6
4
4
4
6
5
5
5
4
4
3
3
3
5
5
3
4
4
4
5
4
3
3
4
4
4
4
4
5
5
5
5
4
3
3
4
4
4
4
4
5
4
4
3
1
3
2
4
4
4
5
5
6
5
5
6
3
4
4
3
3
5
4
3
4
5
5
5
5
5
5
6
5
5
7
7
7
7
6
6
7
9
7
6
5
4
4
4
5
6
7
8
9
8
7
6
6
5
6
5
5
6
5
5
6
7
7
7
7
5
5
5
4
2
0
1
1
3
4
5
4
1
1
0
1
2
3
4
4
2
1
2
3
3
2
2
2
3
4
2
0
2
2
3
2
4
4
5
6
7
6
6
5
5
5
5
5
4
3
4
5
5
5
4
4
4
2
1
2
3
4
3
2
1
3
1
2
2
2
3
3
2
1
4
4
3
3
3
4
4
4
3
3
3
2
4
4
7
7
5
5
5
5
5
4
4
4
4
4
4
4
4
4
3
3
3
3
4
3
3
3
5
5
3
2
1
3
4
5
6
5
5
5
4
3
3
2
4
4
5
6
5
4
5
4
4
3
2
3
3
3
1
3
3
3
3
1
3
4
4
4
4
3
2
2
3
3
5
4
4
3
3
3
3
3
3
2
2
1
0
1
2
1
1
2
1
1
1
2
1
1
2
1
3
1
0
0
0
1
3
3
2
2
3
2
2
2
0
0
1
2
3
5
4
4
3
2
1
1
1
1
-1
-1
-2
-1
-1
-2
-2
0
2
4
3
2
0
1
1
2
3
2
1
0
1
3
2
2
1
0
0
0
2
3
2
4
5
4
3
3
3
4
2
3
2
2
2
1
0
0
2
2
1
0
0
0
0
-1
-3
-3
-1
-3
-1
-1
-1
0
-1
-1
-3
-4
-4
-5
-4
-2
-3
-2
-2
-2
-3
-2
-2
-1
-1
-1
-3
-2
-1
-1
0
-1
-1
-2
-4
-3
-2
-1
0
-2
-3
-4
-4
-4
-4
-3
0
0
-2
-3
-4
-3
-4
-3
-5
-5
-5
-4
-5
-6
-7
-5
-4
-4
-4
-5
-5
-6
-6
-8
-9
-6
-5
-5
-6
-6
-4
-4
-4
-3
-5
-3
-1
-2
-3
-2
-3
-2
-2
-2
-2
-2
0
-1
-3
-4
-5
-3
-2
-2
-3
-4
-6
-5
-6
-3
-3
-2
-3
-2
-2
-3
-3
-3
-2
-2
-3
-2
-2
-3
-2
-1
-1
-1
-1
-2
-3
-4
-3
-3
-2
-1
0
1
1
2
1
1
-1
0
1
1
2
2
1
0
0
-1
-1
1
2
0
0
-3
-3
-2
0
0
0
-1
-2
0
0
0
-1
0
1
0
1
-1
-1
-1
2
2
1
1
-1
0
-1
0
1
2
2
1
0
-1
-1
-1
0
0
-2
-2
-1
0
0
0
1
2
1
1
2
2
2
1
0
1
2
0
0
-1
-1
1
4
5
5
5
4
4
4
5
4
4
4
3
4
5
5
6
5
4
4
3
5
5
5
4
3
3
4
4
5
6
6
7
6
6
6
4
4
3
4
4
5
4
4
3
3
3
5
4
3
2
2
3
4
2
1
3
2
4
3
2
0
0
-1
0
-1
-1
-1
0
-1
-1
-1
-1
-2
-2
-4
-5
-6
-5
-5
-5
-6
-6
-5
-6
-6
-8
-8
-6
-6
-5
-4
-5
-6
-6
-5
-6
-6
-6
-7
-8
-7
-7
-8
-8
-9
-9
-9
-9
-7
-8
-8
-8
-7
-7
-7
-7
-7
-9
-9
-10
-10
-9
-8
-8
-9
-8
-9
-9
-9
-10
-9
-9
-8
-8
-7
-5
-5
-6
-7
-5
-4
-4
-6
-7
-8
-8
-8
-6
-7
-7
-7
-7
-7
-7
-6
-6
-7
-8
-7
-9
-12
-13
-12
-10
-9
-9
-10
-11
-11
-11
-12
-12
-11
-10
-8
-9
-11
-10
-9
-9
-8
-9
-9
-8
-7
-7
-7
-7
-6
-7
-7
-9
-10
-11
-9
-9
-7
-8
-8
-9
-8
-6
-6
-7
-8
-9
-9
-9
-10
-9
-10
-8
-8
-9
-10
-10
-9
-10
-9
-9
-8
-8
-8
-8
-8
-8
-8
-7
-7
-7
-7
-7
-8
-8
-9
-8
-9
-8
-8
-6
-6
-6
-7
-7
-6
-5
-5
-5
-6
-5
-5
-4
-3
-2
-2
-2
-3
-2
-2
-1
-1
-1
-1
-1
0
2
1
2
1
3
2
1
3
5
5
6
5
4
4
5
4
4
5
5
5
3
2
2
3
3
2
1
1
1
2
2
2
1
1
2
2
1
1
2
3
3
3
3
4
3
4
4
4
5
5
5
7
7
7
7
7
8
9
9
7
8
9
8
8
10
8
10
9
10
10
10
12
10
10
10
10
10
11
13
13
12
9
9
11
10
9
8
7
8
9
9
10
11
12
12
10
11
12
14
16
15
14
13
12
13
14
15
16
16
17
18
18
17
16
17
18
17
17
16
16
17
17
17
18
17
17
17
16
16
16
17
17
17
17
17
19
19
18
18
19
18
19
22
20
20
19
19
18
19
19
19
17
17
20
23
23
23
23
22
20
18
18
20
21
20
20
20
20
22
22
20
21
21
23
21
22
22
23
23
25
25
24
23
23
22
22
23
25
27
26
24
23
21
21
23
22
21
21
22
22
22
21
20
20
19
20
18
17
17
17
18
19
15
15
16
16
18
18
18
18
19
18
17
18
18
18
18
17
17
17
18
20
21
19
18
17
17
16
17
17
16
16
16
16
16
18
18
17
17
15
16
17
15
15
14
15
15
15
15
15
14
15
14
15
15
14
15
13
12
12
13
13
14
15
14
13
14
16
14
13
12
11
12
11
13
13
13
13
14
14
15
15
13
13
13
13
14
13
13
12
14
14
12
13
14
15
16
14
13
14
13
11
10
13
13
16
15
15
13
11
11
12
12
13
13
12
11
11
10
10
10
11
9
9
9
9
11
11
8
8
7
7
9
9
9
10
9
7
8
8
8
9
9
7
6
5
7
7
7
9
7
6
7
7
7
6
8
9
7
7
7
8
10
10
10
8
8
9
9
9
10
9
7
7
8
10
11
10
10
9
8
9
11
11
11
9
9
9
10
10
10
8
6
6
5
7
8
8
8
9
9
10
11
12
13
14
13
13
13
13
13
12
12
13
13
12
11
11
11
11
12
13
14
12
12
14
13
12
13
14
14
14
14
12
13
13
13
11
11
11
10
11
9
10
10
12
11
11
10
9
9
10
11
10
10
11
12
11
11
9
9
9
9
10
9
8
10
10
10
10
8
9
9
9
9
9
10
11
12
12
11
11
11
10
8
10
12
13
14
14
11
10
10
9
7
8
10
10
9
8
8
8
9
8
6
6
7
6
7
6
6
7
7
7
5
5
7
6
6
5
4
4
5
5
5
5
6
5
5
5
6
6
5
5
5
3
4
5
5
5
4
5
4
4
5
5
5
5
3
4
5
5
5
5
3
2
1
2
3
4
4
4
4
3
2
0
1
0
-1
0
0
0
0
1
3
3
2
2
3
2
1
1
0
1
1
2
1
0
0
-1
-1
-1
-2
-1
-1
1
2
2
1
1
1
-1
-2
0
-1
-1
2
2
4
1
0
-1
-1
-1
0
0
-1
0
-1
-1
0
0
-1
0
-1
0
0
-2
-2
-3
-1
0
0
-1
-3
-2
-1
-1
-1
-1
-1
-1
-1
-2
-2
-4
-5
-4
-5
-7
-5
-4
-4
-4
-4
-4
-4
-3
-4
-5
-4
-4
-3
-3
-3
-2
-2
-1
-1
-2
-2
-3
-3
-3
-3
-2
-3
-1
-2
-2
-2
0
0
1
-1
-2
-2
-2
-2
-2
-2
-2
-1
-3
-4
-5
-3
-3
-3
-4
-5
-4
-5
-5
-4
-4
-5
-4
-4
-4
-4
-2
-4
-4
-4
-4
-4
-2
-2
-3
-3
-2
1
1
2
1
2
3
3
2
1
1
2
2
1
1
2
2
3
2
1
1
1
2
2
3
2
1
2
0
0
-1
1
1
1
1
1
2
0
-2
-3
-2
-1
1
2
1
2
0
3
3
4
1
1
0
1
2
2
2
1
2
-1
1
0
0
0
1
1
0
1
1
2
2
1
3
5
6
6
7
7
6
6
4
4
6
7
8
8
7
7
6
7
8
9
9
9
10
9
10
12
14
15
14
13
12
13
14
13
13
12
10
11
11
12
12
13
14
13
14
13
13
15
16
15
14
14
16
16
17
17
15
14
15
16
15
16
15
14
15
16
17
17
15
15
16
15
14
14
15
15
14
14
14
13
13
13
14
13
14
14
13
12
12
12
12
11
11
13
11
11
12
12
12
13
12
12
12
14
15
15
16
16
14
13
12
13
13
13
13
13
13
14
15
14
12
11
12
13
15
16
17
16
15
14
14
14
15
15
15
15
14
14
14
13
13
14
13
15
15
14
14
12
14
14
15
14
14
12
12
12
12
12
12
14
13
14
13
15
15
15
15
16
16
17
16
14
15
15
15
16
15
15
16
17
17
16
16
13
13
13
14
16
17
16
14
12
11
12
13
12
11
11
9
9
9
8
8
7
6
5
6
7
6
6
6
6
5
4
3
4
6
6
5
4
5
4
2
3
3
4
4
4
2
1
1
1
1
2
1
0
0
0
2
2
2
2
2
0
-1
-2
1
2
1
0
-1
1
1
0
-1
-1
1
2
3
3
2
2
0
-1
-2
-1
1
1
2
0
1
2
3
3
3
2
2
0
1
3
3
3
3
1
2
3
4
4
4
2
1
1
0
1
0
0
1
1
1
1
-1
-1
-1
0
0
1
1
1
1
1
1
0
-1
0
0
1
1
0
-1
-1
0
0
-1
-2
-1
0
-1
0
0
1
1
0
-1
-2
-1
0
-1
-3
-3
-2
0
0
1
1
1
1
0
-1
-1
1
0
-1
-2
-3
-2
0
1
2
1
1
1
-1
-1
-2
-1
-3
-1
-1
-1
-1
0
1
-1
-2
-2
-2
0
0
0
0
-1
-2
-4
-2
-1
1
-1
-2
-2
0
-1
0
1
0
0
0
0
1
3
2
2
2
1
0
2
4
4
5
4
4
4
5
4
5
4
4
4
4
4
5
4
3
2
2
1
2
2
0
0
1
0
1
1
1
3
3
2
2
2
1
1
1
3
3
5
4
2
3
2
3
1
0
-1
-1
1
0
0
0
-1
-1
-1
-1
-1
0
0
0
1
2
1
0
-2
-3
-4
-3
-2
-1
-4
-4
-5
-4
-5
-5
-4
-4
-4
-4
-3
-4
-3
-2
-3
-2
-2
-2
-1
-3
-4
-3
-3
-2
-3
-4
-5
-5
-5
-3
-3
-3
-3
-3
-2
-2
-2
-3
-3
-4
-2
-3
-3
-3
-3
-1
-2
-1
0
0
0
-1
-3
-4
-3
-3
-3
-2
-3
0
-1
0
-2
-3
-3
-1
1
0
1
2
1
1
2
1
1
0
0
-1
0
1
0
-2
1
0
0
-1
-2
-1
1
1
1
1
0
0
-1
0
1
3
2
3
3
4
4
4
6
5
4
3
2
4
4
4
4
2
3
3
2
5
3
3
3
2
4
5
5
5
3
3
2
3
4
4
3
3
2
1
1
1
1
2
1
2
2
3
4
3
4
3
3
2
3
2
3
3
5
5
5
4
3
4
5
5
4
5
6
6
7
7
5
5
6
5
6
6
8
9
9
9
9
9
8
8
6
7
8
9
10
10
10
10
11
9
9
8
8
7
8
8
8
8
9
9
7
6
7
10
13
14
14
13
12
10
8
9
9
12
12
11
11
11
10
9
9
6
6
5
6
7
9
8
9
9
8
7
7
7
7
6
5
5
5
5
7
7
7
7
5
4
3
4
6
6
5
5
6
7
6
4
6
6
6
4
4
4
6
7
8
8
7
7
6
7
6
6
6
6
7
8
9
8
8
8
8
10
9
12
12
12
12
12
13
13
11
10
11
10
11
12
12
11
12
10
11
13
13
14
14
12
12
13
13
13
12
14
14
14
12
12
13
13
14
15
14
14
13
13
13
13
14
16
16
17
16
15
15
18
18
16
15
15
16
16
16
16
13
13
14
15
14
14
13
13
13
12
11
12
11
11
11
12
12
12
12
11
12
11
11
13
13
12
13
12
10
12
11
12
12
12
12
11
12
11
11
12
11
10
11
9
9
9
8
8
8
9
9
9
9
9
9
8
8
8
8
8
8
6
5
4
5
6
7
8
7
5
5
5
5
7
6
6
5
4
4
5
6
7
6
7
7
7
6
5
6
6
6
5
3
4
4
3
4
5
5
6
5
3
4
4
5
4
4
4
4
3
3
3
5
6
7
8
8
9
9
8
7
7
7
7
5
5
6
6
6
4
4
4
3
3
3
1
3
4
2
2
2
4
4
4
5
6
8
6
6
5
6
6
8
9
8
8
8
8
7
7
8
7
6
5
7
8
7
6
6
5
5
5
5
6
8
8
5
5
5
7
6
5
6
7
5
6
6
6
7
6
7
6
7
6
5
4
6
7
6
5
3
2
2
2
3
4
4
5
6
4
3
4
5
6
7
5
6
7
6
6
7
6
7
8
7
7
5
5
6
5
7
6
6
6
6
5
4
4
4
4
4
4
4
3
2
2
4
4
1
0
0
3
2
4
2
1
3
2
2
3
4
4
4
2
0
3
4
5
5
5
5
5
6
5
6
6
5
3
3
5
5
6
4
4
3
4
5
5
6
5
4
3
4
5
7
8
6
4
4
6
7
8
9
8
7
8
8
10
10
8
8
7
5
4
5
6
6
5
3
4
5
7
6
6
6
5
5
4
1
1
3
3
1
2
2
2
2
2
3
2
3
4
4
4
4
4
3
3
3
3
2
3
3
3
1
1
2
0
1
0
-1
-1
-1
1
2
3
1
0
-1
-1
1
1
1
-1
0
-1
1
2
2
3
3
3
3
3
5
6
5
5
6
3
4
4
5
5
3
2
1
2
2
2
3
1
1
3
2
3
0
0
0
1
1
0
-2
-1
0
2
2
3
3
2
3
3
5
6
6
4
4
4
3
3
5
2
3
2
1
1
2
1
1
0
0
-1
0
0
0
-1
0
1
2
2
0
1
2
2
2
3
2
2
3
2
0
2
3
2
2
3
2
2
4
3
2
1
1
2
2
2
2
3
1
0
1
1
2
3
2
0
0
-1
0
1
0
2
0
1
2
2
3
4
3
3
2
3
2
1
1
2
4
5
5
5
4
5
7
8
7
6
7
8
7
6
7
7
8
6
6
6
7
9
9
8
9
9
10
9
9
10
11
13
11
9
10
10
12
12
12
12
11
12
12
12
11
13
13
14
13
14
14
15
15
13
13
13
12
13
13
12
11
10
10
11
12
11
11
10
10
11
11
10
11
11
12
12
11
11
11
13
11
11
12
14
15
14
13
14
13
14
13
14
13
12
12
13
14
14
13
12
12
12
13
13
12
12
12
13
14
13
14
14
13
14
14
15
17
19
18
17
16
17
16
16
15
16
17
17
17
16
17
15
15
17
17
18
18
17
16
15
15
15
15
14
15
16
15
15
15
16
17
16
15
15
16
16
17
18
19
18
18
19
19
19
18
18
17
18
17
19
18
19
18
18
19
19
18
17
19
18
18
16
15
16
17
17
15
16
17
17
18
18
18
19
18
18
17
17
19
19
18
19
19
18
18
16
17
15
15
14
13
14
14
13
11
12
12
12
13
12
11
11
11
9
9
9
9
9
10
9
10
11
8
7
6
7
7
9
9
9
10
8
8
8
7
7
7
6
5
6
7
6
7
4
5
4
3
2
2
2
3
4
4
4
4
3
4
5
6
5
6
5
5
6
5
4
4
4
6
6
6
6
5
6
6
6
6
6
5
6
5
4
4
4
4
4
4
3
2
2
2
2
4
5
5
2
1
0
-2
-1
1
2
3
2
3
2
3
1
1
1
3
4
4
3
2
1
0
-1
-1
-1
2
2
0
0
-1
-1
-2
-3
-3
-5
-4
-4
-4
-3
-3
-4
-4
-5
-6
-7
-6
-6
-6
-7
-8
-7
-5
-6
-6
-7
-7
-6
-5
-4
-6
-6
-6
-6
-6
-6
-6
-6
-6
-7
-6
-5
-5
-4
-5
-5
-6
-4
-5
-5
-4
-4
-4
-5
-5
-5
-3
-2
-3
-2
-2
-1
0
1
1
1
3
2
1
1
2
3
2
1
2
2
5
4
3
4
2
2
1
1
0
1
0
0
-1
-1
1
1
-1
-1
0
-1
0
0
0
-1
-1
0
1
2
3
3
5
4
4
2
1
2
1
0
0
1
1
1
1
1
2
3
1
1
1
0
-1
-1
-4
-5
-3
-3
-3
-4
-5
-7
-6
-5
-8
-9
-10
-9
-8
-9
-8
-7
-5
-5
-7
-9
-9
-9
-9
-8
-6
-7
-5
-5
-6
-7
-7
-7
-5
-6
-7
-7
-5
-6
-5
-6
-6
-6
-6
-5
-4
-3
-3
-2
-3
-4
-5
-4
-3
-2
-2
-2
-1
0
1
1
-1
-1
-1
-2
-1
-2
-1
1
1
1
-1
0
2
4
3
1
2
2
1
0
0
2
3
3
0
-1
-1
-1
0
1
2
1
2
3
1
2
3
1
-2
-2
-2
-1
1
-1
-2
-2
-3
-3
-4
-4
-2
-1
0
0
0
-1
0
0
0
0
-1
0
0
-2
0
0
-2
-2
-2
-3
-2
-1
-2
-2
-1
-1
-1
-3
-2
-3
-4
-3
-2
-3
-1
0
1
0
0
1
1
1
-1
0
2
2
1
2
2
2
1
1
-1
0
1
0
0
1
1
2
4
4
4
4
4
2
2
2
2
4
3
3
3
3
4
4
1
0
1
2
2
1
1
1
1
0
1
2
3
3
3
4
4
4
3
3
1
1
-1
-1
-1
1
1
1
0
-1
-1
-2
-1
-2
-3
-3
-3
-2
-2
1
0
1
-1
-4
-3
-1
1
1
2
0
0
-2
-1
0
0
0
0
-1
-2
0
2
3
4
2
2
0
-1
-2
0
0
1
2
2
2
2
1
2
4
5
6
6
4
4
6
5
7
5
5
5
6
7
5
6
4
4
5
2
2
3
3
4
3
3
5
6
9
8
9
8
7
6
5
6
5
5
4
4
4
3
4
6
7
7
7
6
6
6
8
6
5
6
6
6
7
8
7
5
4
4
3
2
-1
-1
-1
-1
-2
-2
-1
0
0
0
0
0
2
2
0
-3
-2
0
3
-1
2
-5
-1
0
-3
2
-3
-1
-1
-3
-1
-2
-1
-1
-1
-3
-2
0
1
-1
-1
-3
-2
0
1
3
1
0
-4
-5
-4
-3
2
4
5
4
1
1
4
7
8
9
9
7
6
8
10
9
10
8
10
8
9
9
8
7
6
5
6
7
5
6
5
5
5
5
3
3
1
2
3
5
6
7
2
0
1
4
6
5
2
-1
-1
4
7
8
7
4
2
1
2
5
6
7
5
0
-1
1
7
10
8
2
-1
-2
2
6
7
6
4
1
-2
-3
0
3
5
1
-4
-7
-3
7
10
5
-2
-5
-4
0
3
5
5
1
0
-2
1
4
6
5
-1
-6
-4
2
5
3
0
-4
-7
-6
-4
-1
1
-2
-3
-4
-3
-1
3
3
-1
-2
-4
-3
0
5
3
0
-2
-1
-1
1
1
2
-3
-6
-3
-1
0
0
-2
-4
-5
-3
-1
0
-3
-5
-7
-5
-3
0
-1
0
-6
-7
-7
-3
3
0
-3
-5
-7
-4
-1
2
1
-2
-1
-1
-3
-1
-3
-5
-4
-5
-6
-11
-10
-5
-3
-5
-8
-10
-12
-14
-10
-7
-9
-10
-12
-12
-12
-11
-10
-8
-9
-9
-11
-13
-10
-8
-7
-8
-9
-9
-7
-5
-3
-4
-7
-4
-8
-4
-7
-6
-7
-8
-6
-7
-10
-6
-5
-9
-9
-11
-8
-9
-9
-4
-8
-9
-8
-9
-9
-7
-7
-8
-8
-9
-3
-6
1
0
-2
-3
-4
0
-6
-5
-2
1
-3
-4
-8
-6
-3
-2
1
-9
-9
-9
-4
-1
-4
-7
-9
-9
-5
-5
-6
-8
-10
-6
-9
-11
-5
-11
-8
-11
-14
-12
-7
-4
0
-12
-6
-11
-5
-7
-15
-3
-12
-4
-10
-10
-9
-2
-7
5
-6
-6
-6
-10
0
-2
-1
4
-15
-2
-13
2
1
4
-6
-8
-13
-6
-4
-5
0
-6
-6
-5
-2
2
0
-1
-9
-7
-7
-1
3
-6
-5
-3
-7
1
-4
-2
1
-8
-5
-7
-5
0
-1
-8
-3
-11
-1
-1
-3
3
-6
1
-1
-2
4
0
1
-1
-5
-3
5
-4
8
-5
-1
-4
-5
4
-4
3
-6
-1
-7
-2
-3
-1
-4
-7
-3
-11
2
-5
4
1
-2
-1
-1
1
1
2
0
1
-4
0
-1
5
6
4
4
-2
1
-1
6
0
9
-2
1
2
0
11
2
5
0
2
-5
3
-3
8
-1
3
1
-5
2
4
2
5
-5
2
0
-3
5
-2
2
2
-4
4
0
3
5
1
-1
0
-5
3
-4
0
5
-1
9
-3
7
2
7
1
6
-2
8
3
5
9
5
8
5
9
10
5
9
11
13
7
5
5
10
9
6
8
4
2
4
5
6
8
6
8
5
3
10
8
10
10
10
8
8
10
15
13
8
13
9
20
12
20
15
13
13
13
14
14
17
13
20
8
15
16
13
15
13
12
15
10
8
12
1
16
3
10
10
6
11
2
4
5
5
0
5
0
2
8
-2
9
-5
-1
3
5
4
-1
5
-1
7
-9
4
-1
2
2
-6
2
-3
1
2
4
-2
0
1
1
4
-4
-2
3
1
7
4
0
6
4
7
3
5
5
9
8
4
10
2
12
8
11
10
8
11
8
13
10
17
9
14
10
12
15
12
14
17
15
19
18
15
18
16
15
15
14
14
19
14
13
12
10
11
10
5
5
1
7
4
4
0
-1
-3
-3
-8
-5
-9
-8
-8
-14
-14
-17
-22
-18
-29
-22
-27
-26
-30
-30
-28
-36
-32
-38
-36
-50
-37
-45
-37
-43
-48
-40
-47
-44
-47
-40
-49
-43
-51
-37
-40
-41
-35
-36
-30
-38
-30
-27
-16
-22
-20
-18
-11
-8
-6
-3
7
-3
12
6
26
20
28
27
32
38
33
54
39
62
51
60
61
61
65
69
70
71
74
67
79
68
75
74
70
69
61
63
63
66
52
57
42
43
37
25
29
17
15
2
-5
-18
-14
-31
-34
-46
-64
-65
-78
-91
-95
-116
-119
-133
-153
-155
-170
-178
-188
-199
-212
-215
-237
-237
-249
-259
-274
-268
-289
-272
-287
-281
-277
-287
-280
-273
-259
-251
-231
-235
-191
-182
-158
-133
-114
-75
-43
-25
11
45
82
118
143
173
218
238
275
299
324
356
370
389
404
414
427
433
433
435
428
423
412
400
387
372
349
330
299
282
252
224
197
164
139
103
75
45
17
-21
-43
-82
-101
-120
-175
-188
-231
-237
-265
-291
-332
-323
-373
-382
-411
-432
-445
-480
-482
-512
-525
-554
-529
-564
-550
-576
-587
-497
-464
-515
-518
-514
-408
-330
-357
-368
-275
-234
-167
-185
-151
6
20
25
16
82
171
235
189
241
268
273
306
279
321
368
333
325
306
293
330
325
287
282
234
221
222
165
173
157
121
96
44
30
47
20
-6
-26
-73
-64
-93
-52
-63
-81
-95
-101
-64
-67
-44
-25
24
-20
30
22
94
129
117
164
182
192
222
249
279
314
292
302
326
312
337
344
319
336
281
285
276
255
229
216
167
138
101
61
59
10
-41
-67
-116
-150
-173
-225
-245
-290
-320
-369
-366
-434
-429
-470
-515
-528
-584
-604
-606
-597
-499
-514
-638
-660
-624
-427
-413
-504
-540
-378
-362
-330
-381
-258
-33
-123
-178
-177
-14
122
141
56
150
221
191
224
221
334
406
285
276
272
329
384
361
298
324
271
291
302
238
327
237
275
184
207
198
257
213
193
168
123
191
133
227
158
170
148
151
174
182
195
199
219
159
198
219
231
270
203
238
236
222
216
250
220
227
171
128
165
103
101
49
31
-59
-26
-168
-139
-182
-293
-278
-407
-403
-544
-538
-620
-647
-732
-666
-602
-752
-772
-886
-777
-647
-674
-756
-750
-675
-608
-570
-618
-470
-275
-363
-370
-371
-177
-12
-8
-39
39
128
149
192
209
351
411
342
322
351
437
510
481
441
437
429
416
421
405
442
415
340
282
253
285
299
251
164
110
67
79
54
17
28
-18
-69
-84
-127
-58
-56
-84
-105
-97
-87
-14
-43
2
63
59
131
101
161
247
294
302
346
338
429
453
429
515
509
516
527
466
524
521
482
434
409
342
360
232
228
158
112
24
-59
-80
-172
-182
-350
-314
-505
-452
-639
-640
-683
-772
-832
-835
-724
-840
-859
-980
-879
-931
-720
-844
-894
-805
-749
-730
-669
-632
-520
-338
-485
-430
-294
-173
-38
-17
-42
112
139
178
255
352
386
490
381
425
499
537
621
561
534
527
542
495
540
514
512
486
385
356
346
374
360
275
212
162
157
155
127
142
94
46
34
-5
84
56
76
32
49
32
85
115
131
209
127
224
186
266
320
344
348
349
382
380
458
427
455
459
380
425
353
371
358
274
255
167
162
82
80
-30
-50
-135
-162
-347
-340
-289
-642
-519
-566
-818
-750
-727
-894
-797
-862
-1028
-974
-1023
-874
-878
-991
-942
-939
-854
-750
-792
-732
-451
-612
-509
-432
-354
-131
-47
-125
-4
87
113
272
253
349
476
401
420
493
537
636
620
572
559
587
567
622
568
590
573
499
463
432
462
440
421
323
247
232
231
240
162
200
117
106
62
27
124
128
117
6
77
49
149
178
135
219
186
223
238
318
339
413
380
336
428
427
483
453
450
426
374
424
310
356
292
349
81
216
146
28
29
92
-143
-228
14
-429
-312
-415
-498
-547
-757
-700
-868
-752
-999
-789
-921
-1143
-923
-1243
-989
-949
-979
-1175
-1003
-989
-1034
-683
-945
-706
-549
-698
-487
-523
-279
-125
-3
-209
42
128
137
391
251
457
549
432
507
567
663
729
705
567
676
663
626
739
613
667
622
532
490
518
536
494
442
317
335
309
331
320
190
269
120
191
175
141
177
146
119
78
180
64
237
143
129
230
154
242
252
301
276
310
278
372
279
394
401
275
369
439
218
341
421
174
285
282
165
53
165
165
-223
161
-249
-147
-284
-380
-434
-628
-553
-901
-689
-955
-883
-1126
-699
-1281
-1144
-1070
-1370
-941
-1078
-1178
-1339
-989
-1099
-947
-894
-1061
-507
-818
-594
-652
-466
-136
-161
-132
-210
110
110
291
260
280
603
414
522
492
616
830
693
681
603
780
682
791
715
683
801
607
638
568
642
629
587
485
341
475
374
428
383
311
264
238
230
218
306
195
172
148
102
184
186
195
173
169
160
142
263
232
284
229
308
203
290
440
232
376
373
224
312
296
373
168
277
355
17
63
243
47
-221
112
-167
-372
-238
-374
-508
-550
-729
-739
-935
-857
-1040
-1042
-773
-1299
-1181
-1215
-1382
-1126
-1013
-1271
-1390
-1055
-1339
-871
-1028
-1150
-554
-813
-777
-653
-561
-321
-13
-181
-271
123
5
334
309
257
613
520
507
533
652
787
910
749
642
820
767
877
818
774
852
732
694
606
687
760
694
532
488
448
537
560
375
392
386
278
292
245
212
324
193
68
127
122
159
173
105
62
122
180
113
110
350
137
256
182
324
260
341
342
297
250
335
302
265
287
171
487
-61
184
240
-107
180
-66
-200
-211
-151
-610
-430
-434
-948
-622
-1015
-912
-987
-1281
-559
-1436
-1207
-1204
-1523
-1192
-1000
-1249
-1556
-1052
-1388
-998
-895
-1390
-566
-748
-783
-717
-694
-290
-101
-68
-362
-5
61
287
315
199
581
575
578
500
541
918
937
794
716
788
853
948
874
790
971
819
765
707
722
883
820
597
534
541
671
542
463
427
373
380
315
154
292
327
113
113
120
-38
315
-10
136
-80
285
-34
174
149
190
310
156
317
185
448
259
430
249
341
258
352
127
225
426
43
36
162
-75
6
-37
-122
-420
-243
-342
-701
-446
-903
-796
-877
-1070
-1194
-1037
-867
-1509
-1040
-1434
-1690
-867
-1252
-1444
-1252
-1358
-1373
-908
-1128
-1248
-575
-909
-774
-539
-872
-227
-20
-171
-203
2
16
384
413
233
628
637
646
622
674
878
1057
961
799
811
950
1059
948
935
909
898
881
725
733
873
800
637
492
454
526
631
398
317
335
242
330
155
162
262
152
62
9
25
115
356
-73
145
180
217
373
115
523
176
436
256
427
412
358
549
388
97
520
169
333
294
217
11
279
108
-268
-23
107
-277
-551
-306
-362
-851
-700
-754
-1040
-1205
-978
-1126
-1505
-700
-1935
-956
-1873
-1419
-1172
-1310
-1542
-1432
-1402
-1279
-957
-1143
-1423
-230
-1056
-640
-633
-683
56
-15
43
-289
338
149
676
443
469
874
818
801
748
913
1128
1310
991
913
991
1163
1118
1045
1006
1016
921
873
660
783
881
842
453
457
373
560
561
209
286
140
253
167
38
114
184
82
56
36
60
333
278
98
344
267
382
271
619
199
550
552
389
382
473
563
597
260
386
426
405
144
158
592
-180
-23
240
-186
-542
25
-161
-861
-659
-475
-668
-1392
-1008
-1001
-1362
-1613
-1027
-1149
-1931
-1247
-1867
-1586
-1165
-1695
-1344
-1478
-1645
-1419
-764
-1443
-1254
-421
-868
-700
-644
-569
81
196
53
-3
314
422
732
735
715
933
1101
1048
870
1030
1409
1420
1241
1074
1046
1198
1284
1095
1058
1031
947
803
610
642
751
739
481
268
189
461
325
398
63
71
259
54
159
46
269
145
259
125
50
501
424
426
459
337
757
482
596
680
695
526
843
505
543
661
484
501
328
405
341
187
54
-26
266
-356
-209
-681
-328
-733
-982
-924
-1444
-1101
-1807
-1280
-1679
-2256
-1172
-1272
-2192
-1888
-2226
-1813
-1193
-1503
-2201
-1448
-1684
-1603
-558
-1578
-1345
-157
-554
-856
-294
-619
433
833
196
91
695
830
1074
1300
843
1433
1568
1339
1241
1343
1709
1847
1602
1122
1144
1362
1448
1233
1054
861
901
749
537
344
513
551
354
89
-177
77
331
222
111
-196
47
241
41
168
251
227
509
364
182
506
877
761
896
573
622
1125
1020
819
876
918
708
669
855
181
608
308
360
62
-250
-101
-365
-702
-597
-792
-1314
-1370
-1340
-1681
-2290
-1832
-2834
-1926
-2647
-2065
-2431
-2227
-2519
-2858
-2472
-1555
-2000
-1810
-2176
-2153
-1439
-901
-1049
-1211
-457
-363
29
-143
-372
694
1474
1117
767
776
1170
2036
1952
1576
1653
2013
1862
1861
1625
1833
2172
2028
1409
1084
1121
1395
1348
1043
537
423
433
241
214
93
310
103
-183
-407
-411
130
335
-6
-164
-169
227
308
638
372
668
913
620
951
830
1321
1497
1467
1040
852
1391
1250
1368
1182
781
706
475
623
400
156
33
-316
-800
-1111
-980
-1255
-1785
-1858
-2485
-3130
-3085
-2701
-3742
-3064
-3679
-2581
-3327
-3625
-3124
-3792
-2467
-1918
-2016
-2659
-2323
-1555
-974
-351
-671
-521
839
676
959
604
1539
2223
2887
2314
1847
2292
2744
3484
2876
2794
2588
2908
2561
2375
2142
2308
2239
1925
1243
694
771
734
736
431
-307
-610
-704
-556
-426
-302
-707
-790
-930
-945
-423
-53
185
77
-72
-42
455
984
1163
1343
1154
1269
1349
1427
1883
1952
2011
1809
1416
1323
1543
1296
1302
865
427
77
-416
-637
-734
-1451
-1519
-2713
-2887
-3271
-3750
-4173
-4477
-4537
-5022
-4780
-5072
-4283
-4212
-4381
-4186
-4917
-3355
-2350
-1911
-2109
-2162
-1485
-242
675
382
841
2022
2384
2797
2251
2990
3915
4858
4315
3899
3644
4080
4546
4306
4127
3448
3278
2820
2667
2173
1900
1480
1037
508
-337
-760
-944
-907
-698
-1245
-1727
-1965
-2038
-1426
-1214
-1167
-929
-1007
-741
-532
96
737
1378
1564
1539
1757
2126
2705
3069
3281
3156
2910
2944
2787
2977
2829
2576
2148
1646
1168
825
615
50
-321
-1407
-2225
-2668
-3603
-3598
-4517
-4935
-6303
-6290
-6530
-6625
-5784
-6376
-4847
-5764
-5128
-5858
-4884
-2849
-1636
-963
-1642
-1639
42
1615
2907
2687
3833
4144
5078
4879
4799
5972
6681
7417
6092
5540
4604
5491
5219
5424
4060
3144
2297
1832
1293
666
129
-435
-907
-1953
-2962
-3381
-3167
-2444
-2286
-2518
-3089
-3204
-2541
-1734
-732
-165
229
438
809
1378
2417
3484
4143
4360
4078
4130
4203
4936
5136
5320
4818
3975
3638
3162
3140
2761
2189
1425
488
-428
-1244
-1635
-2278
-2958
-4329
-5290
-6119
-6892
-6889
-8125
-8063
-8526
-8203
-7825
-7694
-6411
-5807
-4943
-4811
-4907
-2672
-578
1199
1077
809
1883
4560
6115
6144
6378
6903
8299
8394
7491
7337
7783
8264
7599
6088
4295
3820
3535
3242
2185
526
-807
-1561
-2300
-2722
-3774
-4234
-4530
-5031
-5475
-6032
-5805
-4754
-3632
-2368
-1403
-1332
-845
-556
1389
3762
5623
5716
4990
4826
5736
7624
8333
7950
7073
6241
6062
5581
5295
4982
5119
4184
2604
946
-44
56
51
-628
-2092
-3693
-5130
-5226
-5272
-5910
-6728
-8062
-8312
-8721
-8818
-9486
-9571
-8471
-7525
-7583
-5451
-4793
-3234
-1508
-3101
-790
2551
4652
5755
4563
4639
7409
9879
9581
9172
9197
9610
10188
8440
7115
6711
6765
5864
4417
1705
78
-703
-1391
-2029
-3188
-4983
-6195
-6248
-6314
-6697
-7016
-7674
-6337
-5464
-5220
-5053
-3859
-1392
566
2008
3063
4181
6669
7194
8025
9101
9932
11013
10252
9180
8326
8355
8370
7566
6129
4554
3548
2774
2106
1448
721
-114
-971
-1951
-2900
-3550
-4189
-3948
-4334
-5007
-6021
-6367
-6806
-6350
-7267
-7001
-7319
-6668
-7338
-8063
-6984
-7210
-3809
-2569
-488
295
0
-698
990
4936
7649
8931
6918
5615
7379
8657
9691
9014
8572
7989
7826
5400
3733
2434
2579
2611
1363
-1265
-3922
-5108
-5471
-4452
-4839
-5539
-6861
-7250
-6504
-5568
-4583
-4263
-3027
-1425
-329
713
904
2148
4730
7202
8685
8692
7847
8322
9600
10487
10413
8811
7220
6225
5844
5229
4172
2938
2102
1579
567
-637
-1375
-1231
-916
-879
-1972
-2753
-3430
-3053
-2869
-2477
-2865
-3634
-4557
-4869
-4967
-4859
-4641
-5662
-5669
-6652
-6872
-6058
-5837
-3940
-2282
-102
830
-55
-965
372
4530
7319
7902
5906
5626
6639
7789
7461
7004
7433
7311
6435
4018
1995
1028
836
524
-114
-1509
-3595
-5142
-5949
-5464
-4619
-4470
-4870
-4729
-4232
-3219
-2752
-2018
-405
1682
3221
3562
3474
3990
5880
7986
8997
9074
7940
7431
7360
7566
7460
6414
5204
3847
3301
2571
1622
996
500
410
-88
-928
-1388
-1263
-923
-757
-814
-1224
-1453
-1912
-1516
-1856
-1009
-2477
-2948
-3514
-4431
-4174
-4957
-6602
-5990
-7559
-7073
-6068
-6751
-4271
-2753
-871
519
-268
-1462
1453
4659
7572
8389
5954
6097
6887
7917
8114
7678
7455
6412
5783
3337
1784
393
-442
-880
-1174
-2595
-4209
-5961
-6917
-6084
-5044
-4135
-3940
-3902
-3395
-2412
-1241
-127
1715
3496
4930
5356
5441
5794
7597
8691
9205
8752
7569
7229
6401
5948
5099
4004
3090
2217
1759
892
53
-533
-650
-427
-405
-791
-719
-628
-441
-109
-314
-92
-331
-375
-591
-703
-736
-1924
-2380
-3982
-4458
-5062
-6036
-6944
-7933
-7420
-8033
-6250
-6035
-3209
-196
-684
-431
-1956
1407
5429
7698
7749
6135
6810
7742
8021
7796
7048
7024
6814
5051
3247
916
-692
-1343
-2053
-2114
-3260
-4765
-6343
-6893
-6159
-4968
-4026
-3186
-2287
-1144
-420
211
1552
3501
5445
6564
6701
6971
7026
7713
8270
8242
8491
6823
5831
4588
3573
3173
1920
887
299
77
-203
-895
-1479
-1350
-827
-112
73
203
527
609
1144
1348
1633
1284
970
820
965
534
-719
-2256
-3312
-4430
-5137
-7525
-7968
-9170
-8117
-8525
-7409
-6417
-3526
-1113
-886
-737
-655
3006
6343
8233
7822
7340
8137
9088
9060
7837
7689
6829
6488
4374
2129
141
-1592
-2751
-3628
-4011
-5030
-6102
-7349
-7498
-6619
-5288
-4013
-2692
-1332
-158
1030
2065
3802
5653
7178
7968
8230
8170
8369
8375
8400
7946
7268
6286
4543
3421
1906
1146
501
-471
-708
-1049
-1294
-1577
-1557
-1080
-322
376
760
1301
1730
1940
2356
2302
2691
2185
1891
1472
1190
403
-746
-2481
-3983
-5286
-6781
-8118
-8523
-9674
-9039
-9587
-8914
-7077
-3875
-389
1132
973
232
3370
7308
10329
10821
9569
9413
10270
10141
8840
7432
6071
5401
4222
1940
-861
-3519
-5507
-6214
-5984
-6036
-6539
-7571
-8146
-7405
-5485
-3314
-1282
300
1750
3610
5234
6354
7402
7971
9011
9798
9856
9406
8163
6518
5622
5071
4446
3358
1217
-98
-1118
-1622
-2067
-2391
-1990
-1472
-789
-347
241
687
1659
2448
3817
4483
4554
4394
3944
3938
3533
2612
2117
1105
505
-771
-2419
-4529
-6414
-8449
-9666
-10734
-11079
-11475
-10037
-9769
-8260
-5869
-1922
1631
4376
2975
4483
8100
11266
13864
12668
11552
11764
11403
10236
8353
5980
4095
2662
716
-1587
-4442
-7096
-8833
-8801
-8421
-7683
-7814
-8119
-7348
-5337
-2692
239
2123
4340
6497
8455
9700
10276
10541
10849
10933
10588
9685
8452
6242
3967
2756
1835
1039
-578
-2592
-3478
-3661
-3778
-3600
-3259
-2315
-771
663
2012
2871
3747
4550
5811
6877
7012
6857
6193
5932
5242
3852
2501
995
294
-1168
-2525
-4776
-7129
-8923
-11395
-11997
-12861
-12921
-12046
-10643
-9008
-6746
-3607
392
5323
7091
7168
8356
11321
14780
16414
15140
13055
11993
10894
9289
7049
3805
1319
-583
-2749
-5034
-7829
-10226
-11063
-10571
-9320
-7976
-7357
-6695
-5047
-2400
993
4144
6779
8911
10784
11870
12390
12508
12350
11846
10807
9243
7580
5466
2963
702
-867
-1473
-2496
-3690
-4819
-5745
-5161
-4790
-3541
-1762
101
1900
3703
5249
6836
7936
8559
9029
9609
9485
8724
7533
6044
4907
3572
2059
378
-1214
-3079
-4798
-6177
-7979
-9617
-11272
-13196
-13133
-13391
-12293
-11049
-9115
-6125
-3555
359
4515
8355
11755
11017
11949
14331
15617
16950
15142
12260
11046
8875
6441
3519
-24
-2259
-3893
-5900
-7845
-9825
-11272
-11337
-10431
-8763
-6655
-4966
-3246
-1080
1767
5084
8264
10427
12186
13614
14074
14127
13089
11445
10020
8141
6636
4501
1876
-809
-3444
-4756
-5047
-5452
-5898
-6139
-5455
-4040
-2591
-1407
427
2983
5557
8291
10040
10924
11065
10834
11011
10804
10211
8601
6921
5618
3879
2091
3
-1915
-2791
-3899
-4997
-6451
-8317
-9470
-10545
-11114
-11699
-11180
-10947
-8790
-7873
-5917
-3631
-591
1656
6365
10225
13291
15089
11689
12515
13502
14407
14260
11084
8005
6708
3707
922
-1973
-5174
-6270
-7092
-7666
-8634
-9696
-10743
-9688
-7711
-4796
-1999
102
2078
4555
7068
9249
11090
11931
13211
13795
13758
12154
10123
7677
5521
3737
1805
121
-1817
-4049
-5660
-6627
-7132
-7222
-5897
-4026
-981
346
955
2151
3960
7199
9893
11389
12688
12896
12128
11466
9606
8731
7228
6056
4857
3294
1218
-1307
-3152
-4048
-4351
-4829
-5534
-6661
-7034
-7922
-8096
-8884
-8538
-8724
-6998
-5070
-4524
-2215
-3503
-1116
2071
3711
9449
11409
12450
12858
9091
9631
10809
10014
9866
7408
5262
4115
678
-2246
-4481
-6306
-6035
-5636
-6005
-6805
-7837
-7878
-6482
-4055
-1530
1081
3277
4727
6617
7919
8902
9825
10314
11356
12212
11234
9352
6527
4050
2607
862
-303
-1669
-3309
-4746
-5876
-6215
-5334
-5254
-4451
-2289
-252
3474
4983
5418
7380
7494
9906
11837
11988
12306
10495
9373
8500
6646
4697
2756
2045
1478
325
-1268
-3215
-4080
-4215
-4298
-3943
-4496
-4906
-5061
-5251
-4978
-5484
-5716
-4881
-4298
-2469
-2544
-2610
-2287
-1671
1016
2473
5870
8407
9769
9988
6942
6875
7467
7833
8297
6452
4671
3758
1050
-1060
-3203
-4752
-4287
-3934
-3881
-4224
-5163
-5587
-5086
-3481
-1014
1176
2817
4012
5519
6688
7293
7705
8092
9112
9742
9293
7923
5803
3533
1869
510
-318
-1086
-2252
-3431
-4355
-4724
-4646
-3947
-3362
-2065
-263
1874
4679
6704
7369
8281
8225
9565
11048
11036
10174
8530
7198
6014
4292
2166
852
289
-61
-800
-1733
-2826
-3314
-3334
-3038
-2760
-2933
-3210
-3498
-3489
-3381
-4059
-4174
-3854
-3916
-2459
-3416
-3069
-2463
-2098
719
417
4661
6789
8591
8474
5035
5661
7001
7112
7592
5573
4289
4263
1766
106
-2283
-3890
-3504
-3140
-2942
-3461
-4452
-4849
-4395
-2806
-844
823
2123
3404
5236
6180
6540
6523
6780
7743
8201
8160
7353
5644
3551
1687
512
-231
-937
-1873
-2751
-3223
-3146
-3321
-3597
-3424
-2469
-538
1453
3267
5130
6881
7109
7945
7970
9045
9428
8682
8587
7330
6364
4499
2699
1794
941
535
19
-778
-1245
-1973
-2092
-2106
-2169
-1966
-2202
-1998
-2047
-2379
-2793
-3169
-3482
-3474
-2716
-3585
-2951
-4648
-3786
-3515
-1764
-1338
1403
4711
6327
7962
5080
4884
6399
6941
7934
7334
5259
5297
3559
1836
-24
-2500
-2645
-2281
-2025
-2504
-3554
-4589
-4698
-4134
-2674
-1105
-118
950
2618
4149
4928
5077
5353
6676
8069
8631
8222
6903
5210
3797
2613
1527
636
-270
-889
-1382
-2003
-2968
-3889
-4180
-3459
-2044
-612
1444
2896
5114
5288
5868
5972
6718
8033
8246
8220
7667
6631
5485
4184
2870
2402
1828
1833
1187
682
-137
-725
-997
-1342
-1181
-1329
-1476
-1761
-2447
-3067
-3538
-4162
-4083
-4131
-4269
-4193
-4761
-4480
-4456
-4313
-3546
-2283
498
4623
6868
8189
6309
5333
7003
7746
8588
7694
6322
6335
5375
3218
418
-2508
-3361
-2870
-2526
-3281
-4653
-5677
-6001
-5530
-4598
-3328
-2034
-346
2054
4399
5609
5666
6094
7483
9331
10235
9890
8866
7433
6157
4702
2745
904
-607
-1506
-2124
-3103
-4386
-5696
-6054
-5508
-4672
-3128
-1547
269
2221
4300
5449
6911
7162
8221
9926
9899
10163
9316
8122
7098
5990
4887
3533
2365
1515
794
496
-839
-1780
-2520
-3066
-3080
-3463
-3866
-4242
-4346
-4321
-4398
-4753
-4502
-4298
-3579
-2891
-3539
-2898
-3411
-3088
-1136
-1617
784
4849
7092
9598
7426
4998
6683
6222
7064
6906
4733
4532
3887
2196
-198
-3928
-5198
-4238
-3578
-3523
-4094
-4431
-4582
-4285
-3243
-1829
-771
838
3638
6392
7509
7198
6934
7210
8036
8561
8529
7706
6052
4421
2941
544
-1724
-3348
-3843
-3453
-3679
-4249
-4920
-5163
-4616
-3454
-1620
351
2536
4824
6736
8110
8491
8364
9045
9484
9828
9959
9011
7567
5814
3915
2392
1010
48
-660
-732
-946
-1691
-2413
-3349
-3576
-3161
-2833
-2139
-2000
-1657
-1713
-2058
-2197
-2534
-2154
-1945
-2169
-1007
-1993
-2779
-3578
-5080
-4054
-2893
-1627
2775
3804
4112
5962
4126
5993
5435
4209
5283
4456
4897
5396
3267
1106
-1261
-1404
-913
-1657
-2135
-2521
-1874
-1794
-2246
-2522
-2695
-2139
-507
1599
3013
3443
3654
4538
4917
5536
5441
5442
5401
5035
4858
3685
2025
704
-99
-165
-504
-1114
-1299
-1217
-840
-616
-532
-23
653
2039
2747
4029
4583
4471
5457
5230
5979
6138
5445
5806
5201
4665
4017
2969
2448
1725
1974
1817
1697
1217
602
588
121
-429
-928
-1534
-1623
-1769
-1959
-2065
-3040
-3398
-4430
-4476
-4516
-4423
-4248
-4636
-4517
-4540
-3836
-3608
-3300
-1735
439
4489
5876
6462
5837
5570
6479
5972
6004
5221
4648
5129
4354
2381
-302
-1845
-2037
-2007
-2184
-2491
-2448
-2428
-2330
-2231
-2365
-2279
-1358
336
2023
3004
4097
4372
4652
5054
5021
5669
5530
5104
5251
4262
3283
2214
690
284
-164
-340
-231
-509
-817
-972
-508
-281
415
573
1791
2527
3424
4063
4119
4698
4704
5353
5701
5839
5451
5178
5130
4300
3776
3079
2428
2516
2040
1578
1072
225
-219
-718
-1185
-1913
-1896
-1913
-1963
-1994
-2439
-2662
-2801
-2922
-2591
-2530
-2653
-2436
-2521
-2502
-2720
-3068
-3196
-3211
-2250
-1408
874
1776
3044
3959
3510
4101
3228
3249
3999
3610
4319
4270
3258
2711
1515
1092
660
531
659
836
997
781
648
315
-403
-317
8
634
809
1262
1970
1695
2249
1523
2237
2374
2372
3613
3296
2974
2979
2566
2390
1892
1978
2264
2473
2884
2685
2991
2441
2498
2552
2353
2464
2318
2658
2585
2529
2503
2163
2323
2368
2801
2985
2961
3251
3448
3476
3326
3170
3212
3111
3099
2882
2561
1994
1451
1088
445
119
-321
-719
-888
-1410
-1447
-1816
-2228
-2501
-2968
-3226
-3465
-3582
-3207
-2972
-2594
-2399
-2134
-1866
-1020
-458
292
1282
2105
3434
3655
4597
4381
4421
4399
4588
4469
3931
3662
3708
2849
2434
2069
1114
750
359
537
308
-94
48
-311
-209
-267
-39
521
934
1304
2063
2049
2396
2896
2825
3519
3513
3987
3921
3674
3652
3129
3197
2600
2436
2346
2007
2256
1885
1494
1192
1235
1503
1416
1682
1595
2040
2368
2464
2838
2666
3140
3644
3953
4134
3956
4030
3900
3888
3589
3133
2963
2449
2248
1650
950
335
-379
-458
-740
-1079
-1133
-1402
-1331
-1521
-1749
-1533
-1559
-1156
-804
-762
-851
-1120
-1262
-1516
-1957
-2482
-2809
-2817
-2803
-2580
-2267
-2545
-2211
-2169
-2585
-1941
-2427
-2138
-1653
-2093
-1769
-1894
-2306
-961
-1313
-422
66
-78
521
-138
-421
-1053
-1479
-2079
-2727
-2884
-3975
-4040
-4120
-4259
-4131
-4792
-4469
-4205
-4156
-3515
-3518
-3017
-2671
-2251
-1312
-1238
-461
-533
365
829
772
1225
1065
1411
1426
1257
1390
1267
1236
923
940
518
158
214
143
32
-237
-639
-533
-941
-1177
-1254
-1099
-616
-281
-134
385
566
414
1203
907
712
1076
1040
1000
1222
1055
1007
1060
827
495
597
318
-444
286
-221
-732
-347
-1302
-1358
-1908
-2389
-2390
-3152
-3513
-3629
-3911
-3935
-4060
-3829
-3240
-2934
-2811
-2831
-3243
-3275
-2509
-1829
-905
-909
-1254
-838
-933
-329
-662
-605
-504
-991
-893
-1301
-1342
-1390
-1072
-318
-411
-58
-178
-270
-195
-724
-460
-523
-208
237
35
-45
62
106
-243
-161
43
-375
169
470
407
385
14
333
125
-157
19
487
1053
1417
1549
1827
2140
1806
2084
2531
1766
2082
2561
2387
2441
1969
1866
1756
1666
1505
1391
1572
840
1943
823
797
799
76
62
387
228
-5
313
245
607
437
213
314
563
585
945
796
616
817
527
477
63
-199
397
152
218
27
443
-655
-131
-439
-356
-950
-1123
-48
-1302
-420
-739
-1444
-924
-1098
-1248
-939
-737
-1132
-339
-422
-1523
-472
-1235
-1574
-877
-1321
-1505
-702
-521
-1189
-627
-236
-1007
-97
-413
-787
328
-168
-451
559
746
333
1347
1271
366
1519
1530
897
1858
1153
1243
1713
1563
1010
1874
1929
1040
1792
1654
1335
1308
1433
796
1568
1021
474
1402
427
730
1628
370
1627
987
1366
1617
1301
1915
1416
1777
1468
1765
1338
2220
1416
1910
1966
954
1932
1494
1014
1743
1185
537
927
1370
-84
1236
957
-438
1571
736
345
1459
1121
807
1290
1118
1736
451
2427
1330
700
2657
816
896
1614
1026
23
1673
1100
-1538
1694
-276
-1359
2057
-849
-414
1366
-502
225
1165
692
-259
1961
1200
396
1452
913
756
245
1932
-388
380
2233
-1764
1260
385
-2246
453
149
-1718
328
-49
-784
112
579
-182
735
741
493
948
988
746
756
1038
915
669
557
436
851
-27
822
705
148
511
-65
561
-308
680
427
412
987
280
637
1274
269
764
1404
444
1726
917
1100
1418
1005
279
1630
434
582
1188
565
458
1371
397
306
1531
14
751
1150
1208
-14
1411
827
304
1774
270
1277
681
983
868
544
940
441
1126
540
1002
877
1009
94
1756
-74
953
779
-357
1134
-315
220
326
-686
762
-859
378
-185
-224
216
-548
200
-87
530
-649
1040
367
-484
1874
-412
996
890
212
771
-223
734
-766
1234
-333
-403
-117
-530
-517
-541
150
-653
-123
239
362
-7
675
608
557
329
1841
405
922
2004
-163
1396
641
-351
254
442
-883
-304
72
-945
-1617
358
-1961
-725
-185
-1088
189
-212
576
-785
1580
91
435
1658
652
1462
436
1871
331
548
1328
7
724
350
689
-977
1245
-544
-538
604
-388
-239
373
461
-1019
541
559
-809
686
995
-1016
1645
84
192
-93
1921
-1641
961
737
-1357
1221
-382
-95
343
-200
397
-22
881
134
487
1530
-42
1050
1359
217
1832
453
1220
869
935
452
1596
381
482
1299
622
358
1148
793
97
841
877
6
604
1283
-694
1011
1680
-566
616
1286
-487
518
671
426
-718
1599
-524
258
827
33
432
789
901
176
450
1114
187
-271
1378
888
-312
1021
965
60
-90
1356
-233
669
728
489
423
936
903
-252
2119
810
188
2280
1259
43
1971
979
907
1141
654
487
950
-43
178
511
193
-706
845
208
-554
581
568
-246
1150
137
474
967
948
313
2107
1064
324
2512
102
1462
899
1624
568
893
1282
-358
860
1044
-657
160
1706
-1820
628
1839
-1934
1077
899
-480
652
1135
-58
1235
1111
696
1311
888
787
1035
793
1433
127
1310
1388
-828
1446
-266
-29
622
652
-190
831
929
-1215
1949
-511
104
1369
593
250
1940
459
391
2203
-249
1261
1047
1582
773
1810
1011
1746
646
1120
1181
551
1054
1245
849
768
1156
466
599
1195
148
922
1994
-990
2564
450
885
2513
153
1014
1945
1012
1446
1859
557
1773
941
1798
401
1419
485
741
1908
-237
1240
371
1729
-9
1389
1326
261
1458
1460
785
2013
491
2004
1449
746
1992
989
1936
860
1433
1861
286
938
1971
-53
1634
744
411
837
857
-143
1305
1403
-700
1297
1119
312
653
1784
565
1268
1107
500
1221
172
1462
387
1656
-18
1066
850
409
1210
217
1808
-375
2510
-204
649
2592
-720
921
2245
-454
627
2212
202
758
1258
1490
-295
2847
-265
747
2019
-278
1115
948
947
311
1882
502
545
1246
668
494
1407
447
623
1022
1375
-254
1154
1058
839
399
1661
1167
397
2688
-131
1640
1145
651
1072
1877
833
446
2469
-217
1316
512
1355
296
1180
590
404
1212
-566
1529
367
363
1298
912
984
924
2360
-378
2543
791
-6
2884
-201
1294
1477
579
827
1256
219
1165
68
628
882
208
-140
2004
-767
502
1521
-118
759
1902
256
1160
1639
963
767
2226
464
988
1721
576
874
1463
316
827
1024
-162
1289
443
458
1060
535
628
1113
471
1122
1333
284
1501
1841
-75
1601
1495
576
771
2056
243
1133
1615
46
2102
653
280
2468
-36
1134
638
1851
-24
2049
450
1720
610
1573
745
1889
441
1106
1171
686
1724
85
1182
1644
24
1137
1496
1099
296
2757
384
1119
1744
416
2049
1008
1105
1483
1076
1529
432
1632
428
1940
-169
1239
1722
-708
996
2025
-977
1153
2194
-1434
2643
1168
-657
2647
1156
-260
2329
1013
-212
2152
871
255
1970
-20
1367
691
655
1352
210
1360
1027
381
2109
387
1269
1597
684
2132
1164
1078
2367
500
1854
1405
1099
1027
541
2058
-731
1944
911
93
1594
174
1888
-574
3409
-1182
2744
1238
147
3121
-32
1968
1882
1283
1012
3591
-354
2073
3282
-1925
4699
436
-147
4238
-639
1499
3178
-463
2620
1910
1193
2171
1732
1804
1805
2054
2115
1710
2270
1584
1882
2401
754
3210
468
1947
2170
309
2797
1270
1283
1728
1807
1475
272
4194
-471
2054
2671
112
1303
2911
-570
2128
1931
-345
1441
2676
-1410
2156
1691
-378
1226
2254
-285
1300
1921
501
79
3780
-2064
3406
842
139
2189
807
618
1481
132
2135
-789
1927
519
-225
1661
-380
888
995
91
1033
295
1067
322
510
1411
-88
13
1963
-682
400
1677
-1095
950
1511
-1964
2136
-100
-262
669
1430
-1376
2265
-682
744
540
968
-389
1744
491
-457
1599
872
-524
1363
693
-430
1479
39
320
1084
-549
1439
-447
1417
-859
1889
612
-729
2275
-12
-45
1841
86
291
2189
139
435
2408
-68
473
2459
-355
59
2790
-972
796
2400
-772
352
3271
-1878
1633
2089
-1463
1862
1178
-396
1559
861
-69
1037
323
1137
-1416
3164
-827
-385
3863
-2809
2180
905
-674
1785
432
822
831
961
390
1171
935
1077
699
1054
1110
359
1291
1294
-45
815
2029
-1729
2706
16
-161
2436
-862
1834
536
35
2364
-722
1814
1170
134
2240
159
1503
900
1723
-170
2238
627
448
2194
721
534
2159
1263
175
2785
949
522
3495
-256
2329
1930
860
2195
1549
1534
1621
1451
2214
775
1981
2320
-523
3310
479
778
2414
-83
1904
1702
14
2784
510
1727
1602
804
1938
1020
2149
763
2805
1578
827
3432
791
2083
2042
1894
1465
2626
1340
1569
2945
899
1993
2345
1833
1051
3363
1118
1675
2528
1144
2072
1858
2368
923
3177
994
1901
2328
739
2380
1228
2094
923
2565
1086
1101
2738
43
2231
1699
990
1519
2356
238
2732
193
2481
857
1292
1421
1843
296
2250
481
1683
657
1692
914
1310
1278
1027
1500
768
1609
544
2006
337
1875
1067
1076
1641
1680
454
1633
1516
707
1382
1315
1652
-227
2847
77
829
1686
816
593
1977
826
526
1838
1677
-382
1859
2696
-1871
3806
413
953
897
2676
-218
1208
2971
-818
1560
3122
-1509
2778
1234
671
1040
1459
1938
-1064
3164
643
178
2215
976
428
1112
2226
-805
2104
1281
-422
1842
494
371
882
987
-52
993
765
-973
2525
-1196
867
1814
-1342
1667
40
338
1109
70
935
1267
365
446
2649
-531
1038
2763
-1585
3404
-482
1497
1392
1565
-174
2976
1203
-789
4100
854
-419
4419
131
834
2884
1908
-468
2713
3300
-1904
4092
2442
-1044
3371
3274
-1921
4642
1078
337
3247
1118
1886
1027
3355
291
1561
3290
-5
2524
2050
1922
257
3866
359
1364
3075
817
719
3191
1200
-215
4427
1012
-48
3824
2228
-1125
3728
2948
-1530
4271
2122
-190
3338
1585
559
2722
1066
1762
870
2650
999
1323
3106
489
1708
3061
-167
2346
2223
672
2260
1896
828
2650
527
1860
2169
130
2641
1407
477
2193
1394
522
1630
2088
-380
1997
2845
-1828
3925
1028
52
2216
2029
-255
2420
2539
-1364
3935
1204
-353
3974
74
1351
2084
864
1218
797
1963
-788
2380
517
375
826
900
-479
600
620
-221
544
-308
1489
-1621
1719
-681
209
308
275
486
-1361
1763
-904
-680
880
431
-1419
1390
551
-1588
1643
58
-290
529
794
-64
800
900
140
1335
-542
2731
-1025
847
2045
-1004
1968
989
-118
1407
681
293
1348
964
54
1907
271
1141
703
866
961
654
493
740
666
313
1260
242
717
1382
157
609
1508
-400
1535
-119
2141
-48
979
1757
474
244
1842
1242
-795
2886
474
367
1298
1746
-619
2478
1193
-507
2894
-455
1859
530
1227
1020
620
2509
-139
1900
305
1935
833
1011
2305
-386
2417
504
1559
680
1238
1598
523
2327
474
996
2295
764
911
1901
1373
129
2434
779
1413
879
1995
1069
813
1379
1584
395
1298
1548
427
1379
1929
59
2098
887
717
1907
1113
983
1364
1939
98
2065
1399
617
1622
1170
702
1345
2490
-611
2321
1233
-402
3144
29
921
1975
1312
246
2259
1013
124
2645
-68
2599
-118
2633
484
578
3185
-1395
2663
1143
806
538
3044
-402
1158
2312
-455
2552
88
1568
1466
416
1636
814
1304
1032
1557
804
866
2172
-558
2747
-64
1842
1230
228
2575
-48
1242
1571
1367
208
1870
1955
-639
2540
1174
583
1346
1051
1358
73
2301
711
477
2422
58
991
2043
-34
1225
1839
61
1360
1896
107
2550
-71
1608
2167
-663
2013
1583
-274
1256
1892
227
160
2163
337
148
1449
554
431
991
1697
-335
1278
1152
190
452
2090
-552
1231
1327
243
356
1495
445
152
2458
-607
930
1769
-378
-172
3446
-1688
1074
2518
-889
-190
3479
-1909
1050
2451
-593
297
2387
-647
732
2042
-938
1136
1261
140
362
1526
-23
1326
590
312
1852
79
331
2666
-531
1047
1416
797
350
1546
763
1778
-615
2868
926
-648
3420
536
72
2856
1631
-559
3128
1835
-293
3393
834
1353
1134
2939
634
1187
2843
675
1722
1348
2206
684
2155
1608
967
2260
1196
1854
1794
1348
1525
1831
1297
2169
1108
2591
807
2792
1348
1508
2257
1874
786
2278
2201
335
2494
1697
1277
1285
3257
-96
2544
1359
1497
1492
2293
558
3299
287
2221
1432
1428
2024
1297
1630
1776
1819
715
2776
866
2063
1445
1576
1773
1498
686
2979
792
1417
2238
2286
591
2004
2337
320
3001
1485
904
2799
917
1516
2508
861
1947
2440
794
2158
2068
838
2046
2297
1209
1253
3092
1010
843
3922
-817
3346
1410
1233
2768
599
2498
1234
2308
578
2619
711
1959
1470
973
1585
1686
993
1106
1815
1182
-73
2571
555
291
1855
1087
118
2177
489
508
2201
-297
1378
1135
867
478
1385
835
573
1248
372
1444
727
580
1816
165
1181
823
970
126
1990
-357
1443
1294
23
1413
1534
-516
1656
1440
-245
905
2215
-331
1638
1363
632
1464
975
1667
993
1331
1252
1059
1725
396
2197
-266
2577
121
1080
1624
592
446
1908
-87
1273
1310
649
620
1540
1115
86
2118
785
89
1730
1485
400
1417
2122
203
2284
445
2435
1
2388
1277
1158
1474
1832
973
1360
2251
799
1655
1450
2527
-475
3524
729
1165
2682
341
1627
1926
980
1397
2463
1026
1135
2962
750
1175
3495
344
2316
2680
1695
1671
3273
1190
2737
2011
2194
3116
1091
3572
1762
2478
2407
1418
3439
399
3612
1870
1053
4117
948
2323
2645
2783
601
4894
2432
2823
6133
5180
4713
6804
5274
3829
5920
3487
3748
4131
4204
2686
4694
2949
3236
3707
2107
3210
1937
1266
3043
474
2109
2751
250
2997
1596
639
2324
1474
790
1409
1574
-386
2135
713
-157
1758
1526
-1198
3484
238
-639
3792
-226
500
2040
239
316
1477
198
534
676
286
1012
-435
1778
-576
1460
-159
1469
-387
1410
-208
204
955
-367
1160
313
141
795
17
803
-464
1290
-342
1277
-248
907
514
-506
2045
-309
339
1745
135
548
1681
561
1407
611
2057
385
918
1860
599
979
1486
443
777
1572
177
328
1877
-440
675
1283
-544
1181
-373
607
1017
-609
1039
-322
1090
-519
1108
416
-242
841
590
520
144
1320
-329
1015
1103
-928
2884
-1298
1427
595
7
352
772
487
562
-19
1179
568
-1682
2878
-919
-912
2979
-923
-156
1650
-350
-451
1195
260
-253
1406
82
510
669
661
407
1174
248
1119
1087
293
1583
531
167
1513
-69
670
376
838
-523
583
189
-615
85
464
-1358
1074
-650
-638
1234
-1558
899
-515
562
-1083
1032
-345
-479
942
-842
586
-398
631
-558
461
120
-452
882
-824
481
631
-1239
1250
203
-747
1223
-327
403
188
707
-56
528
655
-471
1006
218
202
-50
1682
-1006
918
805
-406
657
724
-416
800
1385
-842
1543
1110
-741
1850
880
153
1749
592
1632
218
3281
69
2800
2347
1327
3811
2191
3683
2110
3398
2322
1951
1992
2468
1914
1010
3475
590
2253
2150
1938
1992
1724
2802
936
1888
1885
1077
698
1891
299
394
1371
128
1082
204
1277
344
263
1303
-394
242
670
-1245
405
-518
-44
42
-602
534
-71
-1344
1178
-340
-823
831
-73
332
-407
737
271
-532
1023
-64
97
1124
-187
283
914
-404
1016
110
510
706
-177
1002
-109
173
728
-51
184
522
-171
-205
631
-1373
577
-446
-814
153
-718
84
-1107
293
-254
-407
120
806
-1177
1359
411
-841
942
442
-651
1288
23
484
737
-404
1129
-50
-302
1020
321
-655
1488
-727
-157
908
-298
235
843
62
268
170
1074
-866
1174
-223
1315
-485
1322
-289
430
792
54
769
242
872
327
677
40
1008
-488
754
450
-219
1340
-113
757
489
334
166
1237
-499
1403
-45
976
1010
-655
1614
45
38
1397
369
-295
1552
668
-636
2071
-510
113
1112
304
-550
1386
-236
367
597
159
641
-81
913
302
-5
783
550
-68
621
765
-349
662
857
159
-4
838
578
-373
956
523
-363
198
1530
-544
516
1454
-896
681
1119
-848
1756
-729
913
1317
-1364
1878
-210
5
614
1537
-986
893
1379
-1027
1493
-69
21
150
1310
-735
1089
255
246
484
694
-59
1036
280
-114
1660
-851
950
812
38
492
754
626
-60
1689
-86
105
1548
-415
827
499
382
-140
1302
122
-244
1789
-234
-249
1872
-133
-333
1979
90
-378
2208
-401
363
684
605
-45
528
1343
-664
1438
272
402
862
-173
1620
-783
1206
239
316
45
1578
-571
566
1733
-987
1304
1021
-440
1061
831
-598
1337
552
9
905
878
-61
997
362
684
335
906
123
617
319
312
926
-562
1177
533
-514
1139
188
-131
460
1014
60
-129
1378
-465
280
708
-301
904
-143
1251
-521
1242
-264
427
905
25
-116
1038
-145
468
149
462
-177
672
136
-70
645
-389
1218
-950
1562
-1124
1044
69
728
-333
978
-200
342
680
-162
909
-695
1382
-1040
1028
-121
451
72
190
631
-278
482
117
1147
-1049
1722
-467
787
-23
405
1381
-1292
2179
-604
735
548
720
-491
1320
442
-718
1333
253
-236
739
412
24
263
833
34
138
511
206
629
-752
1928
-1117
1015
458
511
-503
1010
168
-189
933
-147
524
135
341
168
155
109
655
-162
44
1097
-953
577
569
-402
331
176
614
-588
723
-96
659
-358
592
385
-409
1161
-99
147
389
633
-478
563
427
-560
1001
181
336
330
-75
1075
-466
516
1009
-974
1495
355
-557
885
552
-84
361
1100
-492
622
894
5
492
625
464
267
651
388
344
736
155
577
590
551
386
585
750
9
1220
26
393
910
38
596
847
797
-280
1040
1227
-593
1081
1135
-374
1182
692
327
812
550
342
1007
1041
-191
1023
1050
452
551
828
650
677
88
1250
799
-198
539
1537
6
268
1455
639
-81
1222
938
-28
1377
204
992
369
552
1227
424
230
1779
-26
420
1804
-322
344
1520
-131
92
1856
-783
1029
400
984
432
-20
1166
129
553
174
1508
-433
492
1354
-7
-189
1573
18
169
1001
181
167
569
623
-30
580
307
538
293
731
-119
930
27
368
310
680
-279
513
790
-552
651
342
-219
402
500
-2
-344
1480
-722
3
1240
-324
-346
1416
-403
-324
1134
-143
-307
892
229
-177
512
653
-488
261
912
-1009
470
782
-411
52
944
-718
387
711
-354
316
328
235
-370
1173
-104
-235
1247
-261
242
-281
1036
-42
-216
1696
-433
-392
1315
2
-738
1463
70
-290
737
157
-127
307
449
80
397
-106
489
197
-546
1315
-432
-249
784
51
-154
550
788
-955
953
233
-415
370
515
213
-302
813
-45
151
-225
971
-179
-355
871
233
-885
1253
-366
360
-131
588
260
-557
1207
-877
982
-127
435
764
-450
931
15
438
327
643
-13
976
-11
575
688
-81
511
911
-552
1304
394
-28
1279
275
329
152
1360
-156
681
1068
161
246
914
421
365
1158
167
598
1121
144
952
33
1516
92
611
1140
451
-57
1495
149
657
627
597
779
541
903
457
736
437
795
155
1170
240
952
131
1210
343
373
1600
-280
1214
849
377
538
1115
670
-42
1474
609
200
1356
262
890
486
731
1201
-761
2446
-195
-74
2090
-10
161
1225
1069
-19
1129
983
566
467
1039
503
114
1524
198
50
1949
28
154
1318
609
436
831
741
726
420
363
724
488
470
720
658
335
897
236
78
1649
-546
1016
614
729
260
238
1146
-312
656
874
211
548
1082
-51
455
764
55
316
727
453
277
798
167
502
432
624
-139
856
488
154
552
763
7
591
463
469
10
410
866
-150
377
613
350
-89
923
388
-572
1237
241
-447
792
745
-226
193
941
-74
114
1127
-104
34
619
206
-270
855
234
-342
1129
-49
11
326
479
76
155
638
-160
334
482
-376
501
33
262
-42
371
644
-770
1097
126
-480
761
313
-307
370
709
-665
813
125
-312
258
265
426
-817
1328
-661
-72
457
241
-137
257
468
-50
345
-99
226
261
86
272
654
-354
353
161
-36
78
273
33
432
248
-483
473
35
92
144
663
-222
-105
1013
-360
-186
811
-70
-296
1027
-225
321
-42
694
517
-835
1040
137
-78
230
107
460
-362
282
532
-217
-74
460
383
-225
138
502
-275
303
373
350
-410
1022
-69
-689
1242
-310
-180
353
493
-149
-374
844
-211
-116
-32
437
290
-657
826
-164
-211
515
-259
36
149
-116
137
-222
437
-399
159
225
-447
637
-274
-64
206
72
-367
500
-42
-198
-159
243
215
-630
239
264
-767
507
-211
-584
570
-693
318
-124
-101
-447
-134
555
-931
597
17
-163
504
-655
583
-202
-41
-16
287
432
-1214
1080
-304
-496
107
780
-481
-282
1175
-656
-24
948
-494
-39
584
-207
320
165
392
-49
214
642
-535
327
440
189
-189
882
-125
271
352
167
294
17
264
562
-365
442
697
-796
912
351
-281
584
484
238
-100
984
240
122
727
39
365
426
142
596
305
133
175
155
887
-540
714
521
-23
569
144
191
564
-39
512
432
-62
514
934
244
-62
963
629
-417
861
539
22
428
796
273
156
634
168
453
674
27
360
744
-86
571
599
466
181
778
167
32
701
134
438
646
16
785
-10
932
182
38
1089
-136
560
382
549
23
861
318
118
891
-55
433
441
253
251
411
263
415
400
158
679
248
298
401
719
343
15
1113
342
-66
1084
91
111
557
343
684
149
474
1030
-123
496
375
206
574
353
477
567
85
105
602
396
39
333
811
-115
620
224
158
607
156
74
647
104
240
60
774
-275
87
639
-92
103
197
136
71
135
305
747
-476
-41
1098
-980
321
886
-202
233
471
291
-30
-24
628
-150
394
525
-74
459
306
-235
136
738
172
31
715
-39
810
-163
119
499
329
136
306
749
-98
362
831
-26
224
513
157
722
-44
911
-55
871
291
238
-59
678
432
-381
1103
528
-14
312
1057
152
337
559
694
214
801
748
433
885
667
363
486
866
440
354
812
1010
-115
465
953
183
411
864
262
477
825
15
742
777
-286
852
568
240
537
559
917
317
271
298
748
-64
291
1093
654
-481
1275
8
-207
883
625
53
137
787
-174
-4
137
432
-262
281
852
-239
-181
929
18
-561
1049
-113
-279
582
178
-315
456
162
27
261
201
318
-463
1034
221
-445
614
466
-183
-266
592
217
-478
249
509
163
-377
668
-70
-583
1146
-550
-306
946
-88
-433
489
481
-549
-176
1074
-598
-192
756
-791
724
-39
-458
583
-21
111
-163
275
572
-504
86
151
77
90
-19
-71
485
-665
61
344
-771
233
183
-444
187
-183
-23
70
357
-436
-31
253
-133
17
93
-94
-281
1162
-688
229
332
-458
586
-407
-285
-178
255
-282
-82
283
-259
-275
342
-164
-212
-157
-199
703
-402
115
-246
-337
735
-457
-530
473
-408
227
28
-267
159
-360
422
361
-309
-241
286
410
185
-164
3
207
340
162
141
112
-162
800
250
-66
80
164
256
345
-43
-107
362
350
361
-273
290
469
155
352
52
736
-343
482
955
-506
648
151
565
260
250
124
175
619
-190
251
283
42
461
323
311
169
82
230
480
-499
87
474
140
283
149
76
205
195
28
256
83
316
553
82
176
-92
381
183
-47
914
-514
766
694
-840
706
-57
-28
539
197
-26
136
398
-80
244
43
37
296
292
282
255
117
166
270
100
48
95
306
108
309
139
91
176
155
107
213
67
286
335
-344
61
-6
-366
-136
211
19
251
-144
321
332
-408
176
160
12
-83
125
77
206
-400
3
379
-185
-406
560
287
-46
509
-286
171
116
48
610
69
142
509
340
95
39
-153
372
584
63
-83
549
49
18
317
-154
-34
169
328
98
81
376
-165
383
257
-239
545
647
391
490
561
579
475
504
607
412
858
374
333
1061
-126
782
567
221
473
63
1071
351
72
777
451
541
482
253
631
450
650
480
437
850
402
644
1065
528
528
951
974
605
607
662
856
709
829
716
675
1204
835
700
957
456
655
1212
1370
131
894
1496
812
848
956
1020
1026
1292
1289
1068
1469
936
1383
1796
861
993
1761
1651
1573
1622
1002
1775
1874
1187
1507
2041
1350
1919
1967
1480
1540
1924
1724
1599
1891
1494
1373
2056
1421
988
1577
1159
1229
1298
666
1574
1148
524
1246
1062
670
486
954
726
130
609
245
272
360
149
-3
96
319
-76
245
859
751
937
1256
1365
597
-249
467
258
-244
464
516
81
876
1346
1345
2058
2946
3217
3371
3662
2852
2478
2233
2119
1636
1283
984
1115
944
748
1199
634
635
996
479
819
745
621
743
706
1168
512
588
1271
1231
991
1362
1632
1126
1374
1510
1236
1429
1312
1817
2132
2573
3081
3240
3238
3086
2615
2425
2041
1622
1203
1090
1080
941
823
798
766
883
417
689
682
228
626
622
32
249
258
129
68
496
484
62
445
490
80
285
164
-18
23
298
-32
-438
-27
-120
-556
-681
-167
-760
-720
66
-467
-730
-82
-205
-730
-687
-202
-453
-242
-166
-261
-382
-56
-239
-61
-35
-96
289
377
639
-129
-286
142
-393
-997
-979
-942
-1430
-971
-1001
-1658
-1377
-1132
-1221
-1068
-1011
-1152
-873
-668
-653
-957
-931
-1046
-726
-565
-1098
-813
-813
-796
-717
-1216
-1004
-798
-911
-763
-783
-1089
-1147
-941
-1388
-1365
-1243
-1564
-953
-710
-1125
-659
-192
-428
-91
-359
-205
4
-228
-128
-367
-456
-606
-821
-907
-1284
-1369
-1313
-1069
-1538
-1555
-1707
-1763
-1645
-1792
-1880
-1727
-1664
-1740
-1655
-1890
-1704
-1769
-1903
-1695
-2064
-1870
-1753
-1832
-1972
-1594
-1907
-1961
-1480
-1799
-2128
-1498
-1584
-1710
-1404
-1520
-1498
-1059
-1129
-1318
-870
-939
-1073
-555
-788
-1045
-460
-652
-540
-524
-655
-634
-357
-852
-731
-518
-971
-473
-341
-666
-831
-612
-731
-447
-666
-635
-673
-630
-421
-884
-724
-651
-786
-559
-573
-573
-677
-641
-394
-719
-1096
-1048
-1065
-1358
-990
-1101
-1843
-1148
-971
-1236
-1120
-997
-923
-746
-773
-790
-740
-616
-581
-383
-598
-649
-791
-520
-301
-588
-559
-429
-310
-441
-739
-363
-449
-733
-282
-320
-496
-258
-499
-165
117
-176
63
440
474
589
759
977
1194
1111
1172
1446
1751
1672
1720
2215
1961
1483
1515
1138
802
728
571
430
539
111
-71
-40
109
-4
-89
174
581
414
249
139
628
1786
1707
1648
924
-64
46
860
2095
3444
3556
2685
2492
2082
1342
1196
1071
573
591
1346
1225
790
1081
984
742
346
255
195
217
641
