32
33
32
31
31
32
33
33
35
36
36
36
36
35
35
35
35
34
33
32
34
35
35
36
34
32
32
32
31
32
30
32
33
34
35
35
34
35
35
35
34
35
35
36
38
39
37
37
37
36
38
37
38
38
38
38
40
39
39
41
40
42
43
43
44
43
44
43
43
42
42
42
42
41
40
39
38
39
39
38
37
37
38
39
37
37
37
36
37
38
37
36
38
39
38
38
38
37
37
39
37
38
38
37
38
39
40
38
40
39
40
40
40
39
38
38
39
39
38
37
38
39
39
39
37
38
36
37
37
37
38
39
37
38
38
38
39
38
36
35
34
34
35
35
36
35
32
33
32
32
33
33
32
31
30
32
32
31
32
31
31
29
29
30
31
32
32
31
31
32
32
32
31
29
28
27
28
28
28
28
28
28
26
26
26
26
27
26
27
29
27
29
29
31
29
28
26
26
26
27
26
26
27
27
27
26
26
25
27
27
26
24
23
24
24
23
23
22
23
23
24
24
26
25
25
24
25
24
24
23
23
22
24
25
26
26
25
25
24
25
24
25
25
24
23
23
23
25
26
27
25
24
25
25
27
27
27
26
26
27
27
27
26
28
29
30
31
30
29
27
26
25
26
25
26
26
27
26
28
27
27
26
27
26
26
27
27
27
26
27
27
27
26
26
27
28
30
30
29
26
26
26
26
27
28
29
29
29
27
25
24
27
28
29
29
28
28
30
31
31
31
32
30
31
32
33
34
32
32
31
30
31
32
31
33
33
32
31
31
31
33
33
34
33
32
31
31
29
27
29
30
30
31
30
30
30
30
29
29
30
31
32
32
32
32
30
31
31
32
31
31
31
32
32
32
31
32
31
32
33
32
32
31
31
32
32
33
33
34
34
33
33
34
34
34
34
33
32
32
32
33
33
34
35
35
35
34
33
31
32
32
32
33
33
34
35
36
36
36
36
34
35
35
34
34
33
33
34
34
35
33
35
33
33
33
34
34
33
33
32
33
33
33
34
34
32
31
31
31
33
33
34
34
34
34
34
34
35
36
34
33
33
34
33
33
34
34
35
37
36
34
34
35
36
37
36
35
34
34
34
34
35
36
36
36
36
34
32
32
32
33
32
33
34
33
34
34
34
34
32
32
32
34
34
35
33
33
32
33
34
36
36
34
35
35
36
35
35
34
34
35
35
34
33
35
35
33
34
34
33
35
35
35
34
34
36
35
34
35
35
34
36
36
35
35
36
36
36
37
37
36
35
36
37
38
40
38
39
39
40
41
39
39
39
39
39
38
39
39
39
39
41
40
40
40
40
41
40
40
39
39
40
39
40
40
41
41
41
42
43
43
42
42
41
42
41
41
43
42
42
42
41
42
42
43
42
41
41
41
42
43
42
41
41
40
40
41
41
41
41
40
41
40
43
42
42
42
42
42
42
41
40
40
41
43
45
45
43
42
41
41
42
41
41
40
39
40
39
40
41
40
40
39
39
40
39
40
39
38
38
37
37
38
38
38
37
39
39
38
38
39
39
38
38
38
37
39
40
40
38
36
36
37
39
40
39
38
36
35
36
37
38
38
40
39
37
38
37
38
39
40
38
37
36
35
36
38
37
38
38
36
36
36
37
36
34
36
36
37
38
38
37
36
34
34
35
37
36
35
34
34
33
34
34
33
35
34
33
31
30
30
30
30
29
30
29
29
28
29
28
27
27
27
27
27
27
29
29
28
27
27
27
28
25
26
26
27
27
25
23
22
23
24
25
24
23
22
22
22
22
22
21
20
20
22
23
24
23
22
20
20
20
17
17
17
17
18
19
18
18
17
16
16
15
15
16
16
15
14
14
15
15
16
17
19
18
18
17
16
15
16
16
16
16
16
17
17
16
16
16
16
16
16
15
14
15
15
16
15
14
13
14
16
17
17
17
16
16
17
16
14
14
12
13
14
14
13
12
13
14
15
15
15
12
12
14
14
14
11
11
12
12
12
13
13
12
13
12
11
10
11
11
11
12
11
11
12
13
14
14
14
14
14
14
12
11
11
11
12
13
13
15
14
15
14
14
13
15
16
15
15
14
14
16
17
18
18
18
18
17
16
16
15
14
13
13
14
16
17
16
16
16
17
18
17
17
17
16
17
18
19
18
19
19
18
16
17
16
18
19
18
17
16
15
15
16
16
16
14
15
15
14
13
13
12
13
14
13
13
13
13
15
13
14
15
16
17
16
16
14
13
14
15
14
13
13
14
15
16
14
14
13
14
14
13
14
15
13
13
12
12
13
13
14
14
13
11
9
9
9
10
10
9
9
9
9
9
8
8
6
6
7
7
7
8
7
7
6
6
8
9
6
7
8
7
7
8
7
7
7
6
7
7
7
7
5
4
4
4
5
6
5
6
7
7
6
5
3
4
3
3
5
6
5
4
2
3
5
4
6
7
7
6
6
5
4
4
2
3
4
6
5
5
6
7
9
8
8
8
7
8
8
8
8
6
7
8
7
6
7
7
7
7
8
7
8
10
9
8
5
4
2
3
5
5
6
6
5
7
7
6
5
4
5
5
4
4
6
7
7
7
7
5
3
3
3
5
4
5
5
5
5
7
7
7
6
7
7
6
7
5
5
6
6
5
6
5
7
8
9
8
8
7
7
7
7
7
8
9
10
8
7
8
9
10
9
8
8
7
9
10
10
9
6
6
6
8
7
7
8
7
8
6
7
7
7
7
7
6
6
6
5
6
7
5
4
4
3
4
4
5
5
5
4
5
4
4
4
4
6
8
9
9
9
7
8
8
7
6
7
6
6
7
10
10
10
9
8
7
5
5
5
5
3
3
4
5
3
3
3
2
1
0
-1
-1
-1
-1
-2
0
1
1
1
0
0
-1
0
1
-1
0
0
-1
1
0
1
2
3
2
1
1
0
0
0
1
0
0
1
1
1
2
0
0
-1
-2
-1
-3
-3
-4
-5
-5
-4
-2
-1
-3
-4
-3
-4
-2
-2
-1
-3
-3
-1
-1
-2
-2
-1
-2
-2
-1
-1
0
0
-2
-3
-3
-3
-3
-3
-5
-6
-6
-6
-5
-4
-6
-5
-5
-5
-5
-7
-8
-7
-6
-5
-6
-7
-6
-4
-2
-3
-2
-3
-3
-2
-2
-1
-1
0
-2
-3
-3
-2
-1
0
1
0
-1
-1
-1
0
0
0
0
0
-3
-3
-2
0
0
0
-1
-1
0
1
-1
-3
-3
-4
-2
1
2
1
0
-1
-3
-2
-3
-1
-1
0
-2
0
-1
0
1
1
1
0
0
1
1
2
1
2
4
3
3
2
2
3
3
3
3
4
3
2
2
3
2
1
3
4
5
6
6
5
4
3
4
3
4
4
3
4
4
3
4
5
4
5
5
3
1
1
1
1
2
1
1
4
4
5
5
4
3
3
3
2
0
1
1
2
3
3
4
4
4
4
2
2
1
3
5
5
5
3
4
3
3
2
2
1
1
1
2
2
2
2
3
4
4
2
1
0
-1
-2
-2
-4
-4
-3
-4
-3
-4
-5
-4
-5
-6
-6
-6
-8
-7
-6
-6
-7
-8
-8
-7
-7
-8
-8
-10
-10
-9
-8
-7
-6
-7
-7
-7
-8
-9
-11
-11
-11
-10
-10
-9
-11
-11
-12
-12
-12
-10
-10
-9
-12
-11
-11
-12
-11
-12
-12
-13
-12
-12
-11
-12
-12
-13
-14
-15
-15
-14
-13
-12
-13
-13
-15
-14
-14
-15
-16
-18
-18
-17
-18
-17
-16
-13
-12
-15
-15
-16
-17
-16
-18
-19
-18
-19
-17
-17
-14
-15
-15
-15
-16
-14
-13
-15
-15
-15
-16
-15
-14
-13
-13
-13
-14
-13
-14
-15
-15
-15
-16
-16
-15
-15
-14
-16
-15
-17
-16
-16
-15
-15
-16
-16
-17
-17
-16
-16
-16
-16
-17
-17
-16
-14
-12
-12
-13
-13
-12
-13
-14
-15
-15
-14
-14
-13
-11
-11
-11
-11
-10
-10
-12
-11
-10
-9
-9
-11
-10
-11
-10
-9
-11
-12
-13
-14
-13
-14
-13
-14
-13
-13
-12
-14
-14
-14
-13
-11
-10
-9
-9
-9
-9
-8
-9
-8
-8
-6
-3
-3
-3
-5
-7
-6
-5
-4
-3
-5
-6
-5
-6
-5
-5
-3
-2
-3
-4
-3
-3
-4
-3
-3
-1
0
0
0
0
-2
-1
-2
-1
-2
-3
-2
-3
-2
-3
-2
-4
-3
-3
-3
-3
-5
-5
-4
-4
-3
-1
-2
-1
0
0
1
0
0
-1
-3
-2
-2
-1
-1
-1
-1
1
1
2
3
1
1
0
1
1
-1
-2
-2
-2
-2
-1
1
1
3
2
1
0
0
0
-1
-1
-1
-1
0
0
-1
-1
-2
-3
-4
-4
-4
-5
-4
-3
-4
-2
-3
-2
-3
-5
-6
-7
-8
-7
-4
-4
-6
-9
-9
-8
-9
-10
-9
-11
-10
-8
-8
-8
-8
-10
-11
-12
-13
-13
-13
-12
-13
-13
-13
-13
-11
-10
-11
-13
-16
-15
-15
-15
-13
-14
-14
-13
-13
-15
-15
-15
-16
-16
-15
-14
-13
-12
-12
-12
-12
-13
-13
-12
-12
-12
-12
-13
-15
-14
-12
-11
-10
-12
-14
-13
-14
-14
-12
-11
-11
-11
-14
-15
-14
-16
-16
-15
-15
-15
-16
-16
-14
-15
-14
-15
-14
-15
-15
-16
-18
-18
-17
-18
-17
-16
-17
-18
-18
-17
-17
-17
-17
-17
-16
-15
-16
-16
-15
-16
-15
-16
-15
-15
-15
-15
-15
-15
-15
-13
-13
-12
-13
-14
-14
-14
-15
-16
-16
-14
-15
-17
-18
-19
-19
-17
-17
-18
-18
-17
-18
-18
-17
-17
-14
-14
-14
-14
-13
-14
-14
-13
-12
-14
-14
-14
-15
-13
-13
-12
-13
-12
-12
-11
-11
-11
-12
-11
-11
-11
-11
-12
-12
-12
-10
-9
-10
-12
-13
-12
-14
-14
-15
-16
-16
-14
-13
-13
-13
-13
-15
-15
-17
-15
-14
-14
-13
-14
-15
-14
-13
-13
-13
-12
-11
-13
-15
-15
-14
-15
-14
-14
-12
-12
-11
-13
-13
-14
-13
-14
-13
-13
-13
-13
-12
-13
-12
-11
-11
-11
-13
-15
-15
-15
-16
-16
-15
-14
-14
-14
-14
-14
-16
-16
-14
-13
-15
-15
-16
-15
-13
-14
-14
-14
-13
-12
-11
-11
-11
-13
-13
-14
-14
-14
-13
-13
-15
-15
-16
-16
-16
-15
-15
-14
-15
-16
-15
-14
-14
-14
-15
-16
-15
-14
-13
-13
-12
-11
-10
-10
-11
-12
-13
-12
-14
-12
-13
-11
-12
-11
-11
-11
-11
-10
-9
-9
-10
-10
-12
-14
-13
-15
-12
-12
-12
-13
-11
-10
-8
-8
-8
-9
-10
-9
-11
-13
-11
-11
-10
-9
-8
-7
-4
-5
-5
-5
-5
-4
-3
-3
-4
-3
-5
-5
-3
-3
-3
-4
-6
-6
-6
-4
-4
-3
-5
-7
-8
-9
-8
-9
-9
-8
-9
-8
-7
-7
-6
-7
-8
-10
-11
-11
-12
-10
-9
-9
-7
-7
-6
-8
-10
-11
-11
-8
-7
-7
-7
-8
-8
-8
-8
-8
-7
-8
-9
-10
-9
-8
-6
-6
-6
-8
-7
-6
-6
-6
-7
-7
-7
-7
-7
-6
-6
-5
-6
-7
-7
-7
-6
-6
-5
-5
-6
-7
-8
-6
-5
-5
-6
-8
-8
-8
-6
-7
-6
-6
-8
-8
-9
-10
-11
-11
-10
-10
-11
-9
-9
-9
-9
-8
-9
-10
-11
-11
-9
-8
-7
-7
-9
-7
-8
-9
-8
-8
-8
-7
-5
-5
-4
-6
-6
-7
-7
-7
-8
-7
-8
-8
-7
-6
-7
-7
-9
-10
-10
-11
-11
-10
-9
-10
-9
-10
-9
-10
-11
-11
-13
-12
-12
-14
-14
-13
-13
-14
-14
-14
-13
-12
-13
-14
-14
-15
-15
-16
-15
-14
-14
-17
-16
-15
-14
-14
-15
-17
-16
-16
-15
-14
-15
-15
-13
-11
-11
-13
-14
-15
-15
-15
-16
-18
-20
-19
-19
-17
-17
-19
-19
-20
-19
-19
-20
-20
-22
-22
-21
-22
-24
-25
-24
-23
-21
-20
-20
-20
-20
-22
-21
-23
-25
-24
-23
-24
-24
-24
-23
-22
-23
-22
-24
-25
-25
-26
-23
-21
-22
-22
-22
-23
-22
-21
-21
-21
-21
-21
-21
-21
-20
-20
-22
-23
-23
-23
-22
-20
-19
-19
-19
-19
-22
-21
-21
-21
-22
-22
-22
-22
-20
-21
-22
-22
-23
-22
-23
-22
-21
-20
-22
-23
-23
-25
-24
-25
-24
-25
-23
-22
-22
-24
-25
-25
-24
-22
-22
-22
-24
-26
-26
-26
-25
-25
-24
-22
-22
-23
-24
-24
-24
-24
-22
-23
-22
-22
-22
-20
-20
-19
-18
-18
-17
-18
-19
-19
-17
-17
-16
-18
-18
-17
-16
-16
-18
-20
-19
-17
-16
-16
-16
-17
-17
-18
-19
-18
-18
-18
-18
-17
-19
-21
-22
-22
-22
-20
-20
-19
-18
-20
-20
-19
-18
-17
-17
-19
-21
-20
-20
-19
-17
-16
-16
-16
-17
-18
-17
-17
-15
-13
-13
-12
-12
-14
-13
-13
-13
-13
-13
-14
-13
-13
-13
-12
-13
-14
-15
-16
-15
-14
-14
-14
-15
-17
-17
-17
-17
-17
-17
-17
-19
-18
-18
-17
-19
-20
-21
-21
-21
-21
-21
-22
-21
-21
-21
-18
-19
-19
-19
-19
-20
-21
-21
-22
-23
-22
-22
-21
-20
-19
-19
-21
-23
-25
-23
-22
-23
-23
-24
-25
-24
-21
-22
-22
-24
-24
-24
-23
-23
-25
-24
-23
-23
-24
-22
-21
-22
-21
-23
-24
-23
-25
-26
-26
-25
-25
-24
-24
-24
-24
-25
-26
-26
-26
-26
-24
-26
-28
-28
-27
-27
-27
-26
-26
-25
-24
-24
-23
-22
-22
-22
-24
-24
-25
-24
-25
-24
-23
-23
-24
-23
-23
-24
-24
-24
-27
-27
-26
-25
-23
-23
-25
-26
-27
-28
-28
-29
-28
-29
-27
-27
-28
-29
-28
-28
-30
-30
-30
-31
-29
-29
-30
-29
-29
-29
-28
-28
-28
-30
-31
-32
-33
-32
-29
-30
-30
-30
-29
-29
-26
-28
-30
-31
-31
-31
-31
-31
-31
-32
-30
-30
-30
-30
-31
-30
-30
-30
-31
-30
-31
-31
-32
-32
-32
-31
-29
-29
-30
-32
-31
-31
-30
-29
-30
-30
-31
-30
-31
-30
-29
-28
-28
-28
-28
-28
-28
-29
-29
-28
-28
-26
-26
-26
-26
-26
-28
-29
-27
-26
-26
-27
-27
-27
-27
-27
-27
-28
-29
-30
-29
-29
-29
-28
-29
-27
-27
-27
-27
-27
-26
-27
-29
-30
-27
-27
-25
-25
-26
-25
-26
-27
-26
-28
-27
-25
-24
-23
-21
-22
-23
-23
-24
-24
-25
-25
-25
-25
-25
-23
-23
-24
-25
-26
-27
-27
-26
-26
-26
-28
-28
-28
-30
-29
-28
-28
-30
-30
-32
-31
-31
-29
-29
-29
-27
-29
-28
-27
-27
-28
-28
-28
-28
-28
-28
-27
-28
-28
-27
-28
-29
-28
-28
-28
-29
-29
-31
-30
-29
-30
-30
-31
-32
-31
-30
-30
-30
-31
-30
-29
-27
-29
-30
-31
-30
-32
-31
-31
-30
-28
-30
-31
-33
-34
-35
-34
-32
-30
-30
-31
-30
-30
-32
-32
-33
-34
-31
-31
-30
-30
-30
-29
-31
-30
-31
-32
-32
-33
-33
-33
-32
-31
-30
-30
-32
-33
-35
-34
-34
-34
-33
-33
-30
-30
-29
-29
-31
-30
-30
-29
-29
-30
-30
-30
-30
-30
-30
-30
-29
-30
-29
-29
-30
-30
-28
-29
-29
-31
-32
-31
-31
-30
-29
-28
-28
-29
-29
-29
-28
-29
-30
-29
-28
-28
-28
-28
-29
-28
-26
-26
-26
-26
-27
-25
-25
-25
-26
-26
-25
-24
-23
-23
-24
-24
-23
-23
-23
-24
-25
-24
-22
-20
-20
-22
-23
-22
-22
-22
-23
-25
-26
-25
-26
-25
-25
-25
-24
-24
-23
-23
-23
-21
-23
-23
-25
-24
-22
-22
-20
-21
-20
-20
-19
-19
-20
-22
-22
-22
-21
-21
-19
-19
-18
-18
-16
-15
-16
-17
-17
-16
-16
-17
-19
-19
-19
-17
-17
-17
-18
-17
-16
-16
-15
-16
-17
-18
-18
-17
-16
-17
-16
-15
-15
-15
-15
-16
-16
-17
-17
-16
-15
-15
-15
-16
-16
-16
-16
-16
-17
-16
-15
-16
-17
-18
-18
-18
-19
-20
-22
-21
-21
-21
-21
-20
-21
-21
-21
-23
-23
-24
-23
-22
-23
-23
-24
-24
-21
-21
-22
-22
-22
-22
-23
-22
-21
-21
-22
-24
-24
-22
-21
-20
-20
-21
-21
-21
-22
-22
-21
-22
-23
-22
-22
-22
-22
-23
-22
-22
-22
-23
-24
-26
-25
-24
-23
-23
-24
-25
-25
-24
-24
-25
-25
-26
-27
-27
-25
-25
-24
-27
-28
-27
-27
-27
-26
-28
-28
-29
-28
-28
-26
-24
-25
-26
-26
-28
-28
-28
-28
-28
-27
-27
-27
-27
-28
-27
-27
-27
-27
-26
-25
-26
-27
-28
-27
-26
-27
-28
-27
-26
-27
-27
-28
-27
-26
-27
-27
-28
-29
-28
-28
-30
-30
-28
-28
-28
-28
-28
-28
-29
-29
-31
-32
-32
-32
-34
-34
-33
-31
-30
-30
-30
-30
-31
-29
-27
-26
-24
-24
-26
-27
-26
-25
-24
-25
-26
-26
-25
-25
-24
-23
-26
-26
-27
-26
-26
-25
-25
-25
-25
-26
-26
-26
-25
-24
-24
-24
-25
-25
-25
-23
-21
-21
-23
-22
-25
-25
-25
-25
-23
-21
-22
-23
-23
-21
-21
-21
-21
-22
-22
-21
-19
-18
-17
-17
-17
-16
-14
-14
-13
-14
-16
-15
-16
-16
-16
-18
-18
-17
-17
-17
-16
-17
-16
-16
-14
-15
-16
-17
-18
-16
-16
-16
-15
-16
-15
-14
-13
-14
-13
-14
-16
-17
-15
-15
-15
-15
-14
-15
-15
-16
-17
-16
-16
-15
-16
-16
-16
-18
-18
-17
-16
-16
-16
-14
-15
-15
-15
-16
-15
-15
-16
-15
-14
-14
-15
-15
-15
-15
-14
-15
-15
-17
-18
-19
-20
-20
-20
-19
-18
-17
-16
-16
-15
-14
-14
-15
-17
-17
-17
-15
-14
-14
-16
-15
-14
-17
-16
-16
-16
-17
-18
-18
-17
-18
-17
-17
-19
-19
-19
-19
-19
-20
-21
-22
-21
-22
-23
-23
-22
-21
-19
-19
-20
-21
-19
-18
-19
-19
-20
-22
-23
-24
-23
-24
-24
-23
-22
-22
-23
-23
-22
-23
-24
-25
-26
-26
-26
-25
-25
-26
-25
-24
-24
-24
-25
-25
-24
-25
-26
-26
-27
-27
-25
-24
-24
-24
-24
-24
-24
-25
-26
-27
-28
-29
-29
-29
-28
-28
-26
-27
-27
-26
-27
-27
-27
-28
-28
-28
-28
-28
-28
-27
-27
-28
-28
-29
-30
-30
-28
-29
-31
-32
-33
-34
-32
-29
-27
-28
-29
-29
-29
-28
-28
-26
-27
-26
-25
-25
-25
-26
-25
-25
-26
-24
-25
-27
-28
-28
-28
-29
-29
-29
-28
-30
-29
-29
-29
-29
-30
-30
-30
-29
-27
-27
-27
-26
-25
-25
-26
-27
-26
-27
-27
-26
-27
-26
-24
-24
-25
-25
-26
-26
-26
-26
-25
-24
-23
-23
-23
-23
-24
-24
-23
-22
-21
-23
-22
-22
-22
-23
-24
-26
-27
-26
-26
-26
-24
-25
-23
-23
-23
-24
-24
-25
-25
-25
-26
-25
-25
-23
-20
-18
-20
-21
-23
-24
-25
-25
-25
-25
-26
-26
-25
-24
-25
-25
-25
-25
-24
-25
-25
-25
-26
-25
-25
-24
-23
-22
-24
-24
-25
-25
-25
-23
-23
-22
-22
-23
-23
-24
-23
-22
-20
-20
-21
-21
-23
-23
-23
-22
-21
-20
-20
-20
-20
-20
-20
-22
-24
-25
-25
-24
-23
-23
-21
-22
-21
-22
-23
-22
-21
-22
-23
-24
-23
-20
-19
-17
-17
-17
-17
-19
-21
-21
-21
-21
-20
-21
-21
-20
-20
-19
-20
-21
-21
-21
-20
-20
-21
-21
-20
-20
-17
-18
-19
-21
-22
-23
-21
-21
-20
-19
-20
-19
-19
-19
-19
-19
-20
-22
-23
-23
-22
-24
-21
-20
-21
-21
-21
-20
-20
-21
-21
-21
-23
-23
-23
-23
-22
-23
-21
-20
-21
-20
-21
-21
-20
-21
-22
-20
-21
-22
-21
-22
-22
-20
-19
-19
-19
-19
-20
-18
-19
-19
-19
-20
-20
-18
-18
-16
-15
-14
-15
-15
-15
-15
-17
-17
-15
-14
-13
-13
-12
-12
-12
-12
-11
-12
-11
-10
-10
-10
-11
-9
-9
-9
-9
-9
-9
-9
-9
-9
-7
-9
-9
-9
-9
-9
-9
-9
-9
-9
-10
-12
-9
-8
-8
-7
-9
-11
-11
-10
-11
-10
-9
-9
-10
-10
-10
-8
-6
-7
-9
-11
-10
-11
-11
-10
-10
-9
-9
-10
-11
-12
-12
-12
-10
-10
-11
-10
-10
-10
-9
-9
-10
-11
-11
-12
-12
-11
-12
-11
-12
-11
-11
-10
-10
-10
-11
-12
-13
-12
-12
-12
-13
-14
-13
-13
-11
-12
-13
-12
-11
-11
-10
-11
-11
-11
-11
-13
-12
-11
-12
-13
-13
-14
-13
-12
-13
-13
-14
-15
-15
-14
-15
-15
-15
-14
-13
-13
-13
-14
-16
-16
-16
-16
-17
-16
-15
-13
-13
-13
-14
-15
-13
-13
-13
-15
-15
-16
-16
-16
-15
-14
-14
-16
-18
-17
-15
-14
-14
-16
-16
-17
-17
-17
-17
-17
-17
-17
-15
-16
-16
-18
-19
-17
-18
-18
-19
-19
-17
-17
-16
-18
-21
-21
-19
-17
-18
-18
-20
-20
-19
-18
-18
-19
-20
-20
-19
-19
-19
-19
-18
-18
-16
-16
-18
-17
-16
-16
-18
-19
-17
-17
-18
-18
-18
-17
-16
-16
-16
-16
-18
-19
-19
-17
-16
-15
-14
-14
-13
-14
-13
-16
-16
-15
-14
-14
-13
-13
-14
-13
-12
-13
-14
-15
-14
-14
-13
-14
-14
-15
-14
-15
-15
-14
-14
-15
-15
-15
-15
-15
-15
-13
-12
-11
-12
-13
-13
-13
-11
-11
-11
-11
-10
-11
-11
-9
-11
-10
-10
-11
-11
-11
-10
-10
-10
-9
-9
-9
-9
-10
-11
-8
-7
-7
-7
-8
-9
-10
-8
-8
-7
-6
-8
-8
-8
-6
-8
-8
-9
-10
-10
-10
-9
-9
-9
-9
-8
-8
-8
-8
-9
-10
-10
-11
-10
-10
-8
-6
-5
-4
-4
-6
-8
-7
-7
-8
-8
-8
-8
-8
-7
-5
-6
-7
-6
-8
-7
-6
-6
-5
-4
-3
-4
-2
-2
0
-1
-2
-3
-4
-3
0
0
0
-1
-2
-2
-3
-5
-5
-5
-5
-4
-2
-3
-4
-2
-5
-4
-4
-6
-7
-7
-7
-7
-6
-6
-7
-7
-7
-8
-8
-9
-10
-8
-7
-7
-9
-10
-10
-8
-7
-6
-5
-5
-5
-6
-6
-6
-4
-3
-5
-6
-6
-6
-6
-6
-5
-5
-4
-5
-7
-8
-8
-7
-8
-10
-9
-10
-12
-12
-12
-12
-12
-12
-11
-10
-10
-11
-11
-11
-12
-12
-12
-14
-15
-15
-16
-16
-15
-15
-15
-14
-15
-17
-17
-17
-17
-18
-18
-16
-16
-15
-16
-15
-14
-15
-15
-14
-14
-14
-15
-15
-16
-17
-19
-18
-17
-17
-16
-18
-19
-19
-19
-18
-19
-18
-18
-17
-16
-16
-16
-16
-16
-17
-16
-14
-14
-14
-14
-14
-13
-15
-14
-15
-15
-16
-16
-16
-18
-18
-17
-17
-17
-17
-19
-20
-19
-18
-18
-18
-19
-19
-19
-17
-17
-17
-18
-15
-15
-14
-15
-16
-17
-16
-15
-16
-16
-14
-15
-15
-14
-16
-15
-14
-11
-11
-13
-13
-13
-12
-12
-14
-14
-14
-14
-13
-13
-13
-13
-14
-15
-17
-17
-18
-16
-18
-16
-15
-14
-15
-16
-17
-15
-15
-14
-14
-12
-11
-11
-12
-13
-15
-15
-14
-13
-11
-14
-13
-13
-12
-10
-11
-12
-11
-11
-12
-11
-11
-10
-9
-10
-10
-11
-12
-11
-12
-11
-10
-10
-10
-11
-11
-10
-11
-11
-9
-9
-10
-9
-9
-8
-9
-8
-9
-9
-10
-8
-9
-9
-9
-11
-8
-8
-9
-8
-8
-7
-6
-4
-4
-7
-10
-9
-8
-7
-6
-6
-7
-7
-6
-5
-5
-5
-5
-7
-8
-7
-6
-5
-5
-5
-4
-5
-5
-5
-5
-4
-2
-2
-4
-6
-8
-9
-6
-5
-6
-5
-5
-3
-2
-5
-5
-6
-7
-5
-4
-6
-6
-5
-6
-4
-3
-4
-3
-5
-5
-5
-6
-6
-5
-5
-4
-6
-5
-6
-3
-4
-3
-5
-7
-8
-8
-7
-7
-6
-8
-8
-7
-6
-5
-5
-5
-4
-6
-6
-6
-6
-4
-4
-3
-4
-6
-7
-7
-6
-7
-7
-8
-8
-9
-9
-7
-6
-5
-6
-5
-5
-5
-5
-5
-4
-4
-3
-2
-4
-6
-7
-7
-8
-7
-5
-4
-4
-5
-5
-5
-5
-6
-6
-5
-6
-4
-4
-5
-6
-5
-5
-6
-6
-6
-5
-5
-5
-4
-6
-5
-5
-4
-5
-7
-8
-10
-11
-8
-7
-6
-7
-7
-6
-6
-4
-4
-4
-5
-4
-5
-6
-6
-6
-4
-3
-3
-4
-5
-5
-5
-5
-5
-6
-6
-5
-6
-8
-8
-8
-8
-7
-7
-6
-7
-8
-6
-8
-8
-7
-8
-7
-8
-9
-8
-8
-8
-9
-9
-8
-8
-6
-6
-6
-6
-7
-7
-7
-8
-6
-6
-7
-6
-6
-6
-5
-4
-6
-6
-6
-7
-6
-5
-5
-6
-6
-6
-5
-5
-4
-5
-5
-5
-6
-7
-6
-6
-5
-5
-7
-7
-8
-7
-6
-5
-3
-3
-4
-3
-3
-2
-3
-5
-5
-5
-3
-3
-4
-5
-4
-4
-4
-4
-5
-5
-6
-4
-4
-5
-6
-4
-4
-4
-3
-2
-2
-1
-1
-1
0
-2
0
-1
-1
-1
-1
-2
-2
-1
-1
-1
-1
1
1
0
-2
-2
-3
-2
-1
-2
-1
-1
0
1
1
1
0
0
0
0
-1
-2
-2
-3
-3
-3
-3
-3
-3
-3
-2
-2
-2
-3
-3
-3
-4
-3
-4
-3
-4
-4
-5
-5
-4
-3
-4
-3
-4
-3
-4
-4
-4
-3
0
2
0
-1
0
0
1
0
1
1
2
1
2
2
2
2
3
3
4
5
6
4
4
5
6
5
5
4
4
5
4
5
5
7
7
5
4
5
6
6
6
7
6
6
6
6
7
7
8
7
7
6
8
9
8
9
9
9
9
8
8
8
7
7
7
9
6
7
8
8
10
8
8
7
9
8
9
8
8
7
7
8
10
12
12
12
11
9
7
7
8
8
9
8
6
6
7
9
8
8
7
7
7
7
6
7
6
8
7
6
6
5
7
6
7
6
6
6
6
6
6
6
6
6
6
7
8
9
10
10
10
9
10
9
10
10
8
8
10
11
12
14
13
12
10
11
11
12
12
13
12
13
14
14
13
11
12
12
14
13
11
10
11
12
12
11
10
10
11
12
13
14
12
11
11
10
10
10
10
10
11
10
11
10
9
9
10
10
8
7
7
7
9
8
8
8
8
8
7
4
4
6
8
8
8
8
7
6
7
6
6
6
5
5
5
5
5
7
7
7
6
4
3
5
5
4
3
3
3
4
3
2
3
1
2
1
1
2
3
3
3
3
2
2
2
1
1
1
1
3
3
3
2
2
1
0
0
-1
-1
-2
-4
-4
-2
-2
-2
0
0
-1
0
0
-1
-1
-1
-1
-1
1
0
0
1
0
-1
-1
0
0
0
-1
-1
0
-1
1
0
1
0
0
-2
-1
-2
-2
-3
-3
-3
-2
-2
-3
-4
-5
-2
-3
-4
-5
-5
-5
-5
-4
-5
-6
-5
-6
-6
-8
-7
-6
-4
-2
-3
-4
-5
-5
-5
-6
-6
-7
-8
-6
-6
-7
-7
-7
-8
-8
-7
-6
-6
-7
-8
-8
-7
-7
-7
-8
-8
-7
-7
-8
-6
-6
-6
-5
-4
-4
-4
-5
-6
-6
-5
-2
-4
-4
-3
-5
-5
-4
-5
-6
-6
-6
-4
-2
-1
-2
-3
-3
-4
-3
-3
-4
-5
-5
-4
-3
-3
-3
-2
-2
-2
-2
-3
-3
-2
-2
-2
-1
-1
0
0
-2
0
0
0
0
1
1
1
2
1
1
1
1
1
2
2
2
2
2
2
1
0
0
0
0
0
-2
-2
-2
-1
0
0
0
0
0
0
0
-2
-2
-1
-1
-1
-1
-1
-1
-1
-1
0
1
2
1
-1
-1
-2
-1
1
2
0
1
0
0
1
2
2
1
1
1
1
1
1
-1
0
0
0
-1
-3
-2
-1
0
-2
-4
-2
0
-1
-1
-1
0
0
0
-1
0
1
1
0
0
0
0
3
2
0
-1
-1
0
0
-1
-1
1
0
-2
-2
-3
-1
-1
0
0
1
0
1
0
-1
0
0
1
1
1
1
-1
-1
-1
0
2
2
0
-1
-1
1
1
0
-1
-2
0
2
3
2
2
1
0
1
0
-2
-1
-2
-2
-3
-1
0
0
1
-1
-2
-3
-3
-3
-3
-2
-2
-3
-2
-2
-2
-1
-2
-3
-3
-4
-3
-2
-2
-1
-3
-4
-5
-3
-4
-4
-4
-4
-4
-4
-3
-1
-1
-1
-2
-1
-1
-2
-2
-1
0
-1
-3
-4
-5
-4
-3
-3
-2
-4
-3
-3
-3
-4
-4
-3
-3
-1
-2
-3
-3
-1
0
1
2
2
1
3
4
3
3
3
2
2
4
5
4
5
4
3
4
2
1
0
1
2
2
4
3
2
2
2
2
3
6
6
7
7
5
5
5
4
4
5
6
6
8
9
8
9
9
9
9
9
8
8
8
9
10
11
12
12
13
13
12
12
11
11
11
12
13
12
13
13
13
12
12
12
10
11
12
12
13
14
13
13
12
12
11
12
13
13
13
13
15
15
15
15
16
15
15
13
13
13
12
13
14
14
14
14
13
13
11
11
11
11
14
13
13
12
11
12
13
12
13
13
12
12
13
13
14
14
14
14
14
13
14
12
12
13
13
14
14
14
14
13
12
12
12
12
14
13
13
14
13
12
13
11
11
11
9
9
10
13
13
12
10
8
8
8
8
9
10
11
12
11
11
12
13
12
13
12
11
13
11
10
10
9
10
10
10
9
11
12
14
13
11
9
8
9
10
11
10
10
10
10
9
9
9
8
8
8
8
8
8
8
7
7
8
8
6
7
7
8
8
6
6
6
7
7
7
7
6
8
9
8
7
9
10
10
11
9
9
9
10
10
8
8
7
7
8
8
8
8
7
7
9
9
9
9
8
8
8
8
9
10
10
10
10
10
10
10
11
9
8
9
9
9
8
8
9
9
11
11
11
12
12
12
11
11
9
9
10
10
9
7
8
9
9
8
9
10
9
9
9
10
11
11
12
12
12
13
15
15
14
13
11
11
13
15
15
13
12
12
12
12
12
13
13
14
13
12
12
12
13
13
14
14
13
12
12
11
11
13
13
11
10
12
12
13
12
10
10
10
10
9
8
9
9
9
9
10
8
8
7
10
9
11
9
10
10
8
8
8
7
8
8
8
8
8
7
5
3
3
5
6
7
7
6
5
6
6
5
6
5
4
3
4
5
7
7
6
7
7
5
6
6
7
6
7
7
7
8
9
10
10
8
7
7
8
9
9
8
7
9
10
8
10
8
6
6
6
8
10
9
8
8
9
8
8
8
8
10
9
7
7
8
9
10
9
9
7
7
10
11
11
12
13
13
11
10
9
8
10
8
7
5
6
9
9
9
9
9
8
7
8
7
9
8
9
9
9
10
8
8
9
9
10
9
8
9
9
8
7
9
11
10
10
10
11
11
12
11
10
7
8
10
10
10
9
9
8
9
11
11
11
10
8
7
7
7
8
8
7
9
10
9
9
8
8
8
8
8
9
8
7
8
7
9
8
8
8
9
10
8
8
6
6
7
9
8
7
7
8
8
8
9
9
9
11
9
10
11
11
9
9
10
10
12
12
13
13
15
16
16
15
13
13
13
12
14
15
15
15
14
15
16
15
14
13
13
14
12
13
15
16
16
15
14
13
15
16
15
15
14
13
13
12
13
14
15
16
16
15
15
15
15
14
16
15
16
15
14
14
14
16
15
15
13
13
13
14
13
12
14
15
15
13
11
10
11
10
11
11
11
11
10
11
11
10
9
9
8
9
10
10
11
12
12
11
8
9
11
12
13
12
11
13
14
14
13
12
13
13
14
14
14
14
15
14
14
14
14
14
13
14
13
13
12
13
13
12
13
13
14
13
14
14
14
15
15
14
13
12
14
14
15
17
16
16
15
14
14
16
16
17
17
17
16
17
16
15
15
15
14
14
14
15
14
14
13
13
13
14
15
14
13
11
12
11
13
13
12
11
11
11
11
11
12
12
11
11
9
9
10
10
11
11
12
12
12
11
12
13
15
13
14
15
15
16
16
17
17
16
15
15
16
17
16
13
13
14
14
15
15
17
17
18
18
17
18
18
17
16
13
13
14
18
18
21
21
19
19
19
19
18
17
17
17
19
19
20
20
21
20
19
19
19
20
21
21
21
20
19
20
20
22
22
22
22
21
19
18
19
19
18
18
17
17
19
20
20
19
18
17
16
16
17
16
16
18
16
17
18
18
19
18
17
17
17
17
18
17
16
16
15
17
18
18
17
17
17
16
15
15
15
16
16
18
17
17
19
17
18
19
20
19
20
20
19
17
18
18
20
20
19
17
17
18
17
17
16
16
16
17
16
15
15
15
16
18
19
17
17
16
17
17
18
18
17
17
18
19
17
15
16
16
17
18
18
18
19
20
21
21
20
20
20
20
19
18
19
20
22
24
22
21
20
20
20
20
20
18
17
16
17
16
16
16
16
17
17
17
16
15
16
15
15
15
15
17
16
17
17
17
16
17
18
17
16
16
15
14
14
14
15
15
15
14
15
15
16
18
18
18
16
14
13
13
12
14
14
14
14
15
15
15
15
15
14
13
13
12
12
11
12
13
15
16
17
17
18
17
15
16
15
15
15
14
13
14
14
13
15
13
14
14
13
12
12
13
14
13
13
12
12
12
12
12
13
14
14
13
14
13
13
12
10
10
12
13
12
11
11
11
12
12
12
12
12
14
14
14
14
14
13
14
13
13
12
13
12
12
13
12
11
10
9
10
9
10
11
10
10
9
7
8
8
10
11
12
13
11
12
12
13
13
13
13
14
13
13
13
12
13
12
12
12
13
13
15
14
13
13
12
13
14
13
14
13
14
14
12
11
12
12
13
13
13
12
12
13
13
13
12
11
11
10
11
11
10
10
11
13
13
13
13
13
12
12
13
13
13
14
13
14
15
14
14
15
14
13
11
10
10
10
11
12
13
11
9
9
11
12
13
13
12
10
10
10
11
10
11
11
11
12
13
13
12
12
10
10
10
9
10
9
10
9
9
10
8
9
9
8
8
7
7
7
7
7
5
6
5
4
4
4
3
1
1
2
1
2
2
3
2
3
3
5
4
4
2
1
0
1
1
3
3
4
3
1
2
3
4
3
3
2
1
2
3
3
3
2
0
0
1
1
1
1
3
1
1
-1
-2
-1
-1
1
-2
-2
0
1
1
1
0
-1
-2
0
0
0
-3
-3
-3
-1
-1
0
1
1
1
1
0
-1
-1
-1
0
-1
0
1
1
1
0
1
1
4
3
1
1
1
2
3
4
2
1
1
3
3
5
5
5
4
3
4
6
5
6
5
3
3
2
2
2
3
4
3
4
4
3
3
4
5
3
2
3
3
4
5
5
6
5
4
4
3
3
2
4
4
4
2
3
3
3
3
4
3
2
3
5
7
6
6
8
7
7
7
6
7
8
9
10
10
8
8
9
8
9
7
5
5
6
8
7
7
7
8
6
7
5
4
5
5
6
7
7
9
10
13
12
12
11
11
12
11
13
13
12
14
14
14
14
14
13
14
13
14
13
14
12
11
12
13
13
13
14
14
15
14
15
15
14
15
15
13
12
10
9
12
12
12
12
11
10
10
10
10
10
11
11
11
11
9
9
10
11
13
12
12
12
11
10
9
9
9
9
8
8
6
4
4
5
7
7
6
6
7
5
6
6
5
6
7
8
8
7
9
8
9
9
9
9
10
9
9
10
9
11
10
10
12
11
10
9
9
9
9
8
9
9
10
11
9
7
5
6
8
9
10
8
7
9
11
11
10
9
7
8
9
10
11
11
9
9
9
9
9
8
8
7
8
9
10
11
12
12
10
9
9
8
9
8
8
8
9
9
10
11
10
8
7
7
6
4
3
4
4
5
5
4
3
3
3
2
-1
-1
0
3
3
2
0
0
1
2
2
2
1
0
2
0
1
2
2
1
1
-1
-1
-1
-1
-1
0
-1
-1
-3
-1
-1
0
0
-2
-2
-2
-1
-1
0
0
1
1
0
1
1
1
3
2
3
2
3
3
2
2
2
2
3
3
1
1
1
2
2
3
1
0
2
3
3
3
3
2
4
4
3
4
4
6
4
3
2
3
5
6
5
5
5
3
3
5
7
6
5
5
6
6
7
6
4
4
7
9
8
9
8
9
10
9
10
8
7
7
7
8
8
6
6
5
6
5
4
2
2
4
5
4
3
4
6
7
7
7
7
6
5
6
6
6
5
5
7
7
8
8
7
6
5
4
6
6
6
5
3
2
4
4
4
4
3
5
6
5
4
3
4
6
5
5
4
3
4
5
5
6
5
5
4
5
7
8
7
5
3
3
4
4
4
6
6
6
5
4
4
4
5
5
5
6
6
5
5
3
2
3
5
6
4
3
4
5
5
3
4
3
4
5
5
5
6
6
6
6
6
6
5
6
5
6
4
5
4
5
6
5
6
4
2
3
4
3
1
1
0
0
0
3
2
4
3
0
-1
-3
-4
-4
-4
-4
-3
-2
-2
-1
-2
-2
-4
-5
-5
-5
-5
-4
-4
-4
-3
-3
-3
-3
0
-1
-2
-2
-3
-2
-2
-2
-2
-1
-2
-3
-3
-3
-3
-4
-4
-3
-4
-3
-3
-2
-1
1
-1
-2
-1
-1
-2
0
-2
-2
1
-1
-2
-5
-5
-3
-1
-1
-1
-1
-1
0
0
-1
-1
-1
-2
-2
-3
-2
0
1
2
1
1
-1
-1
0
2
1
1
1
2
2
3
2
1
0
0
2
2
2
3
3
3
2
1
0
0
1
2
1
2
1
2
3
3
3
2
2
2
2
2
2
0
-1
0
1
-1
-1
0
-1
-1
-1
-2
-4
-5
-4
-4
-4
-4
-4
-3
-4
-5
-5
-6
-6
-6
-7
-7
-9
-9
-8
-7
-6
-8
-9
-9
-9
-8
-8
-8
-9
-9
-9
-10
-10
-7
-7
-5
-4
-5
-6
-6
-5
-6
-5
-6
-6
-6
-6
-5
-6
-8
-10
-8
-9
-8
-7
-6
-7
-10
-10
-10
-9
-9
-9
-9
-10
-10
-10
-8
-7
-7
-8
-7
-7
-7
-7
-6
-6
-6
-4
-5
-4
-5
-5
-5
-4
-2
-2
-2
-3
-2
-2
-2
-1
-2
-3
-2
-1
-4
-5
-4
-3
-2
-2
-4
-3
-4
-5
-5
-7
-8
-8
-7
-5
-6
-8
-8
-9
-6
-4
-4
-5
-6
-7
-11
-9
-9
-8
-7
-8
-6
-7
-6
-7
-7
-8
-9
-8
-7
-7
-5
-6
-6
-7
-5
-4
-4
-4
-4
-5
-4
-5
-6
-6
-8
-7
-5
-6
-5
-5
-4
-2
-2
-2
1
0
-1
0
-2
0
1
1
-1
0
0
-2
-1
-2
-2
-2
-2
-3
-2
-2
-1
-1
-2
-3
-2
0
3
2
1
2
3
3
3
6
6
6
5
5
7
8
9
9
8
8
8
8
10
10
11
10
9
9
10
11
10
9
9
9
11
12
11
10
10
9
9
10
10
9
9
8
9
9
7
7
7
7
6
7
8
6
6
5
4
3
4
4
5
6
6
5
6
6
5
7
5
3
3
3
4
4
5
5
4
4
4
4
3
2
1
1
2
2
2
3
2
1
-1
0
0
1
2
2
3
4
3
3
3
1
2
2
2
2
2
1
1
1
2
3
0
-2
-2
-1
1
1
0
-1
-1
0
0
-1
-1
0
-1
-1
0
-3
-3
-2
-2
-2
-2
-3
-2
-2
-3
-3
-5
-6
-6
-4
-3
-4
-5
-4
-4
-5
-5
-5
-4
-4
-5
-4
-6
-7
-9
-10
-10
-9
-10
-9
-8
-9
-10
-10
-10
-9
-10
-11
-11
-11
-11
-11
-12
-13
-13
-12
-12
-14
-15
-16
-16
-17
-15
-16
-17
-16
-15
-15
-14
-14
-14
-15
-15
-14
-15
-18
-18
-18
-16
-16
-16
-15
-16
-17
-16
-16
-17
-17
-18
-16
-17
-17
-17
-17
-18
-16
-15
-16
-18
-18
-19
-18
-17
-16
-16
-16
-16
-16
-16
-16
-18
-17
-19
-19
-20
-21
-20
-20
-19
-20
-19
-20
-21
-23
-23
-22
-20
-18
-19
-20
-19
-18
-17
-17
-16
-16
-18
-17
-17
-16
-15
-14
-15
-15
-14
-14
-13
-13
-13
-15
-16
-17
-19
-17
-15
-14
-15
-15
-16
-17
-14
-14
-14
-14
-15
-16
-16
-14
-14
-14
-15
-15
-15
-13
-13
-13
-14
-16
-16
-15
-14
-14
-14
-15
-17
-18
-17
-17
-15
-14
-16
-17
-17
-15
-15
-13
-14
-15
-16
-14
-13
-13
-13
-13
-13
-12
-15
-16
-16
-16
-14
-14
-14
-15
-16
-17
-18
-17
-16
-15
-13
-14
-14
-14
-15
-16
-15
-15
-16
-15
-15
-16
-15
-16
-17
-17
-16
-15
-15
-14
-15
-15
-16
-17
-17
-17
-16
-16
-16
-15
-15
-13
-13
-12
-11
-11
-11
-11
-10
-10
-9
-9
-9
-10
-10
-9
-8
-9
-10
-11
-12
-12
-13
-14
-16
-15
-13
-13
-12
-13
-15
-14
-14
-12
-13
-12
-12
-13
-13
-13
-14
-14
-13
-11
-11
-11
-11
-12
-13
-14
-15
-16
-16
-17
-16
-16
-16
-17
-16
-15
-14
-12
-13
-14
-15
-17
-16
-14
-13
-14
-16
-16
-17
-16
-16
-17
-18
-17
-16
-17
-15
-17
-18
-17
-17
-17
-17
-16
-15
-14
-15
-15
-15
-15
-14
-14
-15
-15
-15
-16
-15
-16
-16
-17
-17
-18
-19
-18
-17
-17
-18
-17
-20
-19
-19
-18
-19
-19
-19
-19
-20
-20
-19
-20
-20
-19
-18
-19
-17
-20
-21
-21
-21
-21
-19
-18
-18
-19
-18
-18
-19
-20
-20
-21
-21
-21
-22
-22
-22
-24
-24
-24
-24
-23
-24
-24
-25
-25
-24
-24
-24
-23
-24
-23
-21
-22
-23
-24
-24
-24
-23
-23
-24
-25
-26
-26
-25
-25
-26
-25
-24
-24
-23
-24
-24
-25
-25
-25
-25
-24
-24
-24
-26
-27
-25
-26
-25
-26
-27
-27
-26
-26
-27
-26
-27
-28
-28
-27
-27
-27
-29
-28
-28
-28
-27
-26
-25
-24
-24
-22
-24
-24
-24
-25
-23
-23
-24
-24
-24
-23
-23
-23
-23
-24
-24
-24
-26
-25
-25
-25
-25
-25
-24
-25
-24
-25
-26
-26
-25
-25
-24
-25
-27
-27
-26
-26
-25
-24
-23
-23
-23
-23
-24
-24
-24
-24
-25
-25
-27
-26
-26
-25
-25
-24
-24
-24
-23
-24
-25
-26
-25
-25
-25
-26
-25
-25
-26
-26
-25
-26
-26
-27
-27
-27
-27
-27
-27
-27
-27
-29
-30
-31
-31
-32
-30
-28
-31
-32
-31
-29
-27
-28
-28
-30
-29
-27
-29
-30
-30
-29
-26
-26
-26
-27
-30
-31
-31
-32
-33
-32
-32
-31
-32
-34
-35
-33
-31
-30
-29
-30
-32
-32
-31
-30
-30
-31
-31
-29
-28
-27
-29
-28
-28
-28
-27
-28
-30
-32
-32
-32
-32
-31
-32
-31
-30
-30
-30
-30
-31
-32
-31
-31
-31
-32
-33
-32
-32
-33
-34
-34
-33
-34
-33
-35
-35
-35
-34
-33
-34
-35
-35
-35
-33
-32
-32
-33
-32
-30
-31
-32
-32
-33
-33
-32
-33
-34
-34
-34
-36
-34
-35
-34
-32
-33
-33
-34
-34
-33
-34
-34
-35
-36
-36
-38
-37
-37
-36
-37
-37
-37
-37
-35
-34
-35
-36
-36
-36
-35
-35
-35
-35
-34
-33
-34
-35
-35
-33
-33
-34
-35
-37
-36
-35
-32
-33
-35
-36
-37
-36
-36
-37
-38
-38
-37
-36
-35
-35
-34
-35
-33
-32
-34
-35
-36
-35
-34
-34
-34
-35
-35
-36
-36
-35
-36
-36
-37
-36
-34
-34
-31
-33
-33
-35
-35
-35
-35
-33
-32
-32
-33
-32
-33
-34
-32
-32
-32
-33
-33
-34
-36
-36
-36
-36
-35
-36
-36
-37
-38
-38
-37
-38
-38
-38
-39
-38
-40
-40
-39
-40
-40
-40
-41
-41
-40
-40
-40
-38
-38
-41
-40
-40
-42
-41
-41
-42
-41
-40
-38
-38
-37
-39
-41
-40
-40
-41
-41
-41
-41
-41
-40
-39
-39
-39
-41
-41
-40
-41
-40
-40
-40
-39
-38
-37
-37
-37
-36
-38
-38
-38
-39
-41
-40
-41
-40
-39
-38
-39
-39
-38
-38
-39
-40
-41
-42
-42
-42
-41
-41
-42
-43
-44
-44
-44
-47
-46
-45
-46
-45
-45
-46
-47
-47
-45
-43
-41
-41
-42
-44
-45
-44
-43
-42
-42
-43
-42
-43
-42
-42
-42
-40
-40
-40
-41
-41
-40
-39
-38
-39
-40
-42
-42
-40
-40
-40
-40
-41
-41
-42
-42
-42
-42
-42
-42
-42
-44
-44
-46
-48
-48
-48
-48
-47
-46
-45
-45
-44
-43
-42
-43
-43
-43
-45
-44
-45
-45
-46
-46
-44
-43
-42
-43
-41
-43
-43
-45
-45
-46
-46
-45
-45
-44
-44
-44
-43
-42
-42
-41
-42
-42
-41
-40
-42
-44
-42
-41
-41
-42
-43
-44
-42
-40
-40
-38
-39
-39
-38
-39
-39
-38
-39
-39
-38
-39
-39
-37
-37
-38
-39
-39
-38
-37
-36
-36
-37
-38
-39
-38
-39
-38
-38
-38
-38
-39
-41
-41
-41
-41
-40
-40
-41
-42
-42
-41
-38
-37
-38
-40
-39
-38
-37
-36
-37
-37
-38
-37
-36
-37
-37
-36
-36
-35
-37
-37
-39
-38
-36
-36
-36
-37
-36
-38
-37
-36
-36
-36
-38
-36
-37
-36
-38
-38
-37
-39
-39
-41
-41
-41
-40
-40
-39
-39
-39
-39
-39
-40
-41
-42
-42
-41
-39
-38
-40
-40
-41
-42
-41
-41
-40
-41
-42
-42
-42
-42
-44
-44
-44
-44
-45
-47
-45
-44
-44
-42
-41
-42
-40
-40
-41
-40
-41
-42
-42
-43
-43
-44
-43
-43
-44
-43
-42
-42
-43
-44
-44
-44
-45
-45
-46
-46
-46
-46
-47
-46
-47
-45
-44
-44
-47
-49
-48
-48
-47
-46
-47
-48
-50
-52
-50
-50
-50
-49
-50
-50
-50
-52
-52
-51
-51
-52
-52
-52
-52
-51
-49
-50
-51
-52
-53
-51
-50
-50
-51
-52
-53
-54
-55
-55
-56
-54
-55
-54
-56
-55
-55
-57
-58
-58
-58
-59
-57
-57
-57
-57
-57
-58
-57
-57
-58
-57
-59
-59
-59
-61
-61
-60
-60
-59
-58
-58
-58
-58
-60
-60
-59
-58
-57
-59
-58
-59
-58
-58
-59
-58
-58
-58
-57
-57
-57
-58
-58
-57
-57
-57
-58
-60
-60
-59
-60
-59
-59
-60
-59
-60
-59
-60
-59
-60
-59
-58
-58
-57
-57
-57
-57
-58
-58
-59
-58
-57
-57
-56
-56
-55
-55
-56
-57
-56
-57
-57
-57
-57
-55
-55
-53
-53
-54
-55
-55
-56
-54
-53
-54
-53
-54
-53
-53
-53
-52
-54
-54
-53
-53
-52
-53
-55
-56
-55
-54
-54
-52
-53
-53
-54
-54
-53
-52
-52
-51
-53
-53
-53
-53
-52
-53
-54
-53
-52
-52
-53
-53
-52
-51
-51
-53
-53
-53
-53
-54
-54
-54
-53
-52
-52
-53
-54
-56
-55
-54
-54
-53
-53
-51
-50
-51
-52
-52
-53
-54
-55
-56
-55
-55
-54
-53
-54
-54
-55
-56
-55
-55
-54
-53
-53
-54
-54
-55
-57
-57
-59
-58
-58
-58
-58
-58
-57
-57
-55
-57
-57
-57
-56
-56
-57
-57
-58
-57
-58
-57
-57
-57
-59
-59
-58
-57
-57
-58
-57
-57
-56
-55
-55
-53
-52
-54
-56
-58
-58
-58
-58
-58
-58
-57
-58
-56
-57
-58
-57
-58
-56
-56
-57
-56
-57
-56
-57
-57
-55
-57
-55
-58
-59
-60
-60
-59
-58
-60
-58
-60
-59
-59
-59
-59
-59
-59
-58
-59
-57
-59
-61
-62
-63
-62
-62
-60
-59
-59
-58
-59
-59
-59
-57
-56
-55
-56
-58
-59
-60
-58
-59
-59
-61
-63
-64
-66
-64
-65
-66
-65
-66
-64
-63
-62
-63
-64
-62
-63
-62
-64
-67
-65
-65
-63
-62
-63
-64
-64
-63
-63
-63
-63
-65
-63
-63
-60
-58
-60
-60
-59
-58
-59
-58
-57
-57
-58
-57
-58
-59
-59
-58
-57
-58
-58
-59
-60
-58
-57
-57
-57
-59
-57
-58
-57
-58
-58
-56
-58
-58
-59
-62
-61
-63
-62
-62
-63
-64
-65
-64
-62
-62
-62
-62
-60
-60
-60
-60
-62
-62
-61
-60
-60
-60
-62
-60
-60
-62
-62
-63
-61
-60
-61
-63
-64
-65
-64
-63
-61
-62
-61
-61
-61
-60
-59
-58
-59
-60
-62
-63
-63
-62
-60
-60
-62
-63
-63
-64
-63
-61
-62
-61
-65
-66
-64
-61
-58
-59
-59
-62
-65
-66
-63
-61
-59
-61
-65
-68
-67
-66
-65
-66
-66
-67
-70
-69
-68
-66
-66
-67
-65
-65
-64
-63
-63
-61
-63
-65
-65
-66
-64
-66
-65
-66
-69
-66
-69
-67
-67
-68
-69
-74
-73
-70
-69
-66
-68
-69
-72
-71
-68
-68
-62
-61
-64
-64
-69
-68
-67
-60
-59
-64
-68
-71
-70
-67
-64
-67
-73
-77
-78
-79
-75
-73
-71
-73
-77
-76
-76
-70
-69
-69
-66
-73
-70
-70
-67
-62
-66
-69
-70
-70
-66
-68
-71
-71
-74
-70
-74
-74
-74
-75
-73
-73
-79
-75
-79
-77
-74
-78
-76
-80
-77
-75
-75
-75
-76
-77
-74
-75
-74
-74
-73
-73
-73
-75
-74
-75
-73
-73
-74
-74
-72
-71
-71
-72
-75
-75
-78
-74
-70
-73
-70
-74
-74
-73
-74
-76
-77
-80
-75
-77
-77
-82
-83
-80
-81
-83
-83
-87
-83
-78
-78
-76
-78
-80
-76
-75
-74
-72
-77
-74
-75
-72
-70
-71
-70
-71
-74
-74
-74
-74
-71
-73
-73
-74
-74
-70
-71
-67
-70
-72
-72
-75
-74
-79
-78
-75
-74
-73
-75
-76
-79
-77
-78
-76
-78
-77
-76
-77
-75
-82
-78
-80
-75
-72
-72
-74
-74
-74
-70
-73
-73
-72
-72
-69
-70
-71
-68
-69
-67
-68
-71
-69
-70
-69
-66
-70
-71
-72
-71
-72
-71
-73
-70
-75
-73
-77
-76
-75
-73
-72
-72
-74
-74
-73
-73
-69
-73
-70
-72
-70
-71
-72
-71
-69
-66
-67
-69
-71
-69
-65
-63
-63
-66
-68
-69
-67
-66
-63
-68
-66
-70
-68
-68
-70
-66
-69
-67
-69
-74
-75
-73
-71
-71
-74
-75
-75
-70
-67
-65
-67
-68
-70
-67
-65
-65
-63
-65
-64
-67
-67
-64
-65
-63
-64
-63
-68
-67
-71
-61
-65
-66
-69
-70
-66
-65
-64
-65
-64
-64
-65
-68
-67
-65
-63
-65
-66
-66
-66
-65
-63
-65
-64
-69
-67
-68
-65
-68
-63
-68
-64
-67
-63
-63
-65
-63
-63
-63
-59
-64
-60
-59
-59
-60
-65
-64
-63
-64
-61
-62
-65
-60
-66
-61
-61
-62
-60
-62
-62
-60
-64
-60
-64
-62
-63
-69
-64
-62
-61
-59
-63
-62
-61
-62
-63
-66
-63
-62
-58
-61
-58
-59
-58
-59
-63
-61
-63
-64
-61
-65
-61
-66
-64
-65
-65
-63
-63
-63
-64
-62
-64
-65
-65
-67
-64
-64
-60
-62
-59
-59
-62
-59
-60
-56
-56
-54
-53
-53
-53
-52
-51
-52
-50
-48
-45
-47
-46
-45
-42
-43
-44
-44
-43
-43
-42
-43
-41
-44
-42
-41
-41
-44
-48
-47
-46
-43
-45
-48
-48
-49
-48
-49
-57
-50
-52
-49
-52
-57
-58
-57
-58
-60
-59
-63
-58
-64
-64
-62
-69
-63
-69
-67
-70
-74
-74
-74
-78
-79
-79
-80
-78
-82
-82
-82
-86
-86
-90
-93
-89
-91
-89
-92
-94
-91
-90
-89
-87
-88
-82
-85
-74
-80
-63
-71
-58
-60
-52
-50
-47
-42
-35
-34
-34
-26
-24
-14
-16
-9
-6
-1
2
2
5
1
13
7
9
7
6
11
10
9
7
9
4
6
0
-4
2
-9
-3
-16
-19
-23
-27
-27
-32
-41
-46
-53
-57
-69
-70
-86
-86
-107
-112
-123
-135
-140
-155
-165
-178
-183
-190
-196
-210
-213
-222
-228
-236
-247
-244
-245
-236
-244
-242
-237
-221
-195
-189
-175
-173
-149
-125
-104
-84
-66
-39
-23
-9
-6
22
45
67
74
71
80
88
93
95
93
93
86
78
66
60
51
44
31
12
-1
-19
-30
-44
-56
-70
-84
-100
-99
-114
-110
-120
-113
-115
-120
-121
-109
-105
-83
-80
-66
-49
-45
-19
-13
7
31
43
59
70
78
103
114
127
136
131
141
137
140
145
137
124
110
89
76
60
38
23
-11
-37
-67
-94
-117
-142
-176
-208
-244
-269
-292
-314
-333
-361
-379
-402
-410
-414
-420
-420
-423
-421
-396
-351
-351
-335
-342
-265
-212
-191
-176
-135
-77
-37
-33
-7
63
106
125
127
133
180
202
214
215
211
216
217
202
194
188
175
163
127
102
81
53
35
13
-17
-49
-88
-105
-118
-144
-172
-192
-214
-225
-236
-254
-241
-265
-262
-265
-261
-237
-231
-211
-195
-169
-161
-115
-94
-60
-18
-11
47
60
90
125
152
176
202
202
224
237
234
257
255
257
245
222
225
214
193
169
145
122
101
59
39
12
-20
-44
-93
-114
-148
-169
-199
-222
-265
-289
-313
-346
-353
-399
-408
-431
-455
-471
-487
-478
-464
-486
-484
-436
-424
-409
-435
-350
-265
-247
-254
-224
-135
-68
-65
-52
38
96
120
115
132
204
241
236
234
238
257
266
246
235
245
231
209
167
141
139
113
80
48
15
-13
-51
-77
-86
-114
-156
-185
-201
-217
-239
-265
-259
-260
-280
-282
-286
-264
-258
-228
-219
-195
-189
-152
-106
-72
-44
-13
40
69
107
118
182
225
254
265
289
305
331
331
351
359
341
325
305
297
278
249
213
183
135
93
56
19
-16
-73
-119
-162
-208
-257
-272
-328
-340
-406
-442
-458
-499
-510
-559
-525
-600
-593
-607
-574
-491
-557
-553
-543
-490
-402
-385
-365
-294
-225
-212
-163
-147
-40
62
63
92
105
162
230
258
264
299
308
304
309
289
324
329
303
281
234
218
208
180
155
122
69
39
-4
-32
-38
-76
-100
-149
-199
-211
-216
-221
-234
-259
-281
-265
-285
-273
-253
-227
-181
-195
-191
-161
-106
-55
-7
2
53
92
109
159
199
260
301
294
296
332
366
398
392
367
373
365
346
315
301
283
265
186
133
98
74
48
-29
-89
-138
-194
-230
-295
-328
-366
-430
-471
-531
-558
-587
-610
-633
-649
-653
-659
-628
-629
-634
-599
-578
-463
-457
-425
-379
-301
-243
-195
-152
-73
30
53
92
131
195
272
294
309
336
368
389
400
390
405
424
396
370
333
330
322
281
234
203
165
129
84
52
27
-17
-75
-117
-154
-177
-207
-239
-263
-300
-313
-337
-327
-340
-331
-324
-317
-289
-318
-244
-230
-142
-137
-113
-49
-10
61
91
166
209
265
278
321
364
416
457
470
462
470
491
491
495
455
461
420
394
329
323
276
242
182
91
76
-5
-31
-93
-144
-204
-240
-320
-332
-388
-420
-433
-508
-509
-560
-585
-595
-599
-638
-671
-660
-618
-628
-571
-583
-622
-541
-515
-394
-388
-338
-270
-243
-171
-164
-49
30
109
121
131
192
244
315
335
379
367
373
368
363
396
393
391
354
317
275
256
245
218
193
121
73
30
7
-8
-42
-68
-108
-158
-197
-208
-196
-206
-223
-244
-265
-248
-251
-221
-182
-169
-157
-152
-146
-75
-31
16
56
80
124
137
202
245
324
333
353
356
388
418
451
472
460
449
427
419
409
373
361
300
262
177
134
89
59
9
-96
-122
-219
-249
-289
-368
-344
-483
-452
-569
-583
-610
-616
-649
-693
-713
-745
-674
-677
-674
-657
-660
-650
-556
-497
-465
-406
-359
-297
-228
-222
-120
-15
63
85
110
150
245
312
322
353
387
411
414
401
426
459
459
413
377
345
349
314
283
255
213
164
108
76
52
31
-25
-65
-116
-153
-178
-200
-199
-211
-248
-245
-292
-251
-255
-217
-193
-199
-176
-161
-114
-70
-2
9
74
82
130
175
232
293
334
341
356
413
425
487
471
497
478
475
454
456
437
403
384
293
282
188
186
108
75
-7
-74
-125
-182
-212
-239
-332
-366
-400
-455
-521
-509
-534
-611
-645
-619
-687
-750
-664
-714
-669
-689
-632
-657
-680
-619
-483
-429
-450
-385
-318
-218
-178
-164
-47
83
123
131
154
225
345
388
374
390
411
467
454
425
449
482
458
395
342
336
347
309
247
219
162
127
83
59
34
2
-50
-100
-138
-163
-141
-149
-185
-221
-262
-218
-203
-213
-203
-184
-160
-148
-175
-115
-37
11
34
16
84
161
201
233
270
336
385
371
380
443
493
519
498
465
481
466
490
406
389
357
321
240
187
148
138
49
-30
-65
-145
-190
-205
-293
-347
-361
-452
-453
-569
-587
-538
-668
-700
-684
-734
-730
-776
-754
-662
-736
-697
-742
-694
-525
-505
-509
-436
-398
-287
-204
-262
-99
37
88
113
87
188
338
364
353
402
428
468
469
434
496
519
486
455
393
377
382
354
322
283
202
164
142
95
81
22
-19
-54
-116
-164
-154
-151
-191
-213
-266
-228
-229
-240
-225
-193
-170
-156
-184
-138
-58
1
20
30
85
157
195
220
280
354
388
405
397
450
531
499
532
484
492
518
436
442
417
359
336
278
204
167
99
115
-21
-119
-78
-193
-265
-329
-305
-438
-463
-483
-622
-600
-693
-710
-708
-818
-777
-805
-891
-743
-772
-796
-777
-863
-601
-540
-599
-536
-460
-317
-259
-263
-196
-9
113
103
131
151
334
432
407
408
472
533
529
510
497
580
571
507
464
434
433
399
367
318
264
184
152
136
77
40
-16
-74
-107
-192
-196
-173
-193
-258
-295
-323
-259
-236
-290
-239
-210
-189
-182
-192
-103
15
29
39
57
166
245
273
306
382
451
468
473
490
567
605
589
565
521
577
524
514
435
383
379
277
256
118
125
55
-23
-117
-148
-284
-223
-391
-431
-425
-578
-620
-638
-705
-764
-829
-833
-861
-907
-880
-985
-838
-819
-878
-873
-899
-624
-574
-593
-589
-454
-272
-223
-247
-157
78
221
166
160
269
452
552
483
491
567
646
619
606
583
669
647
564
503
475
460
433
385
305
232
155
118
101
50
-32
-104
-130
-184
-231
-261
-277
-237
-320
-384
-369
-325
-263
-301
-287
-236
-179
-174
-160
-72
44
107
86
127
229
312
385
404
462
516
581
536
575
643
657
676
570
572
577
552
513
451
355
336
263
216
15
92
26
-143
-192
-308
-284
-444
-472
-524
-645
-658
-755
-872
-837
-912
-936
-970
-1018
-990
-1002
-834
-917
-953
-954
-771
-578
-587
-581
-472
-362
-200
-129
-178
63
280
292
293
303
432
656
675
633
642
691
753
746
684
725
752
679
617
512
480
490
434
342
259
139
66
51
11
-49
-151
-239
-297
-342
-363
-376
-381
-386
-451
-502
-441
-404
-308
-283
-268
-222
-198
-125
-38
97
182
209
268
317
396
503
579
634
677
677
690
701
770
783
807
748
643
606
632
587
472
460
335
206
145
125
-56
-59
-181
-255
-407
-545
-499
-647
-667
-764
-947
-979
-1027
-1096
-1080
-1120
-1208
-1161
-1107
-946
-1146
-1060
-974
-841
-586
-669
-618
-434
-280
-109
-72
-72
182
427
474
444
470
637
899
865
780
821
915
951
914
825
823
856
774
697
579
492
461
390
300
168
24
-48
-37
-128
-248
-377
-448
-410
-501
-591
-607
-573
-531
-575
-665
-542
-459
-343
-322
-323
-196
-107
15
96
184
335
436
456
527
618
748
809
863
829
891
913
901
913
898
879
805
723
642
592
534
447
322
204
119
-10
-86
-182
-313
-389
-555
-658
-722
-883
-926
-986
-1158
-1177
-1306
-1375
-1261
-1437
-1343
-1322
-1199
-1088
-1196
-1233
-1068
-621
-518
-549
-497
-279
32
124
77
270
668
807
754
678
796
1133
1227
1130
1078
1090
1133
1100
1000
964
979
847
718
556
431
358
271
185
76
-152
-352
-381
-370
-417
-581
-783
-761
-759
-828
-877
-842
-714
-600
-711
-747
-571
-426
-198
-136
-84
72
177
300
453
585
730
840
883
912
955
1040
1174
1198
1158
1051
1008
1004
1006
950
859
741
611
452
360
250
206
80
-100
-255
-417
-510
-573
-681
-839
-943
-1111
-1167
-1304
-1413
-1375
-1499
-1550
-1582
-1556
-1568
-1376
-1166
-1166
-1030
-1332
-975
-407
-276
-193
-221
-35
444
567
430
746
1094
1282
1283
1005
1109
1463
1554
1467
1297
1166
1179
1141
962
904
776
616
478
242
38
-112
-225
-247
-331
-628
-883
-929
-868
-826
-992
-1145
-1081
-993
-1066
-1115
-1066
-740
-545
-406
-448
-339
-142
87
403
585
698
796
888
970
1164
1239
1353
1428
1340
1246
1176
1210
1304
1278
1076
867
720
660
635
557
418
214
26
-113
-236
-295
-375
-519
-662
-887
-1067
-1177
-1136
-1227
-1238
-1451
-1640
-1688
-1693
-1653
-1561
-1565
-1565
-1273
-1074
-1023
-939
-1099
-574
86
113
169
221
492
1001
1045
933
1309
1585
1689
1574
1279
1375
1634
1597
1462
1173
919
822
699
539
429
174
-67
-238
-429
-614
-804
-936
-892
-927
-1164
-1391
-1364
-1171
-1052
-1102
-1255
-1132
-962
-882
-700
-570
-415
-127
-25
200
616
571
868
1045
1162
1493
1394
1446
1677
1600
1610
1533
1330
1378
1259
1096
968
806
730
585
367
212
92
35
-71
-261
-398
-525
-587
-669
-719
-863
-920
-1110
-1205
-1248
-1395
-1284
-1424
-1397
-1582
-1630
-1570
-1494
-1498
-1319
-1287
-523
-455
-619
-677
-723
345
948
800
710
815
1154
1609
1329
1360
1826
1952
1883
1470
1045
1188
1288
1209
1035
556
110
-121
-236
-242
-387
-780
-1022
-1051
-1156
-1341
-1599
-1487
-1167
-1028
-1314
-1509
-1353
-914
-592
-579
-601
-454
-229
-27
152
234
428
694
1030
1087
1055
994
1326
1780
1691
1524
1196
1310
1550
1503
1263
1010
849
845
595
335
313
318
277
-4
-357
-463
-382
-311
-335
-524
-726
-838
-861
-777
-758
-818
-971
-1154
-1168
-1286
-1222
-1249
-1295
-1243
-1383
-1346
-1368
-1352
-1024
-554
10
-153
-282
-594
37
1022
1224
1184
1010
1147
1608
1580
1255
1533
1805
1903
1625
907
667
749
717
681
369
-105
-521
-811
-823
-729
-945
-1247
-1354
-1271
-1246
-1468
-1616
-1281
-822
-693
-855
-935
-660
-218
8
90
174
307
452
610
710
746
770
855
1085
1149
1112
943
1007
1163
1176
1023
818
789
875
861
654
529
398
325
257
176
148
74
-17
-126
-229
-250
-294
-301
-338
-388
-533
-607
-704
-649
-700
-755
-879
-998
-1120
-1265
-1292
-1337
-1265
-1309
-1413
-1418
-1340
-1088
-699
-109
-91
-46
-406
-169
890
1290
1433
1259
1152
1548
1665
1336
1453
1661
1784
1677
971
508
466
405
397
183
-179
-539
-908
-1121
-1018
-996
-1165
-1291
-1283
-1133
-1161
-1340
-1202
-737
-349
-271
-357
-258
86
341
433
503
673
799
873
790
713
726
750
826
916
881
682
549
610
685
715
460
369
479
467
475
340
193
227
266
233
191
120
112
64
-30
-57
-96
-176
-214
-308
-330
-503
-640
-742
-750
-835
-1088
-1229
-1445
-1376
-1467
-1670
-1598
-1709
-1547
-1365
-1480
-974
-402
212
204
-89
-276
688
1499
1825
1794
1550
1732
1855
1643
1554
1674
1730
1664
1234
610
210
-158
-275
-195
-265
-643
-1214
-1617
-1507
-1289
-1364
-1464
-1319
-963
-842
-1039
-1066
-621
-54
300
423
521
650
767
845
1032
1156
1199
1112
1080
907
647
373
382
646
681
321
-11
-159
29
166
5
63
56
97
296
201
218
316
319
488
534
485
482
341
296
292
179
17
-134
-294
-311
-476
-743
-880
-1121
-1171
-1390
-1580
-1643
-1748
-1865
-2049
-2062
-1889
-1686
-1396
-1243
-959
-23
323
646
359
219
1399
2031
2367
2301
1999
2116
2141
1707
1669
1641
1460
1276
665
105
-320
-869
-1117
-1104
-1064
-1215
-1659
-2065
-1930
-1645
-1508
-1414
-1105
-569
-264
-323
-320
100
663
1079
1344
1556
1655
1551
1335
1291
1405
1345
1183
917
574
246
-137
-372
-409
-434
-467
-507
-655
-665
-704
-574
-241
28
301
453
639
760
875
878
1009
1236
1367
1256
989
640
392
259
56
-128
-430
-770
-1038
-1274
-1539
-1754
-2039
-2142
-2177
-2221
-2334
-2383
-2541
-2178
-1867
-1506
-1061
-1020
-255
844
1250
1485
916
1148
2471
2988
3092
2658
2220
2279
2079
1493
1164
890
625
325
-402
-1095
-1593
-2002
-2103
-1936
-1863
-1905
-2074
-2097
-1661
-1231
-973
-587
-8
610
983
1054
1245
1560
1817
2029
2265
2331
2202
1761
1282
935
567
247
11
-301
-653
-1114
-1557
-1690
-1684
-1482
-1337
-1099
-883
-684
-407
-124
456
872
1411
1754
2095
2164
2029
2041
1963
2099
1892
1581
1069
528
21
-409
-725
-1056
-1353
-1721
-1908
-2174
-2342
-2533
-2694
-2573
-2374
-2164
-2204
-2142
-1993
-1592
-1126
-722
-150
246
498
1470
1904
2369
1949
1487
2272
2682
2905
2449
1683
1285
942
411
-58
-435
-820
-1000
-1453
-1939
-2268
-2538
-2564
-2202
-1659
-1191
-1020
-1032
-597
108
625
1022
1455
2013
2452
2446
2343
2291
2224
2100
1945
1742
1375
696
-35
-644
-1099
-1495
-1787
-2010
-2187
-2331
-2429
-2437
-2182
-1708
-1114
-306
90
682
1035
1449
2196
2530
2984
3261
3362
3282
2793
2231
1781
1488
1153
662
10
-708
-1274
-1727
-2070
-2166
-2321
-2296
-2291
-2240
-2167
-2134
-2050
-1784
-1501
-998
-788
-613
-528
-366
-4
135
563
411
801
1108
1882
2006
1563
578
573
1134
1226
1157
468
108
-204
-737
-1170
-1444
-1444
-1362
-1240
-1426
-1411
-1534
-1565
-1324
-705
13
580
696
845
1202
1521
1639
1779
2036
2401
2421
2116
1680
1205
731
366
122
-33
-326
-831
-1473
-2078
-2408
-2467
-2235
-2086
-1915
-1766
-1537
-1261
-981
-442
481
1236
2163
2313
2609
2894
2688
3027
2911
2974
2913
2244
1511
658
37
-380
-759
-1064
-1337
-1706
-1936
-2142
-2058
-1990
-1714
-1331
-911
-558
-398
-339
-252
-6
123
399
485
582
411
12
-228
-515
-492
-590
-536
-538
-35
376
158
-406
-1214
-657
-78
378
422
135
-2
-174
-425
-586
-473
-272
28
163
95
-66
-395
-626
-465
84
578
779
607
602
702
630
492
636
1060
1408
1260
870
530
246
-40
-242
-198
-44
-119
-487
-970
-1344
-1508
-1497
-1326
-1050
-794
-672
-658
-649
-480
-162
320
913
1627
2175
2267
2162
1844
1864
1874
1915
1894
1539
1041
334
-281
-710
-930
-1003
-1108
-1183
-1099
-1118
-1148
-1111
-887
-392
-11
258
371
542
604
544
418
353
268
303
81
-296
-728
-1574
-1574
-1672
-1451
-1507
-1481
-741
-331
25
-763
-1191
-441
308
1043
1131
1004
955
848
429
259
300
554
719
521
284
-7
-573
-1092
-1091
-635
-98
22
-253
-248
-123
-135
-112
153
702
1119
1134
1021
851
670
424
292
476
688
626
100
-529
-957
-1139
-1113
-1167
-1138
-1071
-1056
-988
-1046
-909
-630
-262
276
793
1259
1746
1888
1987
1835
1773
1838
1726
1647
1376
936
526
68
-395
-671
-821
-813
-739
-656
-545
-578
-536
-444
-140
174
402
367
428
306
424
122
-134
-269
-520
-567
-885
-1441
-1797
-2105
-2147
-1924
-1764
-1333
-395
-62
192
-258
-632
373
972
1622
1962
1796
1663
1387
820
515
429
341
494
255
-121
-639
-1344
-1766
-1729
-1373
-923
-687
-648
-387
-205
-138
-62
366
1060
1622
1774
1722
1525
1351
1058
767
690
653
452
32
-631
-1228
-1732
-2019
-2088
-1895
-1766
-1568
-1530
-1437
-1135
-857
-335
267
894
1481
2003
2468
2625
2545
2425
2259
2405
2189
1814
1410
770
295
-91
-572
-1030
-1069
-973
-901
-954
-973
-903
-778
-513
-282
-37
110
152
152
214
301
101
-148
-250
-538
-550
-1155
-1460
-1776
-1939
-1782
-1908
-1646
-1232
-82
184
274
-76
-209
827
1212
1733
1928
1944
1823
1458
800
427
252
94
137
-93
-297
-761
-1527
-2028
-1882
-1355
-871
-658
-459
-14
248
264
321
723
1310
1710
1867
1886
1653
1152
568
213
179
76
-260
-771
-1290
-1701
-2126
-2432
-2479
-2229
-1793
-1336
-962
-658
-458
-177
368
1026
1772
2204
2539
2905
3093
2856
2625
2238
1950
1776
1252
982
374
-236
-615
-1041
-1343
-1457
-1367
-1184
-1025
-875
-732
-640
-332
-60
227
466
420
557
580
570
456
64
-194
-402
-788
-1057
-1639
-2089
-2332
-2495
-2229
-2065
-1610
-837
-61
232
319
-92
608
1478
2030
2590
2473
2326
2075
1498
959
592
326
285
32
-443
-805
-1488
-2031
-2286
-2040
-1533
-1107
-928
-585
-173
114
231
456
995
1545
1859
1921
1758
1441
1002
555
264
122
-83
-468
-1055
-1579
-1933
-2176
-2282
-2230
-1972
-1560
-1145
-733
-385
60
399
848
1434
1886
2370
2609
2668
2839
2666
2449
2069
1477
1220
799
429
123
-380
-726
-1047
-1356
-1397
-1242
-1060
-893
-748
-463
-217
-62
134
218
363
454
477
579
504
406
50
-321
-631
-1003
-1398
-1652
-2046
-2052
-2397
-2282
-2199
-1739
-1199
-403
548
798
945
691
1438
2006
2405
2648
2472
2349
2020
1460
654
58
-334
-412
-723
-1145
-1532
-2020
-2379
-2574
-2296
-1781
-1308
-872
-231
378
706
761
977
1435
1859
2075
2130
1976
1646
1142
580
101
-234
-586
-904
-1292
-1621
-1926
-2215
-2381
-2315
-1967
-1518
-1033
-506
-29
411
793
1238
1745
2158
2363
2533
2738
2793
2683
2234
1748
1226
771
432
78
-269
-620
-945
-1243
-1462
-1438
-1300
-1235
-1019
-594
-209
2
67
190
399
584
650
613
758
651
523
239
-161
-412
-893
-1291
-1464
-1965
-2013
-2260
-2357
-2094
-1840
-1402
-631
253
796
974
605
1283
1863
2186
2462
2313
2318
2048
1396
660
3
-441
-591
-861
-1116
-1393
-1886
-2253
-2471
-2289
-1823
-1408
-952
-266
421
865
923
1035
1397
1796
2043
2183
2130
1918
1465
840
261
-178
-501
-757
-1131
-1462
-1785
-2077
-2301
-2402
-2184
-1734
-1212
-655
-163
323
760
1047
1390
1677
1994
2317
2384
2461
2509
2332
1944
1230
666
305
145
-120
-376
-741
-1031
-1155
-1243
-1259
-1061
-831
-569
-194
120
267
283
378
540
700
717
655
639
560
530
170
-156
-569
-975
-1228
-1604
-1887
-2153
-2437
-2482
-2242
-1886
-1371
-688
131
610
934
759
1150
1788
2028
2409
2413
2152
1929
1398
794
150
-388
-509
-757
-1207
-1547
-1935
-2176
-2337
-2269
-1854
-1382
-919
-282
339
920
1197
1366
1696
2003
2179
2285
2138
1894
1546
1043
503
-25
-439
-789
-1269
-1659
-1948
-2149
-2307
-2408
-2248
-1930
-1505
-1047
-586
-30
478
959
1410
1718
1990
2299
2385
2558
2604
2360
2177
1419
1049
642
128
-55
-389
-606
-788
-983
-1160
-1318
-1257
-918
-752
-393
-79
14
274
377
475
557
462
633
720
791
726
442
97
-218
-625
-1038
-1269
-1648
-1898
-2177
-2153
-2294
-1942
-1676
-1347
-415
124
679
680
606
1340
1606
1775
1992
1848
1837
1671
1099
575
-122
-418
-436
-764
-971
-1217
-1510
-1607
-1759
-1571
-1250
-982
-485
194
734
1086
1098
1229
1484
1563
1683
1644
1442
1295
1008
648
219
-310
-628
-948
-1197
-1358
-1588
-1722
-1793
-1792
-1667
-1488
-1174
-714
-232
216
596
928
1153
1479
1693
1935
2224
2159
2171
1871
1512
1154
732
422
162
-113
-247
-431
-671
-917
-1040
-967
-793
-621
-339
-79
94
262
332
384
394
474
590
766
752
704
425
228
-74
-292
-542
-856
-1244
-1574
-1926
-2179
-2294
-2305
-2035
-1974
-1508
-835
-73
226
413
288
862
1205
1502
1886
1883
1961
1924
1654
1136
481
150
160
-44
-279
-591
-1019
-1215
-1410
-1462
-1508
-1404
-970
-391
-41
300
348
518
619
748
1050
1265
1377
1442
1438
1306
938
442
143
-22
-130
-398
-711
-982
-1178
-1375
-1641
-1773
-1680
-1369
-1067
-711
-428
-132
174
463
930
1195
1392
1603
1768
2061
1963
1793
1459
1138
1084
843
595
368
99
-69
-263
-448
-567
-697
-591
-425
-318
-285
-311
-278
-228
-160
-49
90
246
354
364
359
155
17
-171
-385
-434
-830
-1167
-1434
-1764
-1840
-1768
-1942
-1714
-1707
-1365
-509
-253
46
108
355
1023
1267
1520
1771
1605
1776
1904
1559
1128
611
514
392
42
-183
-565
-897
-970
-1068
-1116
-1249
-1278
-923
-549
-272
-103
-26
218
526
693
949
1032
1157
1312
1303
1182
948
704
483
168
-114
-379
-732
-952
-1161
-1301
-1463
-1581
-1468
-1417
-1165
-933
-606
-173
47
475
852
1139
1469
1579
1959
2098
2028
1991
1818
1565
1395
1214
968
679
388
130
-97
-214
-465
-638
-749
-844
-843
-860
-773
-722
-598
-433
-275
-135
-83
22
179
225
312
177
-55
-143
-353
-513
-836
-1043
-1239
-1340
-1511
-1692
-1642
-1646
-1259
-863
-666
-342
-144
245
533
706
1105
1336
1489
1625
1603
1465
1208
995
862
595
404
266
29
-114
-312
-441
-648
-779
-805
-786
-644
-463
-399
-228
-133
14
128
137
349
484
503
554
514
434
340
273
80
-135
-326
-400
-479
-591
-713
-745
-829
-667
-583
-508
-379
-220
104
295
588
803
966
1181
1326
1425
1476
1365
1460
1346
1320
1280
1056
885
660
418
213
53
-180
-324
-479
-572
-639
-681
-631
-682
-632
-602
-510
-410
-348
-230
-92
-9
23
30
-158
-165
-293
-436
-523
-810
-882
-916
-1032
-1109
-1150
-1303
-1163
-1196
-1002
-677
-318
-15
375
574
783
848
923
1060
980
1231
1168
1111
1153
874
696
439
228
58
-165
-219
-307
-443
-425
-464
-675
-720
-634
-584
-480
-330
-136
-88
9
128
107
220
198
278
269
271
325
187
162
24
-209
-235
-323
-308
-358
-422
-375
-448
-270
-176
-189
-21
135
429
586
744
883
819
1078
1165
1209
1207
1089
1051
978
903
746
543
329
194
103
-7
-96
-267
-358
-419
-465
-463
-440
-382
-380
-335
-227
-226
-205
-184
-131
-46
12
16
-39
15
-76
-112
-260
-404
-475
-687
-690
-696
-720
-745
-570
-581
-548
-553
-467
-370
-238
-76
-18
298
234
340
367
470
475
411
515
431
421
340
277
89
-20
-67
-178
-259
-322
-278
-254
-246
-303
-192
-94
-124
-100
6
81
111
122
175
169
166
97
99
-5
-76
-37
-83
-81
-156
-207
-208
-163
-93
-101
-30
38
134
264
293
299
431
472
538
622
599
583
553
546
538
451
347
396
362
349
349
230
194
145
167
165
152
102
156
117
98
29
40
-20
91
120
105
112
-83
-34
-111
-276
-72
-315
-239
-148
-231
-209
-265
-360
-203
-229
-191
-28
-56
46
33
37
-48
-6
-97
-193
-118
-145
-231
-215
-282
-383
-237
-464
-504
-389
-572
-449
-374
-352
-269
-223
-197
-139
-101
-52
5
116
220
237
254
244
138
164
204
128
77
76
14
-55
-130
-255
-292
-217
-205
-209
-173
-171
-210
-124
-64
-8
18
45
182
190
212
247
226
257
316
286
289
205
224
173
101
262
144
25
318
238
173
339
182
376
214
379
375
118
581
262
183
640
288
42
429
260
63
374
-192
20
72
-273
-46
-50
-202
-396
-80
-168
-168
-90
-43
73
213
127
263
109
195
344
37
233
179
-103
-39
292
-325
-167
51
-446
-204
-265
-500
-251
-503
-396
-294
-498
-247
-399
-358
-124
-310
-268
-153
144
-196
151
146
-274
211
-84
-177
118
2
-153
-15
-45
-417
-299
-379
-339
-350
-363
-216
-364
-256
-281
-409
-173
-169
-250
-11
199
-26
91
146
10
91
69
157
276
43
265
357
-129
377
108
-78
294
71
-17
141
94
104
-176
265
-297
190
22
34
303
-73
407
33
297
342
126
289
390
108
346
64
251
-6
221
-74
50
50
-145
69
42
139
-56
169
127
-32
102
265
-22
211
187
15
142
216
-7
16
395
-339
150
-7
-123
-189
-91
-62
-446
95
-367
-316
-37
-306
-174
-101
4
-136
-150
51
178
-298
413
-139
142
97
161
9
-253
334
-474
33
-183
75
-711
284
-433
-550
177
-706
-50
-109
-288
222
-307
48
71
-256
255
159
-290
660
-85
-39
490
-231
48
213
-511
416
-251
-345
308
-575
-357
182
-651
-302
173
-333
-248
382
-291
133
66
420
-188
447
395
-51
449
369
-27
420
-41
144
173
-293
271
-381
7
-35
-272
128
-238
-54
-54
77
-317
412
-103
-7
372
88
8
165
105
74
121
351
-361
230
-17
-282
118
-324
-121
-165
-349
-54
-401
-128
-72
-478
312
-365
77
34
52
-98
513
-235
356
181
-45
355
-50
-57
152
-180
-1
-112
-67
32
-480
368
-528
-53
93
-528
225
-126
-114
-25
181
-199
289
-5
22
229
-132
372
28
8
328
-407
283
-90
-465
396
-722
94
-176
-494
186
-556
-228
256
-786
451
-387
66
-18
274
108
50
498
-136
517
14
336
-18
394
-23
-4
276
-197
-142
169
-235
-157
32
-192
61
-244
157
-233
-9
1
-73
209
-321
418
-313
-14
292
-595
402
-252
-314
449
-709
220
-222
-333
26
-357
-116
-239
-34
-310
-18
-100
-20
117
-47
352
-469
798
-367
256
539
-470
784
-248
83
281
-57
-24
141
-213
143
-227
144
-312
21
-57
-61
-194
273
-327
265
61
-219
511
-336
381
76
-266
555
-381
254
-37
168
-283
55
92
-486
115
-108
-237
-103
253
-416
-85
160
-202
-116
520
-504
618
-245
231
324
-196
486
-117
496
-191
297
373
-694
659
-328
20
20
-31
-31
-233
89
-74
-522
540
-572
48
228
-429
236
-82
-176
154
-219
94
-127
46
-377
355
-628
-83
185
-904
290
-346
-669
410
-753
-288
428
-991
385
17
-722
599
-330
85
292
-40
292
23
248
214
-43
403
-124
164
261
-324
390
-270
-40
186
-339
164
-161
-76
-115
18
-105
-100
254
-423
374
-145
-155
387
-428
361
-120
-83
288
-204
-14
486
-664
340
196
-503
525
-206
80
131
-104
135
-69
183
135
-69
259
68
-329
631
-251
-102
615
-432
290
98
-164
114
46
-232
406
-449
289
-31
-234
292
-129
-143
346
-340
326
-55
-155
440
-609
701
-538
75
232
-721
161
119
-1104
768
-928
-245
157
-794
-119
3
-834
311
-329
-268
103
-104
-238
465
-498
622
-446
300
387
-592
764
-327
82
143
-77
92
-141
133
20
-476
578
-593
-39
380
-917
760
-464
-250
481
-435
-281
824
-946
631
-79
-272
220
-104
-235
360
-443
210
-48
-112
-64
17
-141
-112
269
-227
81
226
-206
296
160
21
138
405
-238
726
-270
593
-199
153
467
-527
586
-205
40
-86
282
-399
124
128
-507
284
12
-473
472
-307
200
-129
108
48
-131
247
-142
106
80
-257
334
-601
299
-378
-48
-125
-331
35
-250
-472
207
-564
-237
97
-357
-152
-12
-21
-355
167
120
-316
333
63
-231
290
-106
4
119
-161
298
-270
80
61
45
-503
701
-568
-191
653
-957
475
6
-393
276
-139
-150
86
-104
17
-177
-33
-127
-198
7
-306
74
-439
89
-255
-150
62
-328
180
-263
66
11
-24
41
185
71
77
379
-101
414
-118
530
-215
372
363
-331
541
29
-138
292
-105
97
-131
250
-182
-12
69
-270
108
-174
19
-150
23
131
-457
496
-458
129
-33
-74
-3
-7
55
-344
224
-138
-352
370
-629
405
-241
-589
772
-1151
321
9
-661
380
-483
208
-455
152
-22
-527
461
-241
-58
314
-248
229
-259
259
-30
-94
311
-142
262
-146
141
72
-250
499
-571
330
-15
-590
612
-727
83
-13
-395
21
-137
-334
-6
-344
-114
68
-466
223
-212
-211
132
-199
-125
268
-343
131
434
-824
806
-298
-250
561
-351
308
-199
337
-223
146
284
-341
429
38
-145
517
-396
415
-20
-34
74
266
-199
103
87
-131
33
8
-52
13
-157
245
-335
22
187
-643
337
172
-813
613
-105
-501
569
-290
-218
297
-323
106
-266
314
-659
295
103
-849
657
-509
-352
495
-692
256
-133
-167
228
-460
425
-28
-431
790
-215
-263
1065
-785
456
538
-675
533
324
-716
846
-353
-311
592
-756
66
260
-684
138
33
-581
78
21
-555
196
26
-375
119
168
-451
302
21
-105
-1
342
-561
385
14
-432
569
-446
-64
311
-441
-21
401
-814
420
161
-558
338
460
-879
898
-131
-211
478
-71
107
-82
482
-277
32
518
-602
530
-200
-69
-42
74
-506
437
-450
-140
201
-338
-259
401
-562
56
233
-397
163
203
-388
211
50
-304
69
120
-449
320
-359
-6
38
-448
277
-271
-315
407
-492
-4
305
-462
286
-67
47
-14
265
-87
227
-31
295
-262
536
-300
247
-146
301
-475
451
-427
249
-270
17
-4
-326
6
8
-493
362
-424
18
92
-255
145
8
-236
252
-126
-77
99
119
-560
720
-659
16
492
-702
158
432
-871
596
-54
-420
411
-29
-17
-253
948
-1098
840
191
-776
927
-192
-550
828
-549
-141
597
-583
-10
439
-622
71
213
-519
52
465
-972
709
-105
-709
900
-592
-153
780
-703
289
442
-806
626
-185
-653
789
-723
-151
450
-823
24
155
-793
349
-458
31
-171
-36
121
-253
53
481
-673
807
-263
176
114
465
-284
446
103
-163
362
-48
-210
427
-401
32
295
-574
267
-36
-644
635
-629
143
109
-366
224
-137
-132
241
-270
386
-492
753
-597
422
-69
-21
-212
646
-946
887
-630
159
75
-216
159
-104
-62
321
-388
435
-237
79
145
-64
19
375
-428
475
-174
-29
364
-397
266
208
-614
848
-686
125
374
-554
94
594
-1165
940
-154
-616
950
-626
112
184
-154
-72
126
57
-219
-38
374
-791
477
-205
-660
682
-820
117
15
-451
85
-73
-398
267
-211
-126
401
-361
266
142
-257
296
44
77
2
288
-46
-97
311
-178
200
-258
322
-251
-75
402
-641
583
-369
232
-365
700
-834
516
132
-776
885
-316
-576
1146
-1018
370
200
-306
-34
155
-112
-337
469
-341
-130
246
-270
52
64
-102
153
63
-181
462
30
-405
864
-359
-284
1218
-1181
732
216
-651
685
-114
-360
551
-288
-194
362
-139
-436
762
-572
-8
427
-545
398
10
-252
505
-403
311
-114
10
43
-86
-11
76
-146
-46
-121
-144
-87
-123
-150
-17
-360
248
-422
-113
298
-693
464
-284
313
-466
627
-432
127
246
-251
40
517
-750
731
-387
-82
262
-345
85
-8
-249
405
-637
528
-332
-262
507
-443
6
304
-404
281
-72
-58
265
-486
631
-553
266
0
-75
-77
194
-400
424
-751
582
-428
-30
86
-7
-320
385
-369
178
-130
300
-353
475
-19
-194
508
-200
65
444
-415
569
-386
444
-507
563
-441
153
60
-254
167
-3
-310
436
-231
-96
254
149
-633
748
-308
-305
661
-468
-9
374
-316
-79
434
-699
445
-362
42
1
-348
165
-21
-693
739
-594
-347
817
-810
132
342
-391
16
491
-674
484
-208
-81
59
119
-78
-181
629
-895
719
-313
-467
783
-753
407
-9
-383
474
-560
283
-127
-148
124
-19
-35
-35
76
-241
66
-3
-322
271
-109
-114
143
-123
24
-284
378
-571
251
266
-691
646
-229
-342
609
-583
259
184
-360
311
38
-76
67
291
-455
477
-83
-180
400
-207
357
-509
782
-579
139
384
-476
290
335
-654
748
-326
-144
405
-95
-230
420
-305
115
-141
246
-463
462
-285
9
-60
74
-299
269
-353
272
-173
-60
40
114
-462
581
-491
180
353
-660
728
-468
-59
526
-713
358
237
-595
508
-177
-90
-32
206
-312
243
42
-259
258
-185
110
-281
363
-276
-79
329
-344
-45
464
-922
647
-105
-627
597
-92
-553
503
-76
-543
621
-265
-426
771
-585
120
94
-186
128
-248
358
-260
-14
297
-338
104
161
-263
-196
696
-831
420
133
-334
136
388
-658
621
-268
-16
188
-2
157
-144
468
-337
333
6
-233
557
-563
583
-240
-186
645
-638
-115
812
-1050
228
746
-1222
768
132
-880
919
-396
-292
643
-516
293
12
-134
283
-241
338
-370
399
-178
-253
585
-442
-30
321
-372
114
-4
10
-220
260
-215
201
-186
165
139
-427
571
-163
-222
375
62
-351
515
-234
-149
289
-183
26
-29
31
-200
82
-78
-182
249
-469
390
-280
-19
86
-235
331
-537
675
-564
-3
618
-884
555
-46
-422
449
-230
8
10
-82
106
-179
191
-339
592
-776
785
-457
42
238
-209
25
357
-329
201
247
-322
42
504
-627
244
467
-841
637
-54
-477
527
-238
-219
429
-354
156
-120
118
-80
-121
430
-529
436
-51
-249
327
-265
168
-153
157
-60
-84
110
-72
-115
111
-69
-61
70
-71
36
-137
205
-83
-53
155
-68
-12
252
-197
258
46
-96
221
-84
176
-249
382
-168
-196
626
-817
511
-20
-602
630
-245
-555
945
-975
413
-11
-185
-23
238
-330
48
161
-174
-135
305
-114
-377
629
-451
-149
644
-674
246
193
-262
-123
491
-500
95
393
-495
227
81
-99
-108
374
-353
100
7
205
-570
667
-315
-188
389
-372
156
-99
22
57
-128
-77
312
-441
173
231
-572
546
-189
-221
290
64
-580
844
-645
111
229
-338
27
264
-391
225
-18
-88
-41
42
22
-195
235
-24
-216
351
-233
11
229
-153
-80
313
-188
62
147
-84
67
107
-238
467
-536
322
94
-446
345
39
-406
329
70
-409
231
389
-874
752
-26
-698
788
-267
-258
380
-54
-209
160
-71
16
-221
365
-383
199
-68
37
-160
92
116
-260
319
-1
-179
272
70
-212
205
259
-555
565
47
-520
807
-441
12
228
-247
53
36
4
-120
47
-11
-244
261
-282
22
145
-275
235
-132
60
-66
60
6
100
-224
424
-239
-80
506
-459
-68
821
-1159
778
4
-601
501
-71
-244
222
-6
-92
87
-9
75
-210
177
88
-219
218
45
-83
-139
590
-705
526
20
-316
499
-300
87
194
-320
405
-211
45
231
-466
590
-400
122
155
-182
41
59
