-10
-9
-10
-10
-11
-12
-14
-15
-14
-12
-12
-12
-13
-14
-13
-11
-9
-8
-10
-11
-12
-14
-13
-12
-11
-12
-12
-13
-12
-11
-11
-10
-12
-12
-12
-11
-11
-11
-10
-9
-7
-7
-7
-6
-7
-8
-10
-10
-9
-9
-8
-9
-10
-9
-9
-8
-6
-6
-5
-5
-6
-6
-6
-8
-9
-8
-9
-8
-8
-8
-7
-7
-9
-10
-8
-8
-6
-8
-9
-10
-9
-7
-7
-8
-6
-5
-5
-6
-6
-5
-6
-6
-5
-3
-3
-4
-5
-5
-5
-3
-5
-5
-4
-3
-3
-3
-4
-5
-4
-3
-3
-3
-1
-1
-1
0
-2
-2
-1
0
1
0
1
0
1
2
1
1
0
0
0
0
1
1
1
1
0
-1
0
1
2
-1
-1
-2
-1
0
0
1
1
2
2
2
0
1
0
0
-1
-1
-1
-2
-3
-2
-1
-1
0
-1
-3
-3
-3
-3
-2
-2
0
0
0
0
1
2
1
0
0
-1
-1
-1
0
1
1
3
2
2
-1
-1
-3
-3
-2
-2
-2
0
0
2
-1
0
0
1
0
1
2
1
1
1
0
-1
1
1
0
0
-1
-2
-1
-2
-4
-4
-5
-4
-4
-3
-2
-3
-4
-5
-5
-5
-4
-4
-2
-2
-2
-4
-2
-2
-1
0
0
-1
-1
-1
-2
-2
-4
-5
-5
-5
-4
-4
-4
-2
-3
-2
-1
-3
-4
-4
-3
-3
-3
-4
-3
-2
-2
-3
-5
-5
-6
-7
-7
-7
-7
-7
-8
-9
-10
-9
-9
-9
-9
-9
-8
-8
-8
-7
-6
-5
-4
-5
-6
-6
-7
-7
-6
-6
-5
-6
-7
-7
-9
-8
-7
-6
-6
-6
-7
-8
-7
-7
-7
-8
-8
-6
-6
-7
-7
-7
-7
-5
-4
-6
-6
-7
-6
-5
-6
-6
-6
-6
-6
-8
-8
-9
-7
-5
-5
-6
-6
-5
-6
-5
-4
-3
-2
-2
-1
0
-1
-1
-1
-2
-1
-1
-1
-2
-2
-1
0
0
-1
-2
-1
-1
-2
-4
-4
-4
-4
-4
-3
-4
-6
-7
-6
-6
-4
-3
-2
-5
-6
-6
-5
-4
-5
-6
-5
-5
-6
-5
-6
-4
-4
-3
-3
-4
-2
-3
-3
-2
-3
-2
-3
-2
-2
0
-1
-1
0
-1
0
2
2
2
2
1
1
0
0
-2
-2
0
0
-1
-1
-1
-3
-2
-2
-1
-1
-1
1
2
3
1
0
-1
0
0
1
1
1
0
1
2
2
1
1
0
-1
-1
-2
-1
-1
0
1
-1
-2
1
1
3
3
3
2
2
1
2
2
2
2
2
1
1
2
1
0
-1
-2
0
3
2
2
2
2
3
2
2
1
2
2
1
2
1
1
0
0
-2
-2
-2
-3
-2
-2
-3
-4
-5
-5
-5
-6
-6
-7
-7
-5
-5
-4
-4
-5
-5
-4
-6
-6
-6
-6
-6
-7
-6
-6
-7
-7
-8
-7
-6
-5
-5
-4
-4
-5
-5
-5
-6
-7
-9
-9
-7
-9
-8
-9
-9
-9
-8
-9
-12
-11
-10
-9
-9
-9
-11
-12
-12
-11
-9
-10
-10
-12
-13
-12
-12
-10
-10
-9
-9
-10
-11
-9
-9
-8
-8
-8
-9
-10
-13
-13
-14
-14
-13
-14
-16
-17
-17
-16
-16
-19
-18
-18
-18
-19
-18
-19
-19
-16
-16
-16
-16
-17
-17
-18
-18
-17
-17
-18
-18
-18
-17
-17
-17
-17
-18
-18
-17
-17
-16
-15
-15
-15
-14
-13
-14
-14
-14
-13
-12
-13
-13
-13
-14
-16
-17
-18
-18
-18
-18
-18
-18
-19
-17
-16
-16
-16
-15
-15
-14
-14
-16
-16
-18
-18
-16
-15
-15
-15
-15
-13
-12
-15
-16
-18
-15
-14
-13
-12
-13
-13
-14
-15
-16
-16
-14
-13
-15
-16
-15
-13
-12
-12
-12
-13
-15
-15
-14
-12
-11
-10
-10
-11
-11
-12
-12
-13
-12
-11
-10
-8
-6
-7
-7
-7
-9
-11
-12
-11
-12
-11
-10
-11
-10
-10
-10
-10
-9
-10
-11
-12
-11
-10
-9
-8
-8
-9
-11
-13
-13
-14
-12
-11
-12
-11
-11
-11
-11
-13
-13
-13
-13
-13
-13
-13
-12
-11
-11
-10
-12
-13
-12
-12
-12
-12
-14
-14
-14
-13
-13
-13
-13
-12
-13
-14
-15
-16
-13
-13
-13
-12
-12
-14
-12
-12
-10
-10
-9
-11
-13
-12
-12
-11
-12
-14
-13
-12
-10
-10
-9
-8
-9
-9
-11
-12
-11
-10
-12
-12
-16
-16
-16
-16
-14
-14
-13
-11
-13
-14
-14
-15
-14
-12
-12
-12
-11
-13
-13
-12
-12
-12
-12
-13
-14
-15
-13
-13
-13
-13
-12
-13
-13
-14
-13
-13
-12
-12
-13
-12
-12
-11
-10
-10
-11
-11
-11
-11
-11
-12
-14
-13
-12
-11
-13
-12
-12
-11
-12
-14
-13
-15
-13
-13
-11
-11
-12
-12
-13
-13
-13
-12
-13
-15
-15
-16
-16
-16
-17
-16
-16
-16
-17
-17
-16
-16
-15
-15
-16
-16
-15
-14
-14
-14
-15
-14
-12
-13
-13
-13
-14
-16
-16
-16
-15
-14
-14
-16
-15
-13
-12
-11
-13
-13
-13
-13
-13
-14
-12
-12
-13
-12
-14
-15
-13
-12
-12
-11
-14
-13
-13
-13
-11
-11
-12
-14
-13
-14
-15
-15
-13
-13
-13
-13
-13
-12
-13
-12
-12
-10
-11
-11
-11
-10
-10
-10
-11
-11
-11
-9
-9
-9
-9
-8
-8
-7
-7
-7
-6
-7
-6
-8
-7
-7
-5
-5
-4
-4
-5
-5
-4
-4
-4
-5
-7
-7
-8
-7
-5
-4
-6
-5
-4
-4
-3
-6
-6
-5
-4
-4
-4
-4
-4
-3
-4
-5
-5
-5
-4
-3
-3
-4
-4
-2
-3
-4
-4
-6
-4
-4
-4
-3
-2
-1
-2
-2
-3
-3
-4
-4
-4
-3
-2
-1
-2
-1
-1
-3
-3
-3
-2
-2
-2
-3
-4
-5
-4
-5
-5
-3
-3
-3
-2
-3
-3
-3
-2
-1
-1
0
0
0
0
1
-2
-4
-5
-4
-4
-3
-2
-1
0
1
-2
-2
-2
-2
-3
-4
-6
-4
-3
-3
-2
-2
-3
-4
-4
-5
-4
-3
-4
-5
-5
-6
-6
-6
-6
-6
-6
-7
-8
-9
-7
-5
-5
-5
-7
-8
-8
-7
-7
-7
-6
-7
-7
-7
-6
-5
-4
-4
-5
-6
-7
-7
-7
-7
-4
-5
-6
-5
-5
-3
-2
-3
-4
-5
-4
-3
-3
-2
-3
-2
-2
-2
-1
-3
-2
-3
-3
-4
-2
-2
-2
-1
-1
-3
-5
-5
-6
-6
-6
-7
-6
-7
-6
-7
-7
-7
-8
-7
-7
-6
-7
-6
-7
-7
-5
-5
-6
-6
-6
-5
-4
-3
-3
-4
-4
-4
-2
-3
-1
0
0
0
0
-1
-1
-1
-1
0
-1
0
-1
-1
-3
-2
-1
-1
-1
-1
-1
0
0
0
-1
-1
-1
-2
-3
-3
-2
-2
-1
0
-1
-2
-1
-2
-2
1
0
0
-1
-1
-1
0
1
1
2
2
2
2
1
1
1
2
2
2
2
2
3
3
4
4
3
3
4
4
3
3
2
1
2
3
2
5
4
5
3
5
4
5
4
4
5
7
6
5
6
4
7
6
7
7
8
8
7
7
7
8
9
10
10
11
10
10
10
10
9
8
9
9
10
10
10
9
10
10
12
12
11
11
12
10
10
12
13
12
12
10
10
9
9
10
10
9
9
8
8
9
9
9
8
7
7
7
7
8
10
10
9
8
7
7
8
9
8
7
4
4
3
3
2
4
4
2
2
1
4
5
4
3
3
1
2
4
3
3
2
1
2
2
2
2
1
1
0
0
0
0
-1
-1
-3
-1
-1
-1
-3
-4
-5
-3
-2
-2
-3
-4
-2
-2
-1
0
-1
-2
-3
-2
-2
0
-1
-1
-2
-3
-3
-1
1
2
2
1
0
-1
-1
0
2
1
0
-1
-2
1
0
0
-1
-2
-1
-2
-1
-1
-1
-3
-2
-1
0
0
0
0
0
-2
-4
-4
-2
-3
-2
0
0
0
-2
-3
-4
-3
-2
-1
0
0
-1
-1
1
2
2
0
0
0
-1
1
1
0
1
1
1
2
0
0
2
2
0
0
0
0
1
1
1
1
0
-1
-1
-2
-2
-2
0
0
1
2
2
3
1
0
0
1
2
1
1
1
2
3
2
3
2
3
1
2
1
0
2
3
3
4
3
4
4
3
2
2
2
5
5
4
3
2
4
4
4
3
3
2
3
5
2
3
5
5
5
5
5
5
6
8
8
5
5
5
6
5
4
2
2
4
3
3
4
2
1
1
1
0
1
0
-1
-1
0
2
4
4
5
4
3
2
2
2
2
3
0
-1
0
1
1
3
3
3
1
0
0
-1
1
1
1
-1
-3
-1
1
2
1
0
0
-2
-1
-1
-1
0
-2
-1
-2
-2
-2
-2
-4
-5
-4
-4
-1
-1
-1
-4
-3
-3
-3
-4
-2
-3
-4
-1
-2
-2
-1
-2
-3
-3
-3
-4
-3
-4
-5
-6
-7
-6
-6
-4
-4
-6
-6
-5
-4
-2
-3
-3
-4
-4
-6
-4
-3
-1
-1
-2
-1
-2
-2
-2
-2
-1
-1
-2
-3
-2
0
1
1
0
-1
0
0
0
0
-1
0
0
0
0
-1
-2
-3
-3
-2
-2
-3
-4
-4
-4
-4
-6
-5
-6
-6
-6
-6
-5
-6
-6
-6
-6
-7
-6
-5
-3
-4
-5
-6
-6
-4
-4
-3
-3
-2
-4
-5
-7
-6
-5
-4
-4
-6
-5
-5
-3
-3
-5
-6
-7
-6
-6
-7
-7
-6
-6
-6
-7
-7
-8
-8
-10
-9
-10
-9
-9
-8
-6
-7
-9
-10
-11
-11
-11
-10
-11
-9
-9
-10
-11
-11
-12
-12
-10
-10
-11
-11
-12
-12
-13
-11
-11
-10
-10
-10
-10
-9
-9
-10
-9
-9
-9
-8
-7
-7
-7
-5
-6
-7
-7
-7
-7
-7
-8
-7
-7
-7
-9
-9
-10
-9
-7
-8
-8
-8
-7
-7
-6
-6
-7
-8
-8
-8
-9
-7
-6
-6
-7
-9
-6
-6
-4
-6
-6
-8
-8
-8
-8
-7
-7
-9
-10
-11
-10
-8
-9
-10
-10
-9
-10
-9
-9
-9
-11
-12
-12
-11
-10
-9
-8
-8
-9
-10
-9
-9
-8
-8
-8
-8
-9
-7
-5
-3
-4
-7
-7
-9
-9
-9
-6
-5
-6
-7
-9
-9
-8
-7
-6
-8
-9
-8
-9
-9
-8
-6
-7
-7
-7
-7
-7
-7
-8
-6
-5
-5
-5
-3
-2
-1
0
-1
-1
-3
-2
-2
-2
-2
-1
0
0
-1
-2
-1
-2
-1
-1
0
0
2
1
1
0
0
1
2
2
2
3
3
4
2
1
1
2
2
2
2
2
2
2
2
1
2
1
1
0
-1
0
1
2
3
2
1
-1
0
0
1
2
3
1
0
0
0
0
-1
0
-1
-2
-2
-2
-2
0
1
1
-2
-3
-4
-3
-1
-1
-1
-2
-3
-3
-2
0
0
0
-1
-1
-2
-2
0
2
2
2
3
2
0
0
1
1
3
2
2
2
4
4
3
1
0
0
1
1
0
0
0
2
3
3
2
0
0
0
1
0
0
1
0
0
1
0
0
0
0
-1
-1
-2
0
1
2
1
-1
-1
-1
0
0
0
1
2
2
2
2
3
2
0
-1
-1
1
2
1
0
-1
-2
-1
1
2
2
1
-1
-2
-2
-2
0
0
1
-1
-3
-4
-4
-4
-6
-4
-4
-4
-5
-6
-7
-5
-3
-3
-2
-5
-4
-3
-4
-2
-2
-4
-4
-4
-4
-3
-2
-2
-2
-2
-2
-3
-3
-4
-4
-4
-5
-5
-4
-5
-4
-3
-3
-3
-2
-4
-4
-4
-4
-5
-6
-5
-6
-6
-6
-5
-4
-3
-2
-3
-4
-3
-3
-3
-3
-3
-3
-3
-2
-1
0
1
2
-2
-2
-3
-5
-4
-5
-3
-4
-4
-5
-6
-5
-4
-5
-7
-9
-9
-9
-8
-8
-8
-7
-6
-5
-3
-4
-4
-6
-5
-5
-6
-7
-7
-6
-4
-3
-3
-2
-2
-4
-5
-6
-7
-7
-5
-5
-5
-6
-4
-4
-3
-2
-3
-3
-2
-1
-1
-1
-3
-2
-3
-1
-1
-1
-2
-2
-2
-2
-2
-2
-1
-1
-2
-3
-3
-3
-1
0
0
1
0
0
1
2
3
2
2
2
1
0
2
3
3
3
1
1
2
2
0
-1
-2
-1
-2
-2
0
2
4
4
2
0
-1
-1
-1
-3
-3
-3
-3
-2
0
-1
-1
-3
-5
-5
-3
-3
-3
-3
-4
-4
-5
-4
-2
-2
-4
-5
-5
-5
-3
-1
-1
-4
-6
-5
-6
-6
-6
-7
-7
-7
-6
-6
-6
-7
-6
-5
-7
-8
-9
-8
-8
-8
-8
-8
-8
-6
-6
-7
-5
-6
-6
-6
-6
-5
-7
-7
-7
-6
-6
-7
-6
-6
-6
-7
-7
-8
-8
-8
-8
-7
-8
-8
-9
-7
-6
-5
-6
-7
-7
-8
-8
-9
-7
-7
-7
-8
-8
-9
-9
-9
-9
-10
-10
-11
-11
-12
-11
-9
-10
-10
-11
-12
-11
-11
-13
-11
-9
-9
-10
-10
-10
-10
-8
-8
-9
-9
-9
-10
-9
-8
-8
-7
-7
-6
-6
-7
-7
-7
-8
-9
-9
-10
-10
-8
-9
-8
-8
-8
-9
-7
-7
-7
-7
-7
-7
-7
-6
-7
-5
-5
-5
-4
-4
-3
-2
-2
-3
-4
-4
-6
-6
-4
-3
-3
-4
-4
-2
-3
-2
-2
-3
-2
-1
-2
-1
2
1
2
3
1
1
3
4
3
2
1
2
2
2
2
2
1
1
1
3
3
3
2
1
0
2
5
7
8
7
5
5
5
5
5
4
4
3
4
4
4
3
2
0
1
-1
0
0
1
1
1
1
0
1
2
3
3
3
3
5
5
5
4
3
3
4
4
6
5
5
6
6
6
5
6
6
6
5
6
6
6
7
8
7
6
6
4
5
6
5
5
4
3
3
4
4
5
5
4
3
3
5
4
4
3
2
2
5
6
8
8
5
6
7
7
7
8
9
9
10
10
10
11
10
9
9
10
12
13
12
12
10
11
11
10
8
8
6
6
7
7
10
10
9
8
8
8
11
10
9
8
6
6
7
6
6
5
5
6
6
6
7
7
6
7
7
6
7
7
7
7
5
4
5
8
9
8
7
6
5
6
8
9
9
8
7
8
8
9
9
9
10
10
8
7
8
9
10
9
7
8
10
11
10
10
9
8
9
11
10
9
8
8
9
10
10
8
9
11
12
12
11
10
11
11
10
9
9
7
7
9
7
9
9
10
10
8
6
5
5
6
6
7
9
8
9
10
9
8
9
9
10
10
11
11
11
11
12
12
10
10
11
12
13
13
12
11
12
13
13
12
11
11
12
13
14
15
14
12
11
13
13
14
14
13
13
13
13
12
13
12
13
14
13
13
14
16
15
13
12
13
13
13
14
14
13
15
15
14
11
9
10
11
12
11
10
10
11
12
12
12
11
10
11
9
10
10
11
10
8
7
8
7
6
7
7
6
6
5
8
8
8
9
9
11
9
9
6
6
6
5
7
6
6
7
7
7
7
5
5
5
6
6
5
4
4
5
4
3
2
1
1
1
3
2
0
-1
1
0
2
4
3
2
1
0
0
2
4
5
3
3
4
4
3
3
3
2
3
2
2
2
2
2
2
3
2
3
1
0
1
1
2
2
2
2
1
2
2
2
3
3
2
1
3
1
0
1
2
3
5
6
5
5
5
5
5
7
8
9
8
7
7
8
9
10
10
8
8
8
9
9
10
11
9
8
6
5
4
6
7
8
8
7
8
8
9
8
8
11
9
9
10
11
11
12
11
9
9
9
9
8
8
8
9
9
9
9
9
9
9
9
10
11
12
11
12
13
14
13
13
13
15
16
14
13
11
12
14
14
13
12
12
13
12
11
10
11
13
13
15
15
15
15
15
14
12
14
15
16
15
14
16
17
16
16
15
16
15
16
17
18
19
18
17
16
16
17
16
17
18
16
16
17
17
16
16
16
16
16
15
14
14
13
14
13
12
14
16
14
14
13
12
12
14
14
15
15
14
14
13
15
15
14
14
14
13
13
13
14
14
15
15
14
13
14
12
13
12
12
13
12
10
10
13
14
14
13
12
11
11
11
11
12
13
14
13
13
13
14
14
12
12
11
11
11
12
11
11
12
13
13
13
12
11
12
13
14
16
15
14
14
13
11
11
12
12
13
13
13
12
11
13
13
12
12
13
14
14
13
13
14
15
15
14
14
13
14
14
14
12
12
12
12
11
11
12
11
11
9
8
6
7
7
6
6
6
8
11
11
10
9
7
6
6
8
9
9
8
9
9
9
7
7
7
8
7
6
7
5
6
7
6
9
8
7
6
3
4
6
6
8
8
6
5
3
3
4
5
3
4
4
5
5
5
4
2
3
2
3
2
2
2
3
4
3
3
3
3
4
2
1
3
3
3
2
2
2
3
3
2
2
1
2
2
3
4
4
5
3
2
1
1
3
4
4
4
5
4
4
5
6
5
5
4
4
4
5
6
5
6
6
5
6
6
7
7
7
7
7
7
7
7
8
8
8
9
9
9
9
9
9
10
10
11
11
11
11
12
12
11
10
10
10
11
11
9
9
10
11
12
13
11
11
10
9
10
10
10
10
11
10
10
11
12
12
13
13
14
12
12
11
12
10
9
9
10
10
9
9
7
8
8
9
6
6
6
7
7
8
8
9
10
9
8
8
8
7
7
7
8
6
7
8
8
7
6
4
5
6
7
8
8
7
7
6
6
6
6
7
7
7
7
6
6
6
7
5
4
3
2
3
3
4
4
3
4
4
4
4
5
5
5
5
5
5
5
6
6
6
5
4
5
6
8
7
7
6
6
6
5
6
7
7
6
4
4
5
6
7
5
6
6
7
7
6
8
9
7
8
7
7
7
6
6
5
5
6
7
6
6
7
7
8
7
8
7
7
8
7
8
10
9
10
10
10
9
9
8
7
8
8
7
6
6
5
5
6
5
4
5
4
4
4
5
5
5
5
5
6
5
5
4
4
5
4
3
3
4
3
2
2
2
3
3
2
1
1
0
0
1
2
3
2
0
1
1
3
5
5
3
3
3
4
4
4
4
3
2
2
1
1
2
2
2
1
0
3
3
3
3
2
2
1
2
2
2
1
1
1
2
2
1
2
1
1
-1
0
1
2
0
-1
-3
-3
-2
-2
-2
-2
-1
-1
-1
-2
-1
-2
-3
-3
-3
-4
-4
-2
-3
-3
-4
-2
-3
-2
-4
-7
-5
-5
-4
-4
-2
-2
-1
1
1
0
0
0
-1
0
-1
0
3
2
2
3
2
0
1
0
0
1
1
1
3
2
1
1
1
1
2
2
2
1
1
0
-1
-2
0
0
1
1
0
1
2
1
1
1
1
2
0
0
-1
0
2
1
2
2
1
3
3
6
6
6
6
5
5
5
5
4
4
4
5
6
7
7
5
5
5
6
6
5
4
4
2
2
3
3
4
5
4
5
4
5
4
3
3
4
5
5
4
3
5
5
4
5
5
6
5
3
2
4
6
6
4
3
4
3
3
2
1
3
5
5
3
1
2
2
1
-1
-1
1
0
0
-1
-1
1
2
1
0
0
0
1
1
0
-1
0
0
0
0
-2
-1
-1
0
-1
-2
-2
-1
0
0
-1
-2
-3
-3
-3
-4
-4
-2
-1
-1
-1
-3
-3
-3
-4
-3
-3
-3
-1
-2
-2
-2
-2
-2
-2
-2
-1
-1
-2
-2
-2
-3
-3
-3
-3
-2
-3
-5
-4
-5
-4
-4
-6
-5
-6
-3
-4
-4
-5
-3
-2
-2
-2
-2
-2
-2
-2
-3
-3
-2
-1
0
-2
-1
-1
-2
-3
-2
-2
-2
-3
-2
-3
-3
0
0
0
0
1
2
3
2
1
0
1
3
2
2
3
4
3
2
2
1
2
3
3
4
3
3
3
2
3
4
5
5
3
4
5
5
6
4
4
6
5
5
5
6
7
7
6
6
6
6
6
7
6
8
7
7
7
6
7
6
5
5
5
6
6
7
5
5
5
6
7
7
5
5
7
7
8
9
9
9
9
9
9
9
9
9
9
8
5
5
6
7
6
5
3
5
6
5
5
4
2
4
6
6
6
6
5
4
4
3
5
5
5
4
3
3
4
4
5
6
6
5
5
4
4
5
5
7
6
4
5
5
7
8
7
6
6
8
6
7
5
6
6
8
9
9
10
9
10
9
8
8
7
7
10
10
11
10
11
11
10
9
7
6
7
9
10
9
9
9
10
11
11
10
11
12
11
12
11
11
12
11
11
9
10
11
11
12
10
9
9
10
10
11
11
11
10
12
12
13
15
15
15
15
14
13
12
12
12
12
13
13
13
14
13
12
12
11
12
13
12
12
11
11
11
11
11
11
11
10
9
10
10
10
10
9
10
10
9
8
8
9
10
10
9
9
10
11
10
10
11
11
12
12
11
12
12
14
14
15
14
13
14
14
17
17
13
11
13
14
15
14
13
13
13
14
12
12
13
13
12
13
12
13
13
12
10
10
13
14
13
13
12
12
13
11
11
13
10
11
12
11
12
14
14
14
13
12
12
13
13
14
15
15
14
14
13
13
13
12
12
11
10
9
7
7
8
8
9
9
9
10
11
12
12
12
11
10
10
12
12
14
14
14
12
13
13
15
17
19
18
17
15
16
17
18
17
16
16
17
17
17
18
18
16
14
12
13
14
15
14
15
17
20
18
17
17
17
19
18
16
19
20
23
23
23
22
22
25
24
25
23
23
22
22
24
25
26
26
26
27
26
25
25
25
27
27
26
24
22
23
21
20
19
20
19
20
18
17
18
19
20
20
21
19
19
19
20
19
20
22
23
22
21
21
22
21
20
20
18
19
19
19
20
21
22
20
19
20
20
20
18
17
17
19
18
19
18
18
20
20
18
16
17
17
17
16
15
15
15
14
14
14
14
15
15
15
17
16
16
15
15
16
15
15
16
16
17
17
16
16
17
18
16
14
13
13
14
15
16
15
14
14
14
14
13
11
10
10
11
11
12
12
11
13
11
9
11
11
13
13
12
11
12
12
13
12
12
12
12
11
10
10
9
10
11
12
11
11
10
10
9
11
11
10
10
8
7
8
7
7
7
7
5
5
7
9
10
10
9
9
8
9
9
8
7
7
7
6
7
9
10
8
7
6
7
8
7
8
8
9
6
7
5
6
7
6
8
7
8
7
7
7
6
6
6
8
8
8
8
7
7
6
6
7
8
8
8
8
7
7
8
9
10
8
9
10
10
11
10
11
9
11
10
10
10
9
9
9
8
9
7
8
11
10
9
7
8
9
9
8
8
6
5
8
9
9
10
11
10
10
11
10
11
12
11
11
11
11
12
14
14
14
12
12
11
12
13
13
11
9
8
7
7
8
8
9
9
11
10
8
10
10
9
9
9
8
8
10
9
10
10
11
10
10
10
9
10
10
8
7
8
8
8
7
7
8
9
8
8
8
7
7
8
7
5
5
6
5
6
6
7
6
5
5
5
5
5
5
4
3
2
2
2
2
4
3
3
3
3
3
3
3
4
2
2
1
1
1
1
0
-1
0
0
0
0
-1
-1
-1
-2
-3
-2
-4
-4
-2
-3
-1
-1
0
0
-1
-2
-2
-2
-1
-1
-1
-2
-1
1
0
2
1
1
2
2
2
1
1
-1
-2
0
0
0
0
-1
-1
0
1
1
1
0
0
-1
0
0
0
1
2
3
0
-2
-2
-1
1
1
-1
-2
-3
-4
-4
-1
-1
-1
-2
-3
-1
0
2
2
1
0
1
0
1
2
4
5
5
4
4
4
6
7
6
5
5
5
5
5
4
4
3
4
3
1
1
0
1
2
1
1
2
2
3
0
0
1
2
3
3
2
2
2
4
3
3
4
4
4
4
5
5
5
6
4
4
4
3
3
4
6
5
6
7
9
9
9
9
10
11
10
9
8
8
9
10
12
11
11
10
9
9
9
10
10
10
10
9
9
9
10
10
11
12
13
14
15
13
12
11
11
12
12
13
13
14
14
14
16
16
14
12
11
11
13
13
14
14
13
14
16
17
16
14
13
11
13
13
15
14
14
14
13
14
15
14
14
15
14
12
12
12
14
15
13
12
13
13
13
12
12
13
14
13
12
11
13
14
12
12
13
12
12
12
12
12
13
14
13
14
14
15
16
16
14
14
13
14
14
13
13
14
14
12
14
14
15
14
12
10
11
10
10
9
9
8
9
8
7
8
8
8
7
6
6
7
7
7
6
6
7
6
5
5
5
5
5
5
7
7
8
7
6
8
9
9
9
9
7
10
10
9
8
7
6
6
6
5
5
5
7
7
7
6
5
4
5
5
4
5
3
4
4
5
7
6
5
5
4
4
5
5
4
3
5
5
5
5
5
4
3
3
4
4
4
4
3
2
0
0
0
2
3
4
4
2
1
1
1
1
-1
0
-2
-1
0
1
2
2
1
0
1
1
2
3
2
2
1
3
4
5
4
4
3
3
4
4
5
8
6
4
5
5
6
7
7
8
7
8
9
9
9
9
9
8
8
8
8
8
8
7
6
6
6
6
7
6
5
6
5
6
7
7
6
7
6
4
2
4
6
6
7
5
4
4
5
7
8
8
8
5
4
3
5
6
7
8
8
7
7
7
8
8
7
7
7
9
10
9
10
12
12
12
12
10
10
11
11
10
10
10
10
10
9
10
11
10
10
8
7
8
8
7
7
8
7
7
10
9
7
7
7
7
7
7
6
6
7
7
7
7
5
5
6
5
4
3
4
5
5
5
3
2
3
6
8
6
5
3
5
6
6
6
6
5
5
4
4
4
4
4
3
2
2
0
0
0
0
2
1
1
-1
-1
-1
0
0
1
2
1
1
1
2
0
0
0
-1
-1
-1
0
1
1
0
-2
-1
-2
-2
-3
-2
-1
0
1
1
0
1
-1
-1
0
-2
-1
0
-2
-2
-2
-1
1
0
0
-1
-1
0
0
1
1
1
1
1
3
3
3
1
1
0
0
1
1
0
0
-2
-2
0
3
2
1
1
1
1
3
3
3
5
3
2
0
0
2
2
1
2
2
3
3
2
3
4
4
3
2
3
5
5
6
6
7
8
7
4
5
5
6
7
6
6
6
6
5
4
3
3
4
5
4
5
5
5
5
4
5
7
8
7
7
8
9
11
10
10
9
10
10
9
8
7
8
9
9
9
10
10
10
10
9
9
12
13
13
12
12
11
14
13
13
12
14
14
15
15
16
17
16
16
15
15
17
17
18
16
15
15
15
17
17
16
16
15
17
16
17
16
15
15
14
14
13
14
14
13
12
11
11
11
13
14
14
12
13
13
13
13
13
14
14
13
12
12
12
14
13
12
10
10
11
11
11
10
10
12
13
12
11
12
13
13
14
14
14
14
14
16
14
15
15
14
13
13
12
14
15
12
11
10
10
11
11
10
12
11
10
8
8
9
9
9
9
9
9
10
11
11
10
11
10
10
11
11
10
11
10
10
10
11
12
13
13
13
11
10
8
9
10
9
9
9
9
10
10
11
12
14
13
11
9
9
10
11
9
7
8
10
10
8
5
6
8
9
9
8
6
4
4
4
5
5
4
4
4
2
3
3
4
3
1
-1
-2
0
1
3
2
0
-2
-1
-2
-2
-2
-2
-2
-4
-4
-4
-4
-3
-3
-4
-5
-5
-4
-4
-2
-2
-4
-5
-7
-7
-7
-8
-7
-7
-6
-6
-6
-8
-8
-7
-5
-4
-3
-5
-5
-5
-4
-4
-5
-5
-4
-4
-3
-2
-5
-3
-4
-6
-6
-9
-9
-7
-7
-8
-8
-8
-7
-7
-7
-9
-9
-9
-8
-7
-6
-3
-2
-3
-4
-4
-5
-4
-2
-3
-3
-2
-3
-3
-1
-1
0
1
0
0
1
1
0
1
1
1
2
3
2
3
5
5
6
4
3
4
4
4
5
5
5
3
4
5
5
6
5
4
4
4
5
5
6
6
6
5
4
5
8
9
8
9
8
8
9
10
10
10
10
9
9
10
12
12
9
8
7
9
10
9
8
8
10
10
10
10
10
10
11
10
8
8
9
12
12
11
10
10
10
11
10
10
9
10
11
11
12
12
13
14
13
12
12
13
12
14
12
11
11
12
12
12
11
11
10
9
11
11
13
12
11
12
11
12
12
13
13
12
12
12
13
14
13
12
12
12
13
14
15
13
14
13
15
16
18
17
15
14
13
15
17
17
16
15
13
12
13
14
14
14
14
12
12
13
14
14
13
12
10
12
14
16
14
13
11
12
12
13
10
10
11
10
11
11
12
13
13
15
14
13
13
13
14
13
12
12
11
14
14
13
10
9
10
12
12
11
9
8
8
9
10
11
11
10
8
7
7
9
11
10
10
7
6
8
8
8
7
7
6
8
8
8
9
9
8
8
7
7
9
10
10
9
8
7
8
8
9
10
11
13
12
11
10
10
10
12
13
14
13
14
15
14
14
14
13
13
15
14
15
15
15
15
15
16
15
14
13
14
15
14
11
11
12
12
13
12
12
12
13
13
12
11
11
11
10
10
9
12
12
14
14
11
9
10
11
9
10
9
8
9
10
10
9
8
7
7
6
8
10
10
9
9
8
8
10
12
13
12
11
10
11
12
12
11
10
10
10
11
10
10
11
10
10
9
10
12
13
13
12
11
11
12
12
13
11
10
12
13
11
10
8
8
10
11
11
11
10
10
10
10
11
13
14
13
14
13
12
11
11
13
12
11
11
10
11
10
10
10
11
11
10
11
11
11
11
11
9
10
10
10
9
9
10
9
9
11
10
11
11
10
9
8
7
7
7
7
6
6
6
5
7
5
4
4
4
2
2
2
2
2
3
3
2
1
2
3
3
3
2
2
3
5
5
7
7
8
7
7
8
7
3
1
1
2
6
5
4
4
3
4
5
5
6
6
4
3
1
0
0
1
0
0
0
0
1
1
0
-2
-2
-4
-4
-4
-4
-3
-2
0
0
-1
-2
-1
-1
-1
-1
-2
-3
-2
-1
-1
0
2
2
2
3
3
3
1
0
0
0
-2
-2
-1
-1
-1
0
-1
-2
-3
-4
-4
-4
-3
-1
-1
-1
-3
-4
-2
-2
1
2
0
-2
-2
-2
-2
-1
-2
-2
-2
-2
-1
-1
0
-1
-2
-3
-1
-1
0
2
1
0
0
1
0
0
0
0
1
1
1
-1
-2
-1
-1
-2
-1
-2
0
0
-1
0
1
2
2
2
1
1
1
2
5
6
6
4
5
7
7
7
6
6
7
7
7
7
7
7
8
7
7
7
6
7
7
7
7
7
8
7
6
8
9
9
8
7
7
8
9
8
8
6
6
6
6
7
6
5
4
4
6
7
8
8
8
9
9
11
10
11
12
11
12
12
11
12
13
12
12
10
11
11
9
9
10
10
9
10
10
9
9
9
9
9
9
8
8
8
11
11
13
11
11
9
8
7
8
9
9
9
9
8
9
9
9
8
6
7
7
10
11
11
11
10
10
9
7
8
9
9
8
5
6
7
9
8
7
9
8
7
7
8
9
8
7
5
4
6
5
5
2
1
2
2
2
1
1
2
4
4
4
3
2
0
-1
-1
-1
0
0
-1
-1
-1
0
1
1
1
0
0
-1
-1
-1
1
0
-1
-1
-1
0
0
0
0
1
0
2
3
4
3
1
0
0
2
2
4
3
2
2
3
2
2
3
3
3
1
3
2
2
4
4
4
4
4
5
4
3
3
3
3
3
3
2
2
3
5
5
5
3
3
4
4
5
6
7
7
8
8
7
7
6
7
6
7
6
7
8
9
9
10
7
8
6
7
8
8
9
9
9
9
9
10
9
8
8
9
10
11
11
9
9
10
11
12
11
12
14
16
15
14
14
15
14
15
14
15
14
14
13
14
14
15
15
13
13
12
12
12
11
11
11
13
11
10
10
11
10
9
8
9
9
9
8
8
9
10
11
10
8
7
8
10
9
9
9
8
8
7
5
5
8
7
5
4
4
6
7
7
6
4
4
7
8
7
6
4
4
6
7
8
6
6
5
5
5
7
7
5
6
6
7
7
7
8
8
7
5
6
7
8
9
8
7
7
6
6
5
4
4
4
4
5
5
5
6
6
5
5
5
4
4
6
4
4
5
5
5
4
3
4
6
4
3
2
1
3
7
6
4
2
2
2
2
3
1
0
1
1
1
0
0
0
-2
-3
-3
-4
-2
-1
-1
-1
-1
-3
-4
-4
-4
-6
-6
-7
-8
-8
-7
-6
-5
-4
-5
-5
-6
-7
-7
-6
-5
-4
-4
-4
-3
-3
-3
-3
-2
-4
-5
-6
-6
-6
-7
-9
-10
-9
-8
-6
-7
-7
-6
-5
-4
-5
-8
-10
-10
-9
-9
-8
-7
-5
-5
-6
-4
-5
-7
-6
-6
-7
-8
-5
-5
-3
-3
-3
-3
-3
-4
-5
-5
-5
-4
-3
-1
-2
-2
-2
-3
-4
-4
-5
-3
-3
-3
-3
-2
-1
0
-1
-2
-3
-3
-1
-1
2
2
0
0
0
-1
0
0
1
3
3
4
5
7
5
4
3
3
2
3
3
4
4
4
4
4
5
3
4
1
1
1
2
3
3
2
3
4
4
4
3
3
2
4
5
5
5
7
7
7
6
8
7
9
10
9
9
9
7
9
10
8
7
7
8
8
9
10
10
9
9
9
9
10
9
11
11
10
9
10
10
10
10
10
11
10
10
10
10
11
12
12
10
12
14
14
15
15
16
16
15
14
14
16
17
17
16
15
15
17
17
17
15
15
16
16
16
16
17
17
17
16
15
16
17
18
16
14
13
14
15
15
15
15
15
15
13
13
12
11
12
12
14
13
12
12
14
12
13
13
12
12
13
14
12
12
12
13
12
11
12
12
12
12
11
10
9
8
8
7
7
6
7
7
7
7
8
7
5
5
6
6
7
8
5
6
6
7
8
8
8
7
6
6
6
8
7
6
5
3
3
2
1
2
2
1
2
1
2
2
2
1
0
0
0
0
1
2
2
1
0
-1
0
2
0
0
0
0
1
1
1
1
3
2
2
3
2
2
2
2
4
4
4
5
5
6
7
7
6
5
4
4
4
4
3
3
4
5
3
2
1
0
1
-2
-1
-1
0
1
1
1
1
1
3
4
4
4
3
5
5
4
3
2
2
1
-1
-1
-1
-1
1
2
2
2
2
1
1
0
-1
0
0
1
2
1
0
-1
-1
-2
-3
-4
-5
-5
-4
-4
-4
-4
-5
-6
-5
-4
-4
-4
-5
-5
-4
-3
-1
0
-2
-1
-1
-1
-2
0
-1
-1
-2
-1
-1
0
-1
-2
-2
-4
-4
-4
-6
-6
-5
-4
-1
-1
-4
-5
-3
-4
-3
-3
-4
-3
-4
-4
-5
-3
-3
-4
-5
-6
-7
-7
-5
-7
-5
-6
-6
-4
-4
-4
-6
-6
-6
-5
-3
-2
-3
-4
-4
-3
-2
-4
-4
-4
-5
-4
-5
-5
-5
-5
-5
-5
-4
-3
-3
-4
-4
-3
-4
-3
-4
-4
-4
-5
-4
-5
-4
-4
-2
-3
-3
-3
-3
-3
-4
-6
-5
-4
-3
-4
-4
-5
-5
-6
-7
-8
-8
-7
-6
-6
-5
-5
-6
-7
-6
-5
-5
-5
-4
-6
-6
-4
-5
-4
-5
-5
-5
-7
-7
-7
-5
-3
-3
-4
-4
-4
-4
-6
-6
-7
-7
-6
-5
-5
-5
-4
-5
-4
-6
-7
-7
-7
-6
-5
-5
-5
-3
-3
-2
-2
-3
-3
-4
-4
-5
-6
-6
-5
-6
-6
-5
-4
-6
-5
-8
-7
-7
-7
-6
-5
-5
-6
-7
-7
-7
-5
-9
-4
-8
-8
-1
-9
-3
-5
-7
-3
-6
-4
-4
-6
-5
-5
-5
-5
-2
-4
-4
-4
-6
-4
-5
-3
-1
-2
-2
-3
0
1
2
3
2
3
4
4
3
3
2
3
3
4
3
3
4
4
4
4
2
1
0
-1
0
3
5
6
5
4
4
5
4
4
4
4
5
6
8
8
9
8
9
7
7
6
6
7
6
8
6
7
7
7
4
3
4
6
6
5
5
6
9
9
11
11
11
11
11
12
11
11
13
13
12
13
12
11
12
12
13
13
13
12
13
15
14
16
14
13
11
11
11
12
13
14
13
13
13
12
12
12
12
11
12
12
12
10
12
12
11
11
11
10
10
11
11
12
11
11
10
11
11
10
9
9
8
8
9
9
9
8
8
7
8
8
8
7
6
6
7
6
5
5
3
3
4
3
3
3
3
1
1
2
3
2
2
1
2
2
2
1
-1
0
2
3
2
1
1
1
2
0
0
-2
-1
-1
-2
-1
1
0
-2
-3
-4
-4
-3
-3
-4
-3
-4
-4
-4
-2
-2
-3
-3
-3
-4
-4
-4
-5
-6
-7
-8
-8
-8
-8
-8
-8
-8
-9
-10
-8
-7
-6
-6
-6
-5
-4
-4
-4
-6
-6
-4
-4
-4
-6
-8
-8
-7
-6
-7
-8
-7
-6
-6
-6
-6
-7
-7
-10
-12
-11
-10
-9
-9
-9
-9
-9
-6
-7
-7
-10
-10
-12
-11
-13
9
-28
-2
-6
-13
-7
-9
-9
-15
-10
-12
-11
-10
-3
-8
-4
-14
-11
-9
-5
-6
-12
-10
-15
-10
-7
-7
-8
-8
-8
-8
-7
-10
-11
-8
-8
-9
-13
-15
-12
-10
-11
-11
-13
-11
-10
-8
-8
-9
-7
-7
-6
-7
-7
-5
-4
-2
-2
-1
-1
-2
-2
-4
-6
-6
-6
-5
-3
-3
-3
-3
-4
-3
-4
-5
-3
-4
-6
-5
-6
-4
-1
-3
-3
-5
-6
-5
-4
-4
-3
-3
-4
-5
-5
-4
-1
1
1
-1
-4
-3
-4
-1
2
2
2
-1
-2
0
0
1
1
0
-3
-3
-3
-1
1
0
-2
-2
-4
-4
-1
1
2
-2
-3
-3
-3
-1
-1
-2
-2
-3
-3
-3
0
2
1
0
1
2
1
5
5
3
3
3
3
3
3
2
1
1
3
1
5
4
2
-1
-3
-5
-4
-4
-4
-3
-2
-2
-1
-2
-3
-4
-4
-4
-5
-6
-5
-5
-5
-6
-6
-6
-5
-5
-7
-7
-6
-6
-5
-5
-8
-9
-8
-8
-6
-10
-5
-16
-8
-5
-17
-1
-11
-13
-5
-14
-8
-10
-12
-9
-10
-6
-11
-7
-9
-12
-7
-11
-11
-8
-12
-7
-6
-10
-8
-9
-8
-10
-7
-8
-7
-8
-9
-8
-6
-7
-7
-8
-10
-8
-8
-8
-9
-8
-6
-8
-8
-9
-8
-6
-8
-9
-11
-11
-10
-8
-9
-8
-10
-9
-11
-9
-10
-10
-8
-7
-9
-11
-11
-10
-9
-11
-10
-12
-11
-9
-8
-9
-7
-8
-9
-8
-8
-7
-7
-6
-6
-5
-5
-4
-5
-7
-6
-7
-3
-3
-3
-3
-4
-5
-4
-3
-6
-3
-6
-5
-4
-5
-2
-3
-4
-5
-7
-7
-6
-5
-2
-3
-5
-4
-6
-1
-3
-2
-2
-4
-6
-4
-5
-3
-3
-4
0
-5
-5
-2
-4
-1
-4
-3
-4
-3
-5
-4
-6
-5
-4
-7
-4
-5
-6
-4
-4
-4
-2
-4
-2
-1
-4
0
-3
1
1
0
0
0
3
-1
3
-4
1
-3
-1
-1
1
0
1
1
0
1
-1
1
-2
-2
-4
-3
-2
-3
-3
-3
-5
-3
-3
-4
-2
-2
-1
-3
-3
-6
-1
-2
3
-2
1
1
1
0
1
-1
1
-1
-3
0
-2
4
0
0
2
-4
-1
-1
-3
-1
-4
-2
-2
-3
-3
1
-5
-1
-5
-5
-3
-3
-3
0
-4
-2
-4
-5
-2
-1
-3
-2
-3
-6
1
-4
1
0
-5
-4
-5
-4
-1
-1
-2
1
-4
-1
-2
-4
2
-2
-2
-1
-6
-2
1
-4
0
-6
-4
-5
-8
-6
-5
-5
-6
-3
-6
-3
-7
-6
-2
-9
-6
-6
-4
-1
-6
-2
-5
-4
-6
-5
-5
-4
-1
-7
-2
-7
-1
-7
-4
-9
-8
-7
-5
-3
-6
-8
-4
-7
-3
-8
-2
-11
8
-28
-4
-6
13
23
-32
-32
-26
12
27
9
-27
-28
-21
16
10
-5
-19
-28
-8
5
6
-10
-16
-11
1
4
-12
-7
-13
-1
-2
-4
-5
-6
-9
-2
-2
-6
-5
-10
-7
-4
-11
-7
-7
-8
-1
-6
-3
-5
-7
-7
-2
-7
-4
-7
-7
0
-3
-2
0
-5
-1
1
-7
-1
-6
-10
1
-5
-1
-2
-5
-1
1
-3
-2
-7
-6
2
-1
0
-4
-7
-3
-1
-1
-2
-3
1
2
0
0
-9
-2
-5
0
0
-3
-2
-5
-2
-1
-1
-3
-5
0
-5
-1
-4
-3
4
3
6
0
2
0
10
0
7
1
2
2
2
7
8
3
2
4
-1
11
1
6
7
-1
2
3
0
5
4
7
6
4
3
4
8
7
8
8
2
9
4
9
11
5
7
8
5
7
6
6
7
9
8
10
9
6
15
4
11
7
11
7
17
6
13
13
4
18
5
10
8
6
4
6
2
7
5
2
3
1
1
0
4
-2
3
3
-6
5
-4
6
5
-9
4
-7
5
-4
2
-2
-3
-4
-8
-2
-6
-4
-5
-4
-6
-2
-5
2
-3
0
1
-4
1
-5
1
4
0
6
-6
3
0
3
8
2
2
-1
1
3
10
1
13
1
7
8
2
14
0
17
-1
16
1
19
9
14
10
11
10
11
12
15
14
16
12
12
13
9
19
6
20
2
17
11
13
12
9
13
10
8
11
9
16
8
13
4
8
8
5
7
3
6
3
6
-2
6
-5
2
-3
-1
-6
-4
-6
2
-7
3
-9
-2
-7
-5
-5
-7
-13
-8
-18
-3
-10
-7
-8
-16
0
-16
-4
-11
-9
-5
-14
-8
-11
-5
-9
-1
-4
-7
1
-6
5
1
3
7
9
7
14
14
13
20
16
22
24
22
25
30
26
31
41
34
44
43
40
60
43
54
54
53
61
62
55
68
57
64
67
60
66
65
63
64
59
57
63
54
52
51
46
47
46
37
47
30
39
21
25
20
11
20
-3
10
-5
-13
-3
-29
-10
-32
-35
-28
-48
-40
-50
-55
-53
-65
-70
-70
-80
-80
-85
-87
-103
-94
-110
-111
-103
-130
-102
-123
-127
-123
-127
-136
-118
-139
-131
-113
-147
-106
-126
-107
-100
-100
-85
-82
-62
-62
-29
-24
-5
14
30
55
72
97
113
140
154
178
197
222
230
261
272
283
306
297
331
318
340
323
347
325
335
332
315
326
296
294
286
252
261
223
214
198
160
161
110
101
60
44
17
-19
-32
-83
-95
-136
-158
-183
-217
-245
-281
-295
-331
-352
-362
-424
-407
-454
-473
-468
-531
-503
-545
-548
-559
-552
-572
-552
-556
-497
-482
-483
-473
-461
-366
-348
-291
-270
-209
-174
-148
-97
-27
63
87
104
138
182
240
281
313
349
366
355
366
386
412
434
418
392
373
361
357
357
337
315
276
235
215
192
179
174
115
128
49
74
43
49
52
12
21
-16
16
1
44
41
44
55
50
88
116
143
167
186
202
229
254
280
323
328
343
346
363
378
384
389
370
378
322
333
274
270
217
184
129
91
28
-17
-43
-164
-147
-295
-263
-405
-404
-510
-528
-588
-682
-647
-765
-729
-774
-834
-794
-857
-704
-798
-737
-804
-761
-555
-673
-510
-539
-428
-354
-372
-287
-152
-23
-44
16
53
151
271
257
344
416
425
442
451
499
583
602
558
555
539
545
558
539
525
497
436
402
359
342
328
290
261
183
111
107
69
88
72
-19
-9
-62
-101
-28
-89
-24
-35
-82
-88
-50
-33
42
61
30
87
94
107
188
218
262
300
264
305
339
386
412
433
426
398
428
387
435
434
386
369
313
259
279
205
198
133
38
18
-104
-92
-186
-244
-256
-442
-405
-614
-577
-638
-737
-774
-836
-760
-949
-764
-940
-907
-761
-1050
-739
-816
-789
-666
-738
-642
-523
-462
-465
-255
-261
-217
-60
-111
81
194
167
272
314
341
435
470
502
591
578
555
601
594
643
643
601
607
567
523
524
482
489
445
370
333
321
226
249
198
131
187
76
16
56
-39
0
47
-103
3
-58
-87
-1
-35
15
57
42
29
120
120
184
266
201
329
263
364
350
428
449
434
503
384
522
428
492
475
370
415
313
280
298
161
196
82
-29
12
-185
-153
-200
-405
-365
-469
-599
-600
-770
-738
-917
-868
-1027
-852
-962
-928
-1020
-1111
-1031
-904
-889
-914
-817
-852
-758
-711
-695
-433
-344
-349
-325
-270
-128
39
105
164
264
290
294
368
453
597
650
607
589
599
654
711
714
730
689
625
584
565
562
592
541
460
387
298
277
303
241
217
112
13
11
-18
71
-83
7
-126
-109
-71
-198
2
-61
-12
-92
-12
-15
83
144
101
258
193
270
297
388
402
506
489
487
560
538
646
605
631
580
597
560
492
533
440
423
346
234
278
75
168
-81
-13
-147
-207
-272
-513
-374
-637
-732
-645
-935
-935
-979
-1125
-998
-1182
-1131
-991
-1306
-1157
-1246
-1147
-977
-1107
-976
-999
-861
-856
-694
-604
-472
-305
-377
-252
-155
5
218
201
261
394
428
464
581
663
779
788
700
746
804
817
887
842
801
775
713
683
698
671
642
578
468
386
370
333
333
236
142
74
29
38
53
-28
-76
-51
-175
-7
-167
-56
0
-124
-20
-67
28
131
144
131
233
238
305
398
395
534
507
533
569
598
698
682
659
660
625
592
622
511
516
449
385
345
153
285
72
49
-57
-107
-18
-255
-346
-325
-544
-635
-725
-711
-1006
-947
-1164
-1039
-1253
-1324
-1010
-1294
-1287
-1368
-1334
-1125
-1322
-1056
-1099
-1124
-937
-898
-825
-671
-413
-445
-315
-306
-186
137
186
189
393
443
477
526
647
755
886
813
808
839
872
918
954
925
879
835
786
720
742
747
694
603
526
419
401
408
303
289
186
109
101
16
-2
2
75
-41
-124
-60
-203
70
-64
-63
65
-53
36
81
136
234
321
296
302
377
475
519
630
554
615
703
582
707
715
721
678
636
531
565
489
607
315
358
185
121
51
-63
-1
-257
-338
-480
-509
-851
-560
-940
-1049
-1081
-1249
-1350
-1330
-1418
-1317
-1274
-1570
-1464
-1467
-1683
-1035
-1394
-1261
-1188
-1215
-1058
-901
-901
-619
-366
-498
-453
-227
-159
185
259
273
413
464
494
648
745
894
1013
892
852
896
1001
1097
1052
1009
993
864
832
834
808
834
767
565
497
405
367
423
387
165
147
97
-131
195
-133
9
41
-278
-89
-172
-150
-40
-19
-149
-49
-37
-29
176
141
207
298
245
328
445
467
619
523
640
596
673
768
749
760
752
743
550
640
498
617
435
361
280
147
44
46
-33
-208
-325
-404
-595
-755
-692
-1035
-929
-1329
-1303
-1388
-1481
-1486
-1682
-1430
-1613
-1671
-1473
-1950
-1467
-1415
-1532
-1303
-1437
-1211
-1133
-960
-979
-678
-387
-562
-323
-294
-75
229
278
361
415
610
605
741
856
1018
1064
1033
976
998
1146
1187
1110
1150
1006
954
945
898
858
890
737
639
535
419
412
380
349
168
92
47
45
97
-77
5
-165
-35
-62
-196
56
-58
-13
40
-16
106
238
272
238
431
325
498
618
557
710
760
691
821
774
869
971
846
893
655
837
633
552
727
352
531
168
123
216
-187
-65
-250
-358
-608
-660
-621
-1224
-763
-1294
-1333
-1314
-1789
-1310
-1808
-1592
-1490
-1761
-1623
-1836
-1896
-1222
-1602
-1426
-1370
-1349
-1241
-925
-976
-737
-405
-383
-411
-170
-181
348
477
409
501
718
740
877
941
1160
1240
1207
1094
1144
1216
1360
1277
1215
1152
1029
993
983
903
909
839
640
457
449
346
369
311
108
1
-53
-177
-7
-33
-225
-75
-433
-170
-200
-204
-26
-110
-114
-111
-1
32
270
275
234
348
367
436
692
621
764
785
619
843
821
733
920
783
586
682
389
573
487
195
369
34
-156
-89
-235
-306
-603
-483
-1004
-765
-1140
-1334
-989
-1967
-1442
-1768
-1932
-1822
-2094
-1667
-1982
-1963
-1937
-2458
-1496
-1804
-1628
-1614
-1738
-1396
-1216
-1155
-1045
-598
-421
-519
-373
-348
190
431
486
485
580
782
854
950
1122
1301
1321
1214
1081
1144
1392
1372
1280
1193
979
948
930
864
814
793
574
405
275
233
130
275
-61
-124
-232
-390
-243
-187
-187
-421
-238
-593
-243
-160
-323
33
-175
-133
-46
41
221
342
424
355
387
595
643
855
875
818
956
792
912
882
815
979
659
571
556
362
494
380
152
39
-242
-169
-413
-576
-555
-884
-1024
-1366
-1326
-1526
-1889
-1514
-2293
-2026
-2264
-2295
-1994
-2194
-2115
-2321
-2573
-2030
-1845
-1882
-1739
-1757
-1645
-1340
-1184
-1135
-654
-287
-468
-354
-189
92
610
711
625
773
961
997
1152
1294
1470
1557
1433
1246
1296
1449
1496
1404
1281
1089
940
902
833
703
706
506
359
59
-32
-172
-136
11
-544
-454
-757
-633
-446
-617
-400
-711
-410
-594
-510
-238
-272
78
-94
-77
33
285
491
577
688
595
901
826
995
1147
1152
1252
1058
984
1066
928
1157
835
572
519
535
194
286
152
-231
-307
-640
-632
-1076
-678
-1509
-1376
-1604
-2363
-1730
-2374
-2247
-2356
-2814
-2283
-2692
-2309
-2626
-2348
-2884
-1981
-2026
-2051
-1802
-1829
-1446
-1092
-1133
-938
-320
-62
-222
152
136
689
1119
1117
1109
1336
1457
1610
1711
1779
1932
2000
1788
1656
1648
1806
1746
1581
1367
1163
985
970
778
624
518
281
56
-90
-315
-449
-300
-534
-716
-703
-1010
-852
-630
-904
-509
-722
-671
-505
-466
-193
-61
193
152
231
504
514
981
1014
1143
1130
1290
1291
1429
1589
1590
1498
1519
1247
1278
1214
1123
978
697
603
236
246
179
-518
-143
-820
-1172
-860
-1628
-1446
-1996
-1994
-2495
-2614
-2614
-3246
-2421
-3296
-2985
-2595
-3164
-2617
-3122
-2808
-2146
-2119
-1933
-1989
-1740
-1349
-739
-723
-526
194
283
478
614
774
1498
1924
1765
1744
1944
2068
2339
2360
2367
2449
2322
2108
1961
1901
1941
1829
1554
1209
835
685
630
433
212
-142
-262
-510
-744
-778
-1233
-823
-1111
-1330
-1110
-1385
-1074
-987
-932
-772
-464
-451
-290
5
13
605
667
879
1077
1133
1397
1674
1670
1955
1971
1994
2037
1959
1998
2034
1991
1623
1609
1185
1087
933
785
320
316
-396
-369
-807
-1022
-1374
-1556
-2112
-2300
-2583
-3077
-2947
-3454
-3517
-3448
-3908
-3681
-3452
-3235
-3454
-3023
-3685
-2971
-1952
-2377
-1688
-1766
-1416
-723
-300
-254
320
1103
1076
1333
1422
1773
2537
2769
2721
2640
2746
2857
2945
2901
2935
2751
2531
2253
1853
1748
1638
1380
1054
592
59
-28
-226
-492
-755
-1115
-1302
-1499
-1730
-1932
-1921
-1802
-1676
-1946
-1538
-1689
-989
-838
-798
-405
-91
302
728
917
1062
1595
1838
2021
2351
2362
2556
2775
2657
2620
2810
2608
2694
2368
2047
1957
1598
1545
981
785
294
127
-378
-715
-1110
-1483
-1837
-2064
-2736
-2939
-3159
-3758
-3742
-4195
-4478
-4457
-4514
-4525
-4512
-4319
-3527
-3800
-3292
-3596
-3429
-1772
-1503
-1170
-911
-847
131
882
1137
1503
2410
2811
2833
2810
3036
3746
4354
4190
3819
3553
3437
3497
3389
3262
2809
2277
1831
1266
856
646
312
-7
-580
-1373
-1889
-1742
-1759
-2140
-2320
-3152
-2776
-2691
-2897
-2723
-2636
-2324
-1717
-1655
-1018
-839
316
67
928
1205
1675
2853
2597
3194
2910
3659
3824
4157
4106
3770
3857
3605
3563
3287
3307
2829
2493
1886
1270
1012
735
334
-272
-797
-1486
-1641
-2153
-2395
-3146
-3310
-3825
-4295
-4228
-5053
-4811
-5313
-5437
-5200
-5516
-5159
-4779
-5246
-3116
-3374
-3242
-2276
-3454
-1027
-72
345
779
969
1626
2555
3279
3355
4348
5026
4821
4592
4527
4741
5419
5396
4763
4125
3231
2964
2642
2453
1916
921
202
-494
-1250
-1618
-1955
-2260
-2544
-3098
-3942
-4177
-3975
-3928
-3297
-3696
-3572
-3578
-3257
-2643
-2023
-1315
-479
41
374
1560
2022
3099
4042
3835
4593
5130
4926
5572
5574
5171
5650
5078
4666
4503
4014
3663
3291
2699
1992
1624
1130
572
-22
-650
-1256
-1813
-2081
-2703
-2959
-3370
-4004
-4058
-4879
-4468
-5355
-4652
-5409
-5383
-5806
-5699
-5312
-5217
-4816
-5144
-3617
-3163
-1399
-1860
-1618
-1071
-448
2302
2304
3075
2963
3271
4196
4966
5420
5941
6525
5960
5441
4770
4795
5112
5288
4349
3027
1721
760
646
378
-144
-1177
-2298
-3143
-3774
-4022
-4043
-4092
-4130
-4503
-4861
-4986
-4591
-3825
-3047
-2411
-1996
-1849
-1264
-539
515
1586
2424
2894
3439
3817
4456
5373
6180
6542
6451
5998
5658
5778
5693
5615
5078
4113
3322
2651
2219
1923
1498
895
160
-600
-1184
-1392
-1489
-1754
-2256
-2948
-3411
-3652
-3401
-3373
-3627
-3913
-4823
-4704
-4914
-4082
-4401
-4268
-4767
-5200
-4502
-4873
-3567
-2966
-2038
-116
-1534
-421
-1162
125
3264
3524
4156
3437
2976
3901
5006
5619
6157
6272
5299
4360
3783
3387
3761
3992
3078
1927
46
-1305
-1475
-1324
-1148
-1993
-3260
-4240
-4723
-4645
-4229
-3946
-3486
-3381
-3598
-3653
-3282
-2244
-983
111
783
837
1061
1481
2477
3832
4759
4976
5009
5038
4817
5343
5588
5770
6077
5126
4334
3657
3181
3340
3218
2752
1807
882
271
-7
166
56
-178
-666
-1288
-1686
-1781
-1703
-1632
-1520
-2175
-2406
-2945
-2614
-2585
-2538
-2859
-3580
-3439
-4222
-3879
-4406
-4040
-3910
-4150
-3560
-4110
-3120
-814
-579
548
-304
-1264
1380
2840
4105
4469
3608
3695
4451
4808
5048
5757
5563
4924
4181
2976
2411
2367
2219
2031
830
-866
-2148
-2691
-2218
-2222
-2761
-3423
-3988
-4176
-3953
-3817
-3174
-2383
-1877
-1681
-1493
-1023
-152
1007
1996
2788
3132
3237
3442
3905
4632
5182
5415
5213
4954
4407
4311
4341
4103
4186
3406
2748
2040
1442
1302
1281
1044
720
161
-217
-407
-364
-159
-123
-210
-473
-902
-1008
-975
-974
-897
-1557
-1635
-2042
-2111
-2210
-3030
-3466
-4000
-3788
-4495
-4292
-5428
-5119
-4451
-3774
-3624
-2226
-1062
-1050
834
-1425
969
2881
3817
5049
4298
4089
4506
5279
5444
6378
6119
4771
4102
3090
2628
2247
1557
1000
431
-1164
-2402
-3513
-3380
-2923
-3115
-3512
-4129
-4308
-3941
-3276
-2570
-1758
-1066
-762
-7
593
1239
2258
3035
4095
4605
4546
4478
4805
5025
5496
5131
4707
4441
3758
3573
2939
2467
2211
1821
1483
882
327
0
-8
32
99
119
-101
-85
60
241
494
605
424
694
149
-50
-505
-680
-627
-927
-1141
-2270
-3101
-3709
-4415
-4086
-4856
-5435
-5513
-6092
-5463
-5089
-4320
-2188
-977
-215
-71
-937
1214
3216
5286
6035
5480
5036
5218
5562
6070
6692
6309
5198
4031
2459
1515
817
264
68
-723
-2373
-3872
-4901
-4763
-4151
-3873
-3821
-3920
-3786
-3247
-2623
-1649
-461
619
1755
2527
2846
3389
3767
4624
5697
6117
6173
5543
4904
4508
4310
4078
3587
3129
2259
1536
654
100
-7
78
116
-146
-562
-786
-779
-235
416
882
1155
1159
1249
1383
1654
1795
1975
1952
1188
701
-234
-417
-548
-1207
-1623
-3589
-4228
-5482
-5813
-5592
-6738
-6330
-7261
-6850
-5312
-5110
-1393
-1177
368
613
216
2974
4880
6880
7698
7170
6826
6709
6770
6976
7097
6386
4738
3323
1419
118
-780
-1848
-2149
-3162
-4511
-5676
-6565
-6290
-5609
-4921
-4243
-3639
-2958
-1909
-919
307
1747
2912
4323
5233
6025
6097
6187
6214
6612
6947
6472
5565
4487
3298
2454
1673
888
620
-72
-685
-1389
-1933
-1895
-1569
-977
-461
-191
52
328
889
1856
2569
3390
3595
3700
3605
3357
3238
2971
2768
1946
1131
40
-982
-1865
-2590
-3602
-4235
-5624
-6829
-7646
-8011
-7979
-7977
-7728
-7479
-5675
-4362
-1884
587
1436
3025
2890
4935
7372
9181
10026
9649
8839
8281
7715
7269
6899
5729
3879
1721
-342
-2131
-3312
-4363
-4983
-5590
-6624
-7344
-7830
-7391
-6149
-4801
-3459
-2319
-1042
355
1968
3393
4878
6219
7063
7902
8086
8238
7724
7043
6316
5577
4904
3676
2262
701
-691
-1632
-2335
-2617
-2836
-2962
-3013
-2962
-2454
-1573
-532
823
1755
2942
3469
4422
5055
5916
6441
6464
6334
5680
5146
4279
3495
2499
1420
111
-1184
-2362
-3527
-4151
-5605
-6418
-7648
-8398
-8565
-8817
-8840
-8492
-8093
-6929
-5759
-3685
-1884
967
4179
5214
7355
6417
7715
9806
11029
12051
10926
9195
7651
6242
4985
4113
2632
612
-1455
-3524
-5305
-6517
-7370
-7444
-6989
-6863
-6612
-6440
-5540
-3817
-1918
191
2034
3677
5158
6304
7235
7997
8642
8937
8978
8448
7272
5814
4278
2876
1729
493
-841
-2173
-3729
-4657
-5298
-4852
-4184
-3674
-2743
-2400
-1163
473
1903
3877
5088
6210
7234
7901
8161
8494
8393
7977
7365
6160
5131
3904
2572
1229
21
-1265
-2528
-3792
-4807
-5727
-6300
-6994
-7609
-7970
-8459
-7943
-7700
-7027
-6356
-5493
-4024
-2709
-1197
694
2474
5936
7495
9081
8476
7501
8555
9259
10179
9392
7386
5343
3395
1681
583
-400
-1629
-3020
-4390
-5754
-6550
-6995
-6690
-5498
-4382
-3303
-2480
-1618
-176
1486
3247
5009
6402
7488
7992
7975
7697
7362
6851
6409
5433
4369
2626
567
-1128
-2621
-3225
-3654
-4294
-4872
-5391
-5504
-4822
-3836
-2047
425
1768
3875
4113
5619
6742
7861
9434
9780
9976
8915
7849
6869
5900
5026
4213
2994
1710
98
-1101
-2020
-2756
-3281
-3641
-4159
-4528
-5453
-5717
-5755
-5361
-5279
-4816
-4881
-4195
-3508
-4002
-2360
-2955
-1107
-569
942
2299
4570
5965
6766
6621
4887
5869
6441
7210
7001
5296
3623
2227
525
64
-430
-1101
-1845
-2900
-3668
-4308
-4746
-4382
-3280
-2176
-1043
-483
150
966
1943
3202
4674
5633
6411
6675
6287
5889
5109
4491
3977
3405
2399
1317
-342
-1861
-2818
-3544
-3518
-3405
-3577
-3544
-3595
-3113
-1974
-617
904
3053
4969
5964
7354
6830
7906
8362
8583
9214
8070
6965
5649
4235
3431
2362
1640
1034
-81
-896
-1846
-2577
-2944
-3269
-2926
-3032
-3128
-3784
-4282
-4043
-3895
-3461
-3145
-3235
-3109
-2700
-3217
-2437
-2629
-2346
-1541
-130
1299
4143
5166
5712
5579
3818
5104
6127
6997
6973
5471
3651
2290
596
228
-10
-674
-1251
-2271
-3151
-4018
-4558
-4207
-2973
-1925
-806
-168
300
1063
1938
3176
4576
5529
6244
6687
6206
5555
4603
3766
3192
2470
1871
861
-569
-2281
-3423
-3865
-3760
-3434
-3177
-2971
-2977
-2677
-1828
-76
1803
3747
5166
6950
7830
8314
8642
8361
8996
8592
7964
6983
5245
3615
2419
1283
609
-201
-781
-1447
-2065
-2572
-3096
-3201
-3202
-2776
-2605
-2391
-2767
-3230
-2720
-2888
-1759
-1965
-1751
-1799
-2248
-2249
-2928
-2528
-2586
-1273
144
1403
3639
4341
4954
4307
3414
4762
5791
6446
6080
4339
3078
1618
493
226
-130
-657
-1291
-2053
-2840
-3490
-3866
-3346
-2214
-1028
-15
583
1011
1686
2547
3608
4654
5358
5970
5941
5341
4479
3394
2493
1738
1067
361
-464
-1643
-2700
-3418
-3900
-3635
-3125
-2339
-1658
-1262
-890
-134
1098
2780
4696
6325
7653
8957
8600
8567
7789
7255
7600
6454
5626
4131
1965
734
-324
-771
-921
-1355
-1411
-1877
-2283
-2514
-2501
-1958
-1474
-1066
-856
-954
-1309
-1567
-1576
-1491
-1203
-1005
-1231
-1574
-2482
-3353
-3901
-3452
-3580
-1643
-1359
1064
3367
3876
4691
2676
3130
4851
6117
6884
6207
4277
3287
1701
1123
813
180
-293
-750
-1444
-2485
-3390
-3993
-3181
-2057
-728
86
311
660
1325
2154
3119
3923
4662
5403
5265
4740
3794
2650
1772
1221
823
480
-472
-1333
-2098
-2722
-2940
-2922
-2138
-1296
-528
70
361
853
1546
2860
4646
6094
7609
8477
7721
7027
5769
5518
5597
5012
4443
3281
1481
247
-423
-613
-726
-540
-242
-488
-870
-1398
-1510
-1216
-841
-522
-385
-688
-1114
-1531
-1396
-1773
-1666
-1886
-2123
-2202
-3202
-3865
-4563
-4895
-4194
-2412
-1034
1686
3447
4428
4825
3505
4036
5652
6738
7453
6739
5142
3781
1922
993
400
-385
-810
-1279
-2016
-3101
-4270
-4682
-4059
-3043
-1620
-526
106
750
1392
2220
3230
4107
5180
6134
6195
5710
4602
3267
2214
1453
1047
570
-260
-1104
-2047
-2825
-3354
-3206
-2541
-1776
-1006
-486
7
460
1179
2432
3675
5243
6647
8011
8624
7383
6846
5147
5032
4993
4377
4117
2300
782
76
-644
-821
-817
-445
-129
-584
-853
-1461
-1535
-1512
-948
-419
-522
-703
-1380
-1192
-1384
-1521
-1299
-1690
-1944
-2674
-3148
-3525
-3989
-4360
-3701
-2421
-668
2402
4222
5161
4617
3259
4569
5744
6499
6791
5736
4570
3107
1417
451
-743
-1513
-1526
-1662
-2351
-3508
-4533
-4560
-3951
-2884
-1400
-375
537
1579
2492
3341
3886
4508
5619
6388
6469
5942
4665
3167
1855
903
341
-267
-810
-1513
-2245
-3124
-3577
-3460
-2799
-2005
-945
-265
298
1121
1732
2970
3904
5622
7162
7888
8682
7030
6855
4978
4166
4325
3487
3235
2114
765
9
-894
-1032
-873
-587
-232
-486
-537
-1138
-1235
-1349
-732
-506
-106
-178
-417
-384
-752
-547
-870
-788
-1319
-1565
-2935
-3266
-4687
-4460
-5126
-3634
-2459
-5
3340
4166
4914
3165
3221
4942
5804
6518
6472
5119
4116
2482
1203
37
-1253
-1483
-1193
-1544
-2674
-3915
-4767
-4453
-3859
-2527
-1221
-339
862
2101
3002
3531
3968
4823
6020
6580
6642
5985
4461
2981
1718
838
50
-367
-807
-1312
-2180
-3176
-3523
-3585
-3122
-2063
-1015
-250
531
1220
2131
3032
3948
5216
6324
7519
8213
7567
6437
4560
4104
3773
3370
2885
2083
1194
426
-321
-818
-1075
-801
-460
-205
-322
-828
-1155
-1113
-641
-364
157
314
210
472
104
204
-244
-653
-1158
-1812
-2718
-3810
-4985
-5449
-5479
-4399
-3540
-1471
1486
3307
4668
3568
3019
4180
4962
6117
6594
5862
4888
3684
2364
1047
-535
-1201
-1105
-1338
-2122
-3209
-4291
-4749
-4527
-3449
-2078
-1138
176
1714
2790
3328
3687
4389
5471
6260
6741
6625
5556
4293
2972
1783
753
-104
-514
-912
-1503
-2304
-3148
-3771
-3656
-3008
-2290
-1299
-431
542
1317
2199
3115
4456
5429
7216
7681
7507
7052
5399
5365
4190
3767
3587
2611
2026
1299
364
-438
-907
-841
-913
-506
-490
-655
-502
-722
-541
-427
-186
161
426
856
794
486
263
-319
-546
-1216
-1933
-2928
-4453
-4923
-5911
-5860
-4991
-4090
-3010
-68
1948
4211
4147
2897
4408
4960
5737
6644
6328
5525
4515
3664
2606
347
-1048
-1323
-1480
-2039
-2875
-3730
-4485
-4755
-4052
-2766
-1960
-954
777
2272
3103
3594
4082
5159
5866
6762
7188
6431
5593
4487
3272
1908
647
-396
-898
-1564
-1992
-2877
-3741
-4083
-3986
-3323
-2707
-1857
-824
262
1542
2732
4254
5776
6643
7726
7528
7511
7019
6128
5862
4911
4020
3440
2502
1261
359
-170
-1005
-1385
-1286
-1363
-1262
-1080
-969
-761
-619
-377
4
488
544
914
1048
992
1197
562
749
-275
-1138
-2017
-3582
-4281
-5726
-6309
-5814
-5501
-4265
-3282
-2628
1066
2001
3791
3322
3486
5008
5191
6316
6795
5362
4961
4297
3508
1758
117
-368
-968
-1538
-1963
-2644
-3472
-3975
-3497
-2764
-2437
-1800
-408
1061
1987
2780
3633
4156
4901
5558
6183
5676
4907
4203
3216
2116
961
106
-581
-1060
-1277
-1667
-2167
-2758
-2710
-2488
-2057
-1467
-539
611
1811
3529
4448
5295
5547
5756
6304
6142
6324
5803
5191
4357
3538
2542
1500
1071
537
361
234
-194
-346
-523
-618
-451
-226
-92
83
210
399
513
633
837
553
824
851
1167
438
-180
-1065
-2135
-2664
-4558
-5158
-5956
-6332
-5652
-4851
-4844
-4283
-2722
-608
1635
2683
3990
4455
4875
5970
6103
6153
5450
5365
5249
4091
2797
1462
305
-585
-1231
-1593
-2254
-2828
-2944
-2977
-2961
-2988
-2211
-1359
-378
761
1820
2673
3015
3701
4112
4317
4220
4254
4185
3324
2934
2541
1465
839
261
173
-461
-777
-915
-1213
-1298
-815
-620
-48
593
1750
2894
3681
3846
4349
4610
4677
5114
4950
4511
4007
3748
3202
2420
2148
1724
1556
1460
1242
1238
1018
921
906
812
736
477
453
136
19
-176
-332
-839
-1327
-1230
-1536
-1503
-1602
-2387
-2864
-3711
-4245
-4269
-4681
-4269
-3976
-3983
-3181
-2916
-1308
600
1678
3687
4236
4383
4787
4379
4739
4339
3868
4123
3151
2778
1746
610
80
-1087
-905
-1057
-1415
-1051
-1173
-999
-1171
-1020
-506
-319
564
1307
1916
2097
2505
2495
2495
2637
2504
2939
2738
2520
2619
2098
1374
1040
886
447
651
723
696
540
583
561
588
943
1506
2087
2519
3030
2979
3167
3078
2934
3307
2963
3152
3147
2888
2735
2573
2540
2253
2180
2069
2040
2003
1899
1765
1423
1165
922
739
639
424
469
483
328
267
-142
-309
-631
-752
-968
-1252
-1680
-1747
-2249
-2545
-3273
-3593
-3427
-3265
-2698
-2724
-2838
-2605
-2412
-1260
-484
934
1642
2327
3733
3195
3955
3653
3443
3879
3379
3442
3096
2227
1841
1076
676
-57
-374
-155
-335
-298
-78
-274
-420
-238
-218
-173
235
888
1300
1364
1794
2184
2099
2352
2462
2729
2831
2681
2879
2410
1982
1781
1759
1169
1272
1449
1212
1197
1086
901
593
807
669
914
1101
1332
1482
1635
1673
1891
2025
2229
2496
2975
3111
3209
3287
3090
2778
2461
2347
2078
1877
1735
1547
1071
810
409
-32
-224
-279
-79
-101
-131
-109
-232
-303
-200
-297
-411
-371
-281
-627
-640
-967
-1482
-1582
-2017
-1931
-2266
-2550
-2400
-2216
-2356
-2629
-2303
-2314
-1871
-1071
-978
-257
-127
387
868
1076
1016
1551
1846
1389
1890
1883
1474
1394
1217
703
638
708
510
312
691
356
11
312
87
31
378
646
902
813
1194
964
992
1216
1054
1184
1165
1235
1294
1150
1308
794
877
836
582
819
675
874
767
818
722
608
723
519
671
672
674
862
637
563
413
237
136
27
126
-103
-199
4
-45
-90
-6
-92
-112
-125
-304
-236
-204
19
166
46
96
-183
-407
-355
-790
-1005
-1124
-1367
-1805
-2113
-1962
-2499
-2486
-2417
-2775
-2661
-2807
-3084
-2941
-2917
-3242
-3333
-3163
-3348
-3685
-3326
-3414
-3891
-3801
-3786
-3655
-3262
-2748
-2389
-2259
-1789
-2030
-1495
-1501
-1640
-1194
-861
-461
-164
197
366
507
484
504
332
496
166
433
638
339
303
531
394
-18
-117
-28
-261
7
293
214
444
356
516
749
816
990
1266
1569
1575
2024
2159
2070
2334
2392
2314
2246
2431
2160
1867
1941
1671
1578
1277
1273
1336
1332
1378
1675
1700
1718
2161
1897
2013
2287
2162
2291
2625
2588
2530
3113
2682
2318
2944
1508
2267
1835
881
1216
794
45
298
-449
-891
-1074
-1187
-1188
-968
-1132
-1283
-1029
-1315
-1012
-1286
-1809
-992
-1448
-2032
-1579
-2333
-2121
-2347
-1908
-1964
-1931
-2013
-1867
-1783
-1759
-2000
-1853
-1415
-1156
-1005
-296
-500
-710
-281
-97
131
179
137
402
691
809
908
700
951
589
404
538
506
512
877
1344
1465
1171
1313
1643
1415
1399
1734
1910
1616
1794
1847
1581
1593
1534
1195
1371
891
1156
1226
1201
1440
970
1509
1194
1003
1502
1321
1137
2080
1126
1672
1887
1206
2249
1965
1373
2861
2019
1601
2539
1820
1515
2246
1666
888
2259
1206
1373
1665
1519
457
965
570
1249
-379
1012
764
105
1503
403
37
500
272
-837
212
461
-1062
1105
-469
-1515
713
-1534
-618
285
-961
20
368
-954
486
-49
-461
526
921
-703
316
1661
-631
856
1167
-458
1350
-102
-338
1050
-628
-31
689
-187
335
-311
76
-49
526
-831
584
-261
-267
274
148
26
694
-949
1278
-549
394
583
-131
425
-94
200
213
-375
329
-41
203
60
623
62
-104
1392
-646
787
358
546
705
1037
629
1028
937
912
1032
983
1145
317
1359
897
929
959
572
1100
1243
350
1652
990
1439
442
1707
359
1487
525
1924
841
1008
1540
157
1508
74
650
1406
675
546
1508
137
1135
269
875
428
855
8
1467
307
851
789
746
448
582
637
664
770
968
342
707
622
629
357
1081
767
232
1116
779
-58
1126
586
-589
1201
544
466
430
1037
224
-68
778
-474
1278
-1383
1424
47
-634
920
-473
-419
1063
-1271
830
-525
13
-137
155
608
-152
-366
1299
-631
451
-164
148
370
-113
183
498
-915
534
135
-251
330
245
-546
655
-375
-165
686
-448
558
364
-126
1057
515
-285
529
1506
-918
1877
-486
1210
3
136
815
-51
-367
1211
-1320
1048
-459
-275
603
-481
411
-331
228
468
-492
771
-82
406
455
-168
1268
-789
881
835
-555
1147
-398
36
537
-29
-83
851
-343
235
984
-759
1379
-566
432
1106
-449
869
677
-352
1830
-446
933
482
-202
604
1136
-959
1012
-274
-89
477
-585
353
-472
-591
967
-1088
367
-91
-856
836
-275
-87
747
-597
559
156
-478
1168
-220
151
933
-722
542
-159
473
-48
728
-349
257
237
-715
1544
-354
723
258
604
93
879
187
915
117
782
421
591
435
695
455
276
148
680
-169
674
-335
749
-511
529
328
-710
1457
-741
967
570
298
571
933
-79
1238
-27
1015
227
1034
150
477
816
-480
627
908
-820
1310
314
392
560
355
497
725
530
805
834
245
1008
993
407
1076
696
173
995
7
437
778
-458
1087
-644
50
514
-555
625
62
-504
939
-743
601
272
32
367
800
-429
1760
-369
1200
699
445
505
790
406
416
735
-8
321
639
12
303
394
514
-434
457
862
-584
1428
265
196
882
302
846
456
890
77
564
1169
-1081
1526
-168
-296
1333
-989
-142
938
-957
697
291
-300
-140
1721
-1193
1251
483
-450
1257
30
-114
1576
-749
1417
416
-384
1154
-641
637
623
-275
404
331
-72
6
856
-401
1074
-64
885
-19
991
-131
1249
34
444
678
-36
866
-191
631
136
-18
541
37
62
406
-415
682
37
-230
760
-201
33
1036
-134
149
1077
-322
942
619
-58
1262
55
669
564
-230
905
180
657
750
38
985
318
22
988
-328
967
707
-65
873
423
527
563
782
726
444
817
679
-110
1518
-363
719
678
-331
1180
-364
1106
57
517
1070
-90
751
803
69
1712
-232
993
916
-90
1611
-130
518
1518
-1091
1640
-80
217
478
237
664
209
-157
994
-200
382
1144
-251
1454
479
307
1172
-100
1638
-327
1413
592
68
1404
409
613
11
1061
-647
1205
-222
7
1379
-942
1075
687
-575
1231
-1
284
1156
-292
910
950
-594
1835
-165
478
741
347
82
907
409
-494
1584
-361
369
752
437
156
468
934
-174
933
337
212
836
630
357
905
980
-205
1364
653
-40
1512
-10
404
1086
9
284
1510
-974
1356
72
638
-8
890
232
676
667
884
-137
1907
-273
1376
1251
-378
2381
-753
1582
326
710
846
402
956
110
660
286
697
-517
1726
-865
1807
-36
576
921
762
109
1819
113
1052
1566
103
1339
1220
725
914
1109
1287
-179
1524
251
307
1031
575
495
555
898
-50
1157
-70
778
755
227
1454
320
845
1410
168
1870
192
1317
1036
401
1403
125
1966
-311
1331
969
-262
1649
-25
751
1298
-728
2041
-552
937
756
117
1642
288
1242
840
892
711
1083
1074
490
1558
684
324
1965
-136
1050
1448
47
1024
1359
358
1247
698
843
1022
279
1588
543
332
2109
-485
1780
800
354
1670
668
966
1096
771
971
1218
510
782
1845
-342
2450
93
1270
1300
64
2250
-24
1344
1509
680
1027
1974
-667
2502
301
622
2123
-260
1873
386
602
1706
-363
1706
461
972
1005
624
1048
1154
632
887
1836
-515
2128
848
-294
3061
-872
1676
1656
-385
2068
1005
-134
2730
-773
1280
1646
-1122
2953
-1073
2113
138
138
2764
-1611
2535
496
274
1891
489
838
1881
460
1262
1715
670
1368
1104
872
1662
533
1467
941
486
1693
44
1181
1702
-815
2320
620
-166
2370
-521
2035
360
1048
1648
307
1358
1004
913
829
1109
687
832
1448
125
1749
84
1119
874
308
1366
425
972
1469
546
1578
601
1564
613
1077
1455
764
1193
676
2014
232
1157
1692
-139
1275
1363
-290
1762
627
215
1929
2
979
1197
488
1002
1221
457
1215
1335
606
1068
1694
366
1770
455
1646
40
1938
346
1138
563
695
1160
147
1202
146
857
566
963
56
1564
-19
1149
1368
-19
1806
997
389
1998
562
1003
1832
90
2118
545
400
2679
-1157
2842
-491
1701
592
279
1986
-323
1482
1086
63
1591
640
894
882
1200
496
1569
464
1348
712
900
1013
1005
273
1948
-2
793
1657
-288
1716
947
-198
2289
-545
960
2547
-1379
3264
313
43
2993
-1167
2131
1631
-458
2858
-33
994
2319
-965
2372
1032
-703
3527
-1186
1759
1954
-1355
3104
-21
216
2470
-607
2102
551
748
1258
687
621
1738
-78
2625
-316
1205
1766
-712
2229
564
227
2279
-1073
2725
-406
1182
1287
290
1442
887
232
2077
-113
1786
1048
593
1560
530
1426
453
1826
127
1821
1036
274
2193
46
1542
934
388
1690
479
773
1662
433
1328
1081
806
1891
-255
2764
-403
1364
1531
-143
1687
1061
461
1207
1295
140
1310
926
244
1968
-156
1140
1828
-605
2403
-174
1103
1356
294
1828
836
754
1533
785
970
1561
568
1493
1168
1135
470
2076
-38
1370
1739
-286
2247
434
203
2410
-290
802
2335
-1092
2599
241
637
2277
-565
1910
1185
-133
2988
-712
2704
147
1194
1474
-499
2557
42
245
3277
-1727
2030
1841
-902
2058
922
379
878
1785
0
1347
1206
466
1345
712
1012
953
1133
1284
628
1373
1099
804
975
966
1145
320
2072
-243
1920
511
1186
1168
897
750
1956
-370
3299
-1120
2067
1426
-104
1407
1950
-1210
2785
151
676
1627
351
1083
1167
534
1686
190
1548
1209
-81
2556
-384
1695
888
1155
866
1847
121
2200
645
705
2213
150
1318
1303
399
1362
1277
8
1860
801
41
1814
435
598
860
1579
472
1154
1186
895
915
1441
563
1141
1142
1085
687
1950
275
1133
1961
-295
1175
873
505
862
1319
17
1444
791
119
2307
-557
2012
543
908
760
1294
-50
2227
-240
1360
997
161
1600
280
1452
1160
-307
2427
-423
1410
1291
836
999
1287
1153
408
2324
-54
1332
1786
504
895
2214
-54
1776
978
-45
1974
479
199
2096
-464
1640
629
731
1968
-409
2036
659
530
2117
-469
2674
-94
1848
626
1243
1078
1253
394
2339
-504
1927
826
92
1979
52
709
1932
-400
1466
1387
-249
2016
675
416
2021
-85
1794
594
1075
1472
239
1895
1153
74
3044
-1298
2461
935
-739
3299
-783
614
2171
-1240
1933
442
347
1395
855
538
1165
1129
429
1500
514
1152
258
1913
-40
1213
1481
-172
1163
780
-2880
2569
1366
1563
1795
1002
978
280
1329
276
1012
197
2307
805
592
1476
642
841
1762
383
822
1510
-107
1714
619
-48
2301
-1195
1374
915
172
1234
773
809
781
1155
696
695
610
743
491
2297
472
1305
1201
1077
318
1352
1242
-519
2934
-603
1171
1417
-1043
2529
-922
2051
-83
1485
940
456
1472
540
1060
832
157
1727
1
1898
987
1202
1138
587
1364
231
1729
172
1492
875
324
949
662
141
979
371
1143
227
1090
1129
-283
2198
233
0
2330
-502
870
1766
-203
1397
912
296
1095
1077
-142
2439
-528
1504
1000
344
1198
718
433
1256
497
935
1098
531
1346
803
882
973
646
937
494
1138
1105
29
1776
794
37
2227
-103
868
1558
-496
1886
565
219
1297
804
-239
2594
-805
1677
1068
-77
2174
179
865
1514
354
1363
546
982
650
962
829
461
1664
204
1460
716
1226
115
1822
603
887
987
1423
336
1159
1560
-425
2461
262
653
2042
-505
1700
801
11
1789
279
284
2507
-1472
2688
232
451
2003
-62
1370
1225
276
1986
40
1370
1529
-74
1998
909
13
2366
-372
1128
1314
361
682
2178
-1232
2776
-56
543
1966
-226
1463
1138
399
1849
-82
1658
1110
359
1693
1311
-562
2901
-303
1001
1507
421
479
1849
-57
756
1660
-477
1532
881
-268
1700
782
-439
2791
-586
1257
1815
-713
2588
2
782
2383
-1216
2476
864
-445
2683
-99
622
1849
-403
1512
720
790
403
1654
385
635
2092
-542
1937
818
614
1428
1034
494
1864
589
858
1008
1873
-526
2313
312
521
1395
819
100
2341
-384
863
1787
-614
1383
1420
10
1220
1832
-933
3687
-1558
2519
181
1360
-14
2343
-143
1174
991
799
-111
2014
3
731
1943
-212
1044
1189
775
-149
2646
-721
1337
1610
-658
1996
458
31
2410
-1019
2277
687
5
2235
-94
816
1229
169
987
728
484
1109
324
878
850
394
1538
-405
2126
434
-234
3135
-1784
2763
-83
951
1331
447
745
1501
-40
1863
-155
1904
309
708
1399
87
1316
97
1862
-642
1621
982
-293
1806
760
-562
2851
-788
1618
1062
-161
1753
172
1027
827
760
1035
259
1498
509
464
1817
-44
1127
1447
-235
1245
1660
-832
2435
153
833
1101
813
1017
690
1161
579
1065
883
604
1413
252
1316
475
1116
386
1443
126
1567
760
636
1329
676
413
1590
230
1573
258
1732
634
591
2029
-727
2297
300
577
1950
165
1117
1433
26
2383
-813
2515
400
484
1862
92
939
1439
441
369
2389
-658
1720
1421
-441
2275
-117
1226
910
764
1018
746
939
736
720
1387
77
1619
179
1093
733
772
838
1053
532
1551
137
1651
519
330
2071
-452
1593
532
1244
290
1385
878
-169
2043
14
759
1460
-281
1286
964
125
1107
987
-62
1667
-158
1737
-228
2079
-486
1938
256
672
1482
139
1261
695
1044
982
520
674
1526
-609
2428
-288
796
1688
-391
1620
708
256
1046
565
1173
230
1753
102
2032
-259
1811
752
513
952
1720
-1094
3410
-1372
2251
302
538
918
612
902
202
1343
630
462
1185
660
637
1179
775
982
477
1104
273
1127
466
960
522
997
615
2
2151
-911
1797
504
222
1857
-664
2097
219
466
1171
1025
-649
2353
-21
455
1549
709
191
1706
600
483
1282
459
670
733
1012
-43
1290
358
572
1345
-546
1796
-95
123
2107
-924
1382
1988
-1910
3783
-1305
772
1749
-168
649
1306
682
-175
1921
-111
868
1113
467
634
1603
-666
2393
-812
1922
-139
1246
393
963
790
638
612
1432
-358
1531
754
-601
2233
-248
190
2586
-1370
1757
1293
-773
2221
60
365
1896
-666
1893
465
232
2147
-663
1571
1495
-749
2827
-292
636
1917
-340
1380
599
651
442
1086
227
795
657
590
981
424
999
1073
59
1764
-225
1104
737
377
915
764
529
1167
392
1131
1327
203
1521
1282
253
1251
1295
60
1051
1420
-562
1816
312
450
1347
183
821
1211
-29
1533
441
551
1698
-322
1345
711
184
907
750
450
811
960
345
927
977
564
1034
635
885
170
1464
271
545
1450
200
697
1689
-878
1923
97
411
1315
117
542
955
566
389
1231
-1
743
963
-167
1252
365
414
1061
553
472
979
362
1139
1278
-301
2104
632
-590
3299
-1635
1537
1502
-1168
2323
371
-455
2504
-363
-80
2642
-1909
2118
773
-721
2168
-27
133
1970
-709
1348
559
670
492
904
1080
-118
1978
-85
563
1494
-117
782
1243
-363
1949
-337
1607
-145
1708
-275
1391
1048
-412
1810
247
262
1569
-264
1600
328
962
895
75
1911
-750
1437
528
-90
1194
950
-559
1683
613
-330
2020
568
-597
2586
-561
1034
804
411
1085
-66
1705
-7
510
1636
-792
1710
623
-294
1685
225
-152
1912
-279
663
1746
-790
1820
836
-436
2245
-36
740
1570
101
409
1744
-605
1464
530
983
75
1208
197
1119
-345
2437
-1283
1884
399
-233
1576
5
183
1935
-842
1807
783
-191
1938
467
52
1883
81
628
685
1114
-370
1429
674
-493
2117
-644
1121
425
925
-198
1727
-610
1276
181
566
635
749
160
1361
-164
1311
-210
1465
9
904
1059
-243
1754
-225
803
1017
-287
1394
296
607
1157
23
1075
288
1314
-575
1492
650
-419
1885
138
107
1348
12
235
1182
322
25
1217
695
-509
2142
-484
831
758
352
571
1380
-853
2598
-1264
1804
307
27
1316
196
376
1264
387
-26
1938
-1057
1645
167
170
1157
132
14
1706
-734
958
822
-127
659
1019
-27
936
830
-101
1505
-175
979
847
-102
1167
1053
-579
2244
-761
1075
799
273
507
1081
-10
1020
489
263
721
813
-29
1352
80
511
993
310
955
729
358
1062
447
608
753
211
1777
-1112
2209
-232
19
1652
-166
89
1938
-1064
1583
757
-648
1913
105
395
1259
62
377
1458
-592
2052
-387
1300
662
525
1190
137
1598
248
697
1699
-368
1514
780
84
823
1225
24
850
1009
156
443
885
314
348
939
604
-4
1414
-102
590
1266
-315
1277
-51
457
1029
177
740
1055
-146
1252
423
141
1368
409
496
878
1004
-586
1988
-268
1172
73
1177
-176
914
490
262
410
985
-279
1282
50
644
523
389
633
543
114
942
190
309
1227
-299
1212
313
371
351
1082
-339
1288
532
27
1216
-61
787
350
254
810
-317
915
324
-469
1769
-1263
1237
528
-153
978
961
-676
1777
-237
389
937
70
320
1161
-552
954
266
280
886
116
1148
-514
1851
-696
1032
668
-142
1048
295
281
356
837
-111
684
454
399
602
328
621
543
-198
1134
-275
838
105
869
117
371
912
-360
476
1435
-1128
1654
284
-475
1277
170
-302
1232
-50
136
934
374
-88
986
338
-278
1478
-544
904
450
438
180
1024
-67
610
327
781
-141
951
383
114
1072
291
-131
1353
-261
414
1219
50
445
932
238
-27
1491
-394
708
917
34
371
1185
-160
633
911
-88
657
679
474
225
1009
41
135
1305
-429
716
787
-136
805
571
4
939
77
560
721
-263
1547
-391
840
491
106
568
496
427
476
113
1302
-358
722
830
-543
1324
-150
485
460
196
447
323
270
634
-84
875
6
194
731
166
69
695
690
-367
1304
-90
808
87
1035
-243
1117
81
339
806
367
-173
1446
-606
920
387
-51
1060
-218
482
914
-276
974
499
-136
1139
102
54
1406
-740
1300
154
436
498
658
90
941
-7
685
409
327
420
750
-179
1092
135
137
1142
-381
1018
271
338
545
464
90
1070
23
511
906
72
216
1387
-752
1287
640
-590
1911
-757
863
936
-590
1122
15
294
830
69
776
296
381
619
664
-111
1088
-125
748
535
-222
1194
-232
313
1293
-1107
1727
-304
277
982
-198
735
190
102
907
-241
907
479
-224
1341
-349
159
1142
-487
565
910
-383
856
289
26
518
-33
171
605
283
-275
1067
-497
502
294
-71
313
216
118
311
165
293
80
427
370
-84
866
-450
656
-151
243
155
486
-225
537
258
-45
58
890
-396
393
734
-641
923
-182
-68
611
54
-183
541
347
-648
990
-385
27
877
-700
704
79
-83
404
212
355
-185
284
465
-270
415
369
-112
611
-150
102
375
-188
172
565
-371
143
647
-697
802
-228
-57
540
-360
238
222
50
75
357
288
-489
817
61
-477
1487
-920
932
113
62
156
12
27
285
-449
1026
-770
662
-221
445
-75
409
194
82
50
313
-174
541
162
4
750
-513
812
6
304
458
40
651
-331
1082
-835
592
716
-774
1178
53
-8
849
-372
358
329
-260
529
447
-418
1032
-392
560
78
119
481
482
-18
465
487
-139
354
575
-395
406
882
-1072
1575
-395
-337
1596
-854
572
864
-1231
1919
-843
483
867
-953
1387
-515
578
102
254
311
232
275
131
180
259
590
-418
765
213
-77
382
167
-178
345
163
395
36
342
256
133
51
388
-105
350
287
46
387
-73
337
-7
370
-75
388
-201
673
350
-634
1190
-167
-434
868
2
-459
1161
-202
-349
1316
-710
259
546
-219
230
141
714
-769
879
-330
130
289
-182
348
42
-91
472
-438
626
-341
287
-32
98
113
161
-268
513
-279
-358
1094
-864
324
600
-740
322
313
-831
356
-140
-106
-141
126
-182
-76
-125
341
-591
396
104
-362
464
-112
-17
281
-384
416
-710
300
384
-689
591
-270
-627
589
-529
-260
668
-722
75
658
-1267
668
14
-708
575
-234
-509
357
-123
-290
53
54
-558
315
-436
253
-250
-2
414
-745
676
-794
184
-251
-121
-211
-164
293
-469
-220
648
-919
327
171
-301
92
143
-359
181
-137
-447
416
-488
162
74
-53
154
-535
544
-507
32
692
-1003
683
-153
-486
923
-927
23
937
-1620
1063
159
-1493
1555
-574
-592
1369
-1225
311
451
-761
467
95
-401
226
65
-211
91
294
-495
753
-641
192
182
-972
1109
-657
-103
775
-908
555
-178
-87
243
-94
154
207
-184
39
746
-1300
1579
-797
-251
1086
-1010
550
94
-309
346
-339
215
-105
-24
168
-104
541
-423
258
57
-215
401
-96
-336
509
-668
139
471
-594
318
-151
96
41
-89
295
44
37
-81
170
-483
303
57
-96
191
-15
-168
-48
26
-113
320
-278
-73
496
-782
331
-35
-344
-46
-29
133
-49
-135
389
-414
298
187
-744
764
-296
49
76
498
-549
-116
1036
-1505
1004
324
-1192
1166
57
-962
889
-482
-24
40
-320
378
-397
-158
687
-890
730
-421
-11
465
-474
587
-274
556
-412
439
-303
82
-42
348
-292
383
-337
452
-232
93
26
214
-276
578
-217
429
-263
52
341
-446
385
5
-20
177
261
146
-108
401
-228
-223
593
-260
431
-206
451
154
-863
825
51
-733
952
-193
-413
537
-429
47
351
-795
763
95
-602
971
-304
211
207
-61
218
-308
408
-1
104
250
-332
491
-334
100
