15
13
13
12
14
14
14
14
14
15
16
18
18
15
14
15
16
17
17
15
13
12
13
13
14
14
13
11
9
9
8
9
11
13
13
12
10
10
11
11
12
12
13
14
13
11
9
9
10
9
10
8
7
11
11
10
7
4
3
5
7
6
7
6
8
7
8
9
9
10
8
6
5
4
6
9
11
12
11
11
12
10
11
12
11
12
12
12
11
10
11
10
10
11
12
12
12
12
11
10
10
10
8
10
10
11
14
14
13
14
12
12
13
13
13
13
12
12
13
17
17
16
15
15
14
14
13
13
14
16
17
16
16
15
16
16
17
16
16
16
16
16
17
17
17
16
14
13
13
14
15
15
16
16
16
16
15
14
14
16
16
13
13
13
14
14
15
15
14
14
13
13
14
14
13
11
9
10
9
9
11
11
11
11
9
9
9
11
12
10
8
7
7
8
9
10
10
9
9
8
7
8
8
8
8
7
7
7
8
9
8
6
6
5
4
4
4
4
4
4
4
4
6
6
3
3
1
0
1
-1
1
0
-1
0
-1
0
1
0
2
1
0
-2
-1
0
1
2
1
0
0
-1
2
3
3
5
5
6
6
5
4
4
4
4
2
0
-2
1
2
2
1
1
0
1
3
4
3
3
2
1
3
3
4
5
6
5
6
5
5
6
8
10
9
7
5
5
7
6
4
4
4
4
5
5
5
5
5
5
6
8
9
10
12
11
11
11
9
9
11
11
10
10
9
10
9
11
10
8
6
6
7
8
9
9
10
10
13
13
12
12
13
14
15
15
15
16
15
15
13
13
14
14
16
16
17
17
15
13
13
12
13
12
10
9
10
12
15
15
15
12
12
11
10
10
9
8
8
8
7
8
8
9
9
8
6
7
8
8
8
9
8
7
7
6
6
5
4
4
6
8
7
8
8
10
10
10
10
8
8
10
10
11
10
10
12
13
16
16
18
20
22
22
23
21
20
20
20
20
19
18
21
23
23
25
25
25
24
25
25
25
27
26
26
27
26
26
26
25
25
26
25
25
27
29
29
26
25
25
26
26
24
24
24
24
24
25
25
25
23
23
22
22
24
23
24
25
23
23
23
24
26
28
28
26
26
26
29
29
28
26
27
26
28
29
30
30
30
29
27
26
25
26
28
29
28
28
27
27
29
29
28
26
26
26
28
29
29
28
27
26
26
27
26
25
25
24
24
25
27
27
28
27
27
27
26
26
25
25
24
23
23
23
23
23
23
23
22
21
23
24
25
24
25
24
25
23
22
22
21
23
24
27
29
31
32
33
35
37
39
40
38
38
37
37
40
40
41
42
42
43
42
40
40
39
39
39
38
37
37
35
33
33
33
32
32
32
31
32
30
30
28
27
27
26
27
27
26
27
27
26
27
29
30
30
30
31
31
31
30
29
27
26
25
25
24
23
23
21
23
24
26
25
24
22
20
17
15
16
17
16
15
14
12
10
10
10
7
7
2
3
3
2
1
-1
-2
-2
-2
-3
-5
-5
-6
-5
-7
-7
-8
-10
-10
-10
-13
-16
-20
-21
-24
-25
-25
-27
-27
-28
-30
-32
-34
-35
-34
-35
-35
-36
-37
-36
-37
-37
-40
-40
-43
-43
-44
-45
-46
-46
-47
-48
-50
-49
-49
-50
-51
-51
-52
-54
-55
-53
-50
-50
-50
-50
-47
-45
-47
-46
-47
-46
-46
-46
-46
-47
-47
-47
-48
-46
-47
-47
-44
-42
-40
-43
-44
-43
-42
-40
-38
-38
-38
-38
-35
-33
-33
-36
-35
-34
-35
-36
-37
-37
-35
-36
-36
-38
-38
-36
-34
-32
-32
-32
-31
-30
-29
-28
-28
-27
-29
-29
-28
-27
-27
-27
-25
-22
-22
-19
-17
-15
-11
-9
-5
-3
-2
0
3
4
6
7
9
12
15
17
17
18
18
20
22
21
22
21
21
22
22
23
23
25
26
28
30
31
32
34
36
37
40
41
43
44
44
44
45
47
47
48
49
52
53
53
53
53
54
53
52
50
51
50
50
50
49
48
50
50
52
54
53
53
52
52
52
53
53
52
51
51
51
51
50
52
52
54
53
53
53
53
53
53
55
58
60
62
64
66
69
71
73
73
74
72
71
70
72
71
71
71
71
74
75
77
77
77
76
76
75
74
73
73
72
71
68
63
62
61
62
58
57
56
56
55
56
55
53
53
52
51
49
50
51
51
51
52
51
52
54
56
57
57
56
54
53
51
50
49
47
45
42
42
40
41
39
37
34
32
29
28
26
25
23
20
19
17
15
15
16
16
14
11
11
10
11
12
12
12
12
11
11
10
10
10
10
10
9
9
7
6
7
5
3
2
0
-1
-3
-6
-9
-11
-13
-16
-19
-21
-25
-27
-30
-33
-34
-32
-32
-34
-36
-37
-37
-37
-36
-37
-37
-36
-36
-38
-40
-40
-41
-40
-39
-41
-42
-42
-41
-41
-43
-46
-48
-50
-53
-55
-57
-56
-58
-59
-63
-63
-63
-64
-63
-63
-65
-64
-62
-61
-61
-62
-63
-63
-61
-59
-58
-57
-57
-56
-54
-53
-51
-51
-48
-46
-47
-49
-52
-53
-53
-52
-51
-51
-53
-54
-55
-57
-57
-57
-56
-57
-56
-58
-58
-58
-58
-58
-59
-61
-63
-67
-68
-66
-66
-68
-70
-71
-72
-71
-70
-70
-70
-71
-71
-73
-72
-70
-69
-68
-70
-72
-72
-72
-71
-71
-71
-68
-69
-68
-67
-68
-66
-63
-64
-64
-62
-60
-58
-55
-55
-53
-52
-50
-48
-46
-43
-41
-41
-41
-41
-41
-41
-39
-39
-37
-36
-36
-39
-39
-40
-39
-38
-38
-40
-39
-37
-37
-36
-36
-36
-35
-32
-31
-31
-30
-28
-27
-27
-26
-26
-23
-21
-18
-15
-15
-13
-13
-11
-8
-5
-6
-5
-5
-4
-3
-2
-1
0
2
3
3
5
7
12
16
17
19
21
22
24
27
31
35
37
38
38
40
42
45
47
48
49
49
50
52
56
58
60
58
59
60
62
63
63
64
63
64
64
63
62
62
63
64
63
64
64
64
65
65
67
67
69
71
71
73
73
74
75
78
79
81
82
82
83
82
84
86
88
88
89
90
90
91
91
90
90
90
90
91
90
90
90
91
91
91
88
85
85
85
83
82
80
78
76
76
72
72
71
71
70
71
70
69
68
67
66
65
64
64
63
61
58
58
56
55
54
53
51
47
44
41
39
37
35
33
32
30
28
25
25
25
21
20
20
20
20
18
18
16
14
14
14
14
11
12
12
12
11
10
10
13
12
12
12
12
12
14
15
14
14
15
17
17
17
16
17
19
21
22
21
23
24
25
24
24
26
29
30
32
35
35
36
35
36
37
38
39
41
41
42
44
44
43
43
42
43
44
45
46
47
48
48
47
48
49
49
48
47
46
45
45
45
45
44
44
44
44
44
43
43
41
40
39
36
33
31
30
30
30
27
24
23
22
23
23
21
19
16
15
16
15
14
13
11
10
8
8
8
9
11
11
7
3
-1
-3
-3
-5
-7
-9
-10
-13
-16
-19
-20
-21
-22
-22
-25
-26
-28
-28
-29
-32
-35
-37
-38
-40
-41
-43
-46
-46
-46
-46
-45
-48
-51
-51
-51
-52
-54
-57
-59
-60
-61
-62
-64
-66
-66
-68
-68
-68
-67
-67
-68
-69
-71
-73
-75
-76
-75
-77
-79
-80
-82
-82
-83
-84
-84
-87
-88
-91
-92
-92
-93
-93
-95
-98
-99
-98
-98
-100
-103
-105
-107
-107
-106
-106
-108
-107
-108
-108
-108
-110
-111
-113
-114
-113
-116
-116
-116
-116
-114
-113
-111
-111
-112
-111
-111
-109
-107
-105
-105
-106
-106
-106
-107
-107
-107
-107
-109
-109
-110
-108
-107
-109
-110
-111
-108
-107
-105
-106
-105
-102
-99
-99
-98
-96
-95
-91
-90
-87
-84
-81
-79
-76
-73
-71
-68
-64
-61
-58
-56
-55
-51
-50
-46
-43
-40
-39
-35
-32
-29
-27
-25
-22
-19
-15
-12
-10
-8
-5
-3
-1
2
7
8
15
19
23
26
30
33
39
43
46
47
49
48
49
51
52
54
55
58
59
61
62
60
61
64
63
64
64
64
65
67
69
68
66
66
66
67
68
67
67
67
68
69
70
71
72
73
75
75
74
72
71
70
70
72
71
70
70
70
69
70
69
68
67
65
65
64
63
62
63
64
65
64
64
64
63
62
61
61
62
60
59
59
61
62
63
64
63
62
62
61
57
55
54
54
54
52
50
47
46
45
44
43
41
38
34
33
32
29
28
28
27
24
23
22
22
22
22
22
22
22
23
23
22
20
19
16
15
14
14
13
12
9
8
7
5
3
1
-4
-6
-7
-9
-11
-13
-16
-18
-18
-19
-22
-22
-27
-29
-29
-29
-29
-30
-31
-32
-32
-35
-35
-36
-35
-34
-34
-36
-37
-37
-36
-34
-36
-39
-42
-42
-41
-42
-44
-46
-46
-46
-46
-47
-52
-52
-55
-54
-55
-54
-55
-52
-49
-48
-48
-48
-47
-44
-43
-40
-38
-37
-37
-36
-35
-33
-32
-32
-31
-32
-30
-28
-25
-24
-24
-25
-27
-27
-26
-24
-25
-27
-29
-29
-28
-27
-27
-27
-26
-26
-26
-26
-25
-25
-24
-23
-20
-17
-16
-15
-13
-12
-10
-8
-8
-6
-6
-5
-6
-7
-6
-5
-4
-4
-4
-2
-1
1
1
-1
0
-3
-7
-9
-11
-13
-15
-17
-17
-17
-14
-14
-17
-19
-17
-17
-17
-20
-23
-23
-21
-20
-23
-24
-23
-22
-22
-23
-25
-26
-27
-27
-28
-29
-29
-30
-31
-32
-34
-36
-37
-36
-36
-38
-38
-40
-40
-40
-41
-40
-40
-40
-38
-38
-39
-39
-40
-40
-40
-39
-37
-35
-33
-32
-32
-32
-32
-32
-32
-32
-32
-31
-30
-31
-31
-29
-27
-27
-25
-25
-26
-26
-25
-25
-25
-25
-24
-23
-23
-23
-22
-21
-23
-22
-23
-21
-21
-23
-24
-25
-24
-22
-20
-19
-20
-20
-21
-20
-21
-22
-22
-22
-20
-18
-20
-20
-17
-14
-12
-13
-17
-19
-18
-17
-15
-15
-18
-17
-15
-14
-14
-13
-12
-10
-8
-7
-9
-8
-6
-2
-1
1
1
1
2
1
4
4
5
4
4
5
4
4
5
4
3
3
3
4
4
6
6
8
9
13
15
16
17
18
18
17
18
18
20
20
20
19
18
19
20
24
27
25
24
24
24
24
25
23
22
22
23
22
22
21
19
20
19
19
17
18
16
16
16
15
13
11
10
9
11
10
9
8
9
9
9
8
9
8
7
8
8
7
6
5
4
4
4
3
1
1
0
1
0
-1
-4
-5
-7
-8
-11
-11
-11
-10
-11
-14
-15
-16
-16
-19
-22
-24
-24
-22
-23
-26
-27
-28
-30
-29
-31
-33
-36
-38
-37
-37
-38
-39
-39
-36
-35
-35
-36
-36
-34
-32
-31
-34
-36
-35
-31
-30
-28
-28
-28
-27
-27
-25
-24
-23
-23
-24
-24
-24
-24
-23
-23
-22
-21
-22
-19
-18
-15
-13
-14
-15
-14
-11
-10
-9
-10
-9
-7
-6
-3
0
2
4
5
6
6
7
9
10
12
12
10
9
11
11
12
12
12
13
11
10
11
14
15
16
15
14
15
15
17
17
16
15
14
14
16
17
18
19
18
19
18
19
18
19
20
19
19
19
18
19
19
19
17
17
18
18
17
16
15
15
14
14
13
15
14
16
15
15
14
13
11
9
7
6
7
7
9
7
6
6
7
8
7
5
2
1
2
1
1
0
-2
-3
-5
-7
-7
-9
-9
-10
-12
-14
-16
-19
-21
-21
-22
-23
-23
-22
-24
-26
-29
-32
-34
-36
-35
-38
-40
-41
-41
-42
-44
-45
-47
-49
-48
-51
-52
-54
-57
-61
-63
-65
-66
-67
-68
-68
-70
-72
-72
-73
-75
-74
-77
-78
-79
-80
-81
-84
-84
-82
-80
-78
-78
-77
-77
-76
-76
-74
-71
-69
-68
-67
-69
-70
-67
-64
-60
-61
-60
-60
-59
-57
-56
-55
-54
-54
-52
-51
-49
-47
-47
-46
-46
-45
-43
-41
-40
-40
-38
-36
-34
-33
-33
-30
-28
-26
-24
-24
-22
-19
-17
-15
-13
-12
-7
-5
-3
-2
0
1
4
6
7
8
10
14
12
12
11
12
13
14
15
14
13
15
20
24
25
25
26
29
31
32
33
35
38
42
44
46
47
49
48
51
51
53
52
51
50
53
54
56
55
53
51
51
51
52
54
54
55
54
54
52
52
53
52
53
53
51
50
48
49
49
49
46
45
43
43
45
47
47
47
45
43
43
42
42
41
41
41
39
37
36
34
36
36
35
33
31
28
27
27
26
24
22
22
22
22
23
22
22
21
23
22
21
20
16
17
16
16
16
14
11
10
9
8
7
3
1
-1
0
0
-1
-1
-3
-5
-5
-6
-5
-3
-3
-4
-8
-11
-11
-11
-12
-13
-14
-18
-20
-22
-23
-23
-22
-24
-26
-28
-29
-31
-31
-30
-31
-29
-29
-30
-32
-29
-29
-31
-32
-35
-38
-42
-46
-47
-46
-46
-47
-48
-49
-47
-46
-47
-49
-51
-51
-50
-48
-46
-47
-47
-47
-46
-44
-40
-37
-36
-38
-37
-38
-39
-39
-39
-39
-40
-40
-41
-40
-41
-39
-39
-38
-36
-38
-38
-38
-39
-38
-38
-38
-39
-40
-40
-38
-37
-40
-41
-42
-42
-43
-44
-44
-45
-45
-47
-48
-49
-50
-49
-47
-46
-45
-46
-46
-45
-46
-49
-50
-50
-49
-50
-50
-51
-51
-51
-52
-53
-53
-53
-52
-53
-52
-51
-51
-51
-51
-50
-49
-48
-47
-48
-49
-47
-45
-44
-43
-43
-42
-40
-39
-40
-42
-42
-41
-41
-40
-41
-40
-38
-35
-34
-33
-32
-29
-28
-27
-28
-29
-26
-25
-25
-28
-30
-32
-31
-31
-32
-31
-31
-30
-31
-33
-34
-34
-33
-33
-33
-34
-34
-32
-31
-30
-30
-29
-29
-28
-26
-25
-24
-23
-25
-25
-26
-25
-24
-23
-23
-25
-27
-29
-28
-27
-25
-24
-24
-24
-25
-26
-26
-24
-24
-25
-25
-25
-24
-25
-25
-25
-24
-21
-20
-21
-21
-21
-20
-19
-19
-19
-18
-18
-17
-17
-15
-14
-10
-10
-13
-13
-12
-11
-9
-8
-9
-8
-6
-5
-3
-4
-4
-3
-1
1
3
0
2
1
2
2
-1
0
2
3
2
0
0
1
2
4
4
5
5
5
4
3
4
3
4
5
6
6
7
10
11
11
11
12
13
12
13
13
14
14
14
15
16
17
18
18
18
21
21
20
21
22
23
23
23
22
20
20
19
19
20
20
20
19
20
19
19
19
17
17
16
18
19
19
20
18
18
19
21
23
21
19
19
20
22
23
20
18
19
19
18
17
16
12
11
9
8
5
3
3
1
-2
-6
-8
-8
-8
-9
-11
-13
-15
-13
-11
-11
-14
-15
-16
-14
-14
-13
-14
-16
-15
-15
-15
-15
-16
-18
-19
-19
-20
-22
-22
-23
-22
-23
-26
-29
-30
-32
-34
-35
-38
-40
-39
-39
-41
-42
-42
-42
-42
-43
-46
-47
-45
-45
-46
-47
-47
-45
-44
-45
-46
-47
-47
-47
-46
-47
-47
-47
-48
-49
-50
-51
-51
-52
-51
-51
-53
-53
-52
-52
-51
-52
-54
-55
-56
-55
-54
-55
-55
-54
-54
-53
-53
-54
-55
-56
-55
-54
-54
-52
-52
-52
-53
-54
-55
-55
-55
-57
-57
-56
-57
-59
-60
-62
-62
-66
-65
-67
-66
-66
-67
-69
-70
-68
-68
-68
-71
-71
-69
-68
-69
-69
-68
-67
-66
-68
-69
-68
-66
-66
-67
-66
-66
-66
-64
-63
-63
-63
-65
-65
-65
-62
-61
-61
-62
-61
-60
-59
-60
-61
-61
-59
-57
-58
-60
-61
-62
-61
-60
-61
-62
-64
-65
-62
-60
-60
-62
-63
-62
-60
-60
-59
-61
-61
-60
-60
-61
-59
-59
-59
-59
-58
-56
-56
-58
-58
-56
-53
-52
-53
-54
-53
-50
-51
-51
-54
-54
-53
-52
-52
-53
-54
-51
-50
-49
-50
-51
-52
-50
-49
-50
-50
-51
-50
-51
-51
-51
-49
-47
-46
-44
-43
-42
-41
-41
-41
-41
-42
-43
-43
-43
-39
-37
-37
-36
-35
-33
-30
-29
-29
-29
-31
-30
-29
-28
-27
-26
-25
-25
-25
-23
-23
-20
-17
-13
-13
-13
-11
-9
-9
-9
-10
-10
-10
-7
-8
-8
-8
-8
-6
-3
-1
0
-1
-1
0
2
4
5
6
6
8
9
11
12
14
13
14
15
16
18
20
22
23
23
23
25
26
26
25
25
25
26
26
27
27
26
28
30
31
31
32
31
33
34
34
35
36
36
33
33
33
37
37
36
35
35
36
37
35
35
34
36
36
35
34
32
33
33
34
35
35
34
34
36
37
38
39
37
35
35
35
35
34
32
32
31
30
30
28
28
27
29
28
27
27
28
28
28
28
26
26
24
25
27
26
24
21
19
19
20
20
20
18
18
19
20
20
22
21
21
18
15
15
13
13
12
11
10
11
12
11
11
10
9
7
6
5
2
3
2
0
-1
0
-1
-2
-2
-2
-2
-4
-7
-9
-10
-10
-12
-14
-16
-14
-17
-19
-20
-20
-19
-21
-23
-27
-27
-27
-26
-24
-24
-24
-25
-27
-27
-26
-26
-26
-26
-28
-29
-30
-30
-31
-30
-30
-31
-29
-30
-30
-32
-31
-30
-30
-31
-32
-33
-35
-33
-34
-35
-36
-38
-39
-39
-39
-40
-40
-39
-39
-38
-40
-39
-38
-38
-39
-38
-39
-40
-40
-39
-37
-37
-36
-37
-38
-39
-40
-42
-42
-45
-47
-47
-49
-47
-47
-47
-47
-47
-44
-44
-45
-46
-45
-44
-43
-44
-44
-45
-43
-42
-39
-38
-36
-36
-36
-35
-35
-34
-34
-34
-35
-35
-36
-37
-36
-36
-35
-33
-33
-32
-32
-31
-33
-34
-33
-34
-34
-34
-34
-34
-33
-32
-29
-27
-27
-28
-29
-31
-28
-26
-24
-24
-24
-25
-25
-24
-22
-23
-21
-21
-21
-22
-22
-23
-23
-23
-23
-21
-21
-21
-22
-24
-23
-23
-24
-25
-25
-25
-24
-26
-25
-23
-22
-20
-19
-19
-18
-19
-18
-18
-18
-17
-17
-17
-17
-18
-17
-18
-19
-19
-19
-18
-17
-16
-16
-17
-16
-15
-16
-15
-16
-14
-13
-11
-12
-11
-8
-7
-7
-7
-7
-5
-3
-2
-3
-4
-3
-1
2
1
1
3
4
5
6
6
6
5
7
7
8
6
5
3
2
2
2
3
3
5
5
6
4
2
-1
-1
1
1
2
3
5
8
10
10
11
14
16
17
17
16
14
14
12
13
14
14
15
17
17
17
16
16
17
16
16
14
12
12
13
14
14
12
11
10
9
11
12
13
13
13
13
12
11
14
14
16
17
18
17
17
17
17
17
16
14
14
15
15
16
17
16
18
18
18
17
16
16
14
13
11
10
11
11
12
11
8
6
7
6
6
6
5
4
3
2
0
-1
-1
-2
-4
-4
-4
-4
-4
-4
-3
-2
-2
-3
-5
-4
-6
-6
-6
-6
-7
-6
-6
-7
-6
-7
-8
-7
-9
-11
-12
-14
-15
-16
-16
-18
-18
-19
-20
-21
-22
-22
-22
-23
-23
-22
-22
-21
-24
-27
-28
-27
-27
-29
-29
-29
-29
-29
-31
-33
-33
-34
-33
-34
-38
-40
-40
-40
-39
-39
-40
-41
-39
-39
-40
-41
-43
-44
-43
-43
-45
-45
-45
-45
-44
-42
-45
-47
-47
-48
-49
-50
-50
-50
-50
-52
-54
-56
-57
-57
-57
-56
-56
-57
-57
-57
-57
-58
-59
-61
-62
-62
-62
-61
-62
-62
-63
-63
-63
-64
-65
-65
-64
-65
-64
-66
-65
-63
-62
-64
-64
-65
-65
-63
-65
-66
-68
-69
-68
-67
-65
-65
-67
-68
-69
-69
-68
-66
-65
-65
-66
-67
-68
-67
-67
-66
-65
-64
-64
-63
-62
-61
-59
-58
-57
-59
-60
-60
-61
-60
-59
-58
-58
-56
-56
-56
-55
-56
-55
-54
-55
-55
-54
-53
-53
-54
-53
-52
-51
-51
-50
-50
-50
-47
-45
-43
-45
-45
-42
-42
-42
-40
-42
-40
-39
-37
-35
-34
-34
-32
-31
-31
-30
-29
-27
-27
-28
-28
-26
-25
-22
-21
-21
-21
-20
-21
-20
-20
-18
-18
-17
-18
-18
-15
-13
-11
-10
-9
-8
-7
-6
-4
-2
0
-1
-2
-1
0
3
4
4
2
1
3
6
9
8
7
7
8
8
9
7
6
7
7
8
8
9
9
10
9
9
7
5
7
8
10
12
13
13
15
16
19
20
20
21
21
21
23
23
24
22
22
23
24
25
25
25
24
25
24
22
21
22
20
22
21
20
20
19
20
19
20
20
19
17
16
15
14
16
17
17
17
15
14
16
18
18
18
18
17
18
18
17
15
13
14
12
11
11
10
10
11
10
9
9
7
6
6
6
4
3
3
2
2
2
2
1
1
-1
-1
-1
-2
-2
-3
-4
-3
-3
-3
-4
-6
-8
-9
-8
-9
-9
-9
-10
-10
-13
-14
-16
-14
-14
-16
-18
-19
-19
-18
-19
-21
-23
-23
-24
-24
-24
-22
-21
-20
-20
-19
-20
-20
-20
-21
-21
-21
-20
-20
-19
-20
-21
-23
-25
-25
-25
-26
-26
-29
-30
-31
-32
-31
-30
-29
-30
-32
-34
-35
-35
-33
-33
-34
-32
-33
-32
-32
-32
-33
-34
-35
-36
-36
-37
-37
-36
-36
-36
-35
-36
-37
-38
-38
-39
-40
-41
-41
-41
-42
-41
-41
-41
-41
-42
-43
-44
-44
-44
-44
-44
-43
-43
-43
-42
-44
-41
-42
-42
-41
-40
-40
-40
-39
-38
-37
-38
-38
-36
-35
-35
-36
-37
-37
-36
-35
-34
-35
-38
-36
-37
-39
-40
-39
-39
-41
-41
-41
-40
-41
-41
-40
-38
-36
-35
-36
-37
-35
-32
-31
-30
-30
-29
-28
-27
-27
-27
-25
-24
-23
-24
-24
-25
-26
-26
-27
-27
-26
-27
-28
-29
-29
-27
-27
-25
-25
-25
-27
-29
-28
-27
-26
-24
-21
-21
-21
-21
-20
-19
-19
-19
-17
-18
-16
-16
-17
-17
-16
-15
-16
-17
-18
-22
-22
-21
-22
-22
-23
-23
-22
-22
-23
-22
-23
-24
-24
-23
-22
-21
-21
-21
-22
-22
-22
-21
-20
-20
-18
-18
-16
-16
-17
-18
-18
-15
-16
-17
-17
-17
-17
-18
-19
-18
-16
-15
-16
-18
-18
-17
-15
-14
-15
-16
-19
-19
-18
-19
-18
-15
-14
-12
-14
-14
-13
-11
-9
-9
-10
-10
-10
-9
-7
-5
-3
-5
-6
-8
-8
-9
-8
-8
-8
-7
-7
-6
-5
-7
-8
-7
-7
-8
-10
-11
-9
-9
-7
-6
-6
-5
-6
-7
-8
-7
-5
-3
-2
-4
-5
-6
-6
-5
-6
-6
-6
-6
-5
-4
-4
-6
-6
-7
-8
-9
-8
-9
-7
-8
-9
-9
-11
-11
-13
-14
-14
-15
-16
-16
-16
-15
-15
-15
-16
-17
-19
-18
-17
-17
-17
-17
-16
-17
-17
-14
-14
-14
-13
-15
-15
-14
-13
-13
-12
-13
-13
-13
-16
-15
-13
-13
-14
-16
-18
-18
-19
-19
-19
-19
-18
-18
-20
-20
-18
-18
-20
-19
-19
-19
-19
-21
-23
-23
-21
-20
-20
-20
-19
-19
-20
-20
-19
-19
-19
-20
-21
-22
-24
-22
-23
-23
-23
-22
-21
-21
-21
-21
-22
-22
-23
-22
-22
-21
-19
-20
-21
-21
-22
-20
-20
-20
-19
-21
-22
-21
-20
-21
-21
-22
-22
-24
-23
-24
-22
-22
-23
-24
-24
-26
-26
-27
-28
-27
-28
-26
-25
-25
-27
-27
-27
-25
-26
-25
-26
-24
-22
-22
-23
-26
-26
-25
-24
-23
-23
-24
-25
-27
-27
-28
-29
-28
-29
-30
-30
-30
-30
-32
-30
-29
-31
-32
-31
-30
-29
-27
-27
-29
-29
-30
-30
-29
-29
-28
-26
-28
-28
-28
-28
-27
-28
-28
-28
-28
-28
-29
-28
-29
-28
-28
-30
-31
-33
-32
-30
-29
-29
-29
-28
-26
-25
-26
-27
-27
-26
-25
-26
-26
-26
-27
-25
-25
-24
-23
-22
-21
-21
-21
-22
-22
-21
-21
-21
-23
-24
-23
-24
-23
-22
-22
-22
-21
-20
-21
-21
-22
-24
-24
-25
-27
-26
-25
-25
-24
-22
-23
-23
-24
-23
-23
-23
-23
-21
-19
-17
-18
-17
-17
-17
-17
-15
-14
-12
-9
-8
-8
-9
-10
-11
-11
-12
-9
-9
-9
-10
-8
-7
-6
-5
-4
-5
-5
-4
-4
-3
-2
-2
-1
0
1
1
4
4
5
7
8
8
8
10
11
12
12
12
12
15
15
16
18
16
15
16
18
20
20
22
22
20
21
21
21
22
23
23
22
23
24
25
23
21
22
23
23
22
21
21
22
23
23
21
21
22
23
23
22
22
25
27
28
26
26
27
26
26
23
23
23
25
26
26
26
26
26
25
24
23
23
23
22
22
22
23
22
22
22
21
22
20
21
19
19
19
20
20
19
18
16
16
16
16
18
17
16
14
12
12
12
10
10
8
10
9
7
8
8
9
8
7
5
3
2
1
2
2
2
2
2
2
3
2
1
-1
-2
-2
-2
-2
-2
-2
-4
-4
-4
-2
-4
-4
-4
-6
-7
-9
-9
-9
-8
-8
-9
-10
-10
-8
-10
-9
-9
-9
-9
-9
-8
-8
-9
-10
-10
-9
-8
-7
-8
-9
-10
-10
-10
-9
-9
-9
-10
-10
-12
-13
-11
-10
-9
-8
-10
-12
-14
-12
-9
-10
-9
-9
-11
-10
-9
-9
-9
-8
-8
-8
-8
-7
-7
-8
-8
-8
-7
-7
-7
-8
-6
-5
-6
-8
-8
-8
-8
-7
-7
-8
-6
-6
-7
-7
-7
-7
-7
-8
-7
-8
-7
-5
-6
-6
-7
-7
-6
-6
-5
-6
-6
-6
-5
-3
-3
-4
-2
-1
-1
-2
-2
-2
-1
-1
-3
-4
-6
-5
-6
-5
-5
-4
-3
-3
-2
-4
-4
-5
-4
-3
-2
-1
-1
-2
-2
-2
-2
-1
-2
-3
-3
-4
-2
-2
-3
-5
-6
-5
-3
-2
-4
-5
-5
-5
-4
-5
-5
-6
-5
-6
-8
-8
-7
-7
-6
-8
-9
-9
-8
-9
-9
-11
-13
-15
-15
-14
-12
-12
-12
-11
-12
-13
-12
-13
-13
-12
-12
-13
-13
-12
-13
-15
-15
-15
-15
-16
-15
-14
-14
-14
-16
-17
-18
-18
-17
-16
-17
-17
-16
-17
-17
-16
-16
-16
-17
-18
-20
-19
-18
-19
-20
-19
-20
-20
-20
-20
-21
-21
-19
-20
-19
-19
-20
-19
-20
-19
-19
-18
-18
-18
-16
-16
-16
-18
-16
-14
-14
-14
-16
-17
-16
-15
-16
-15
-16
-15
-14
-14
-14
-13
-14
-13
-13
-12
-11
-13
-14
-13
-10
-10
-9
-10
-10
-11
-10
-9
-9
-9
-10
-8
-9
-10
-9
-9
-8
-8
-9
-8
-8
-8
-8
-7
-8
-7
-8
-8
-7
-6
-7
-6
-7
-7
-7
-7
-8
-7
-6
-7
-6
-8
-8
-8
-8
-9
-8
-7
-8
-8
-10
-10
-9
-10
-11
-11
-10
-8
-9
-10
-10
-13
-12
-11
-12
-12
-12
-12
-12
-12
-11
-11
-13
-13
-14
-13
-12
-12
-13
-13
-12
-13
-15
-18
-19
-18
-18
-17
-19
-20
-20
-20
-19
-19
-20
-21
-24
-22
-23
-24
-24
-25
-24
-25
-24
-26
-26
-26
-26
-26
-28
-31
-29
-29
-28
-28
-30
-32
-32
-31
-29
-30
-31
-34
-36
-35
-34
-35
-36
-35
-35
-34
-35
-37
-38
-39
-41
-42
-44
-43
-42
-42
-43
-42
-42
-42
-41
-42
-44
-45
-47
-47
-46
-46
-46
-46
-46
-46
-44
-42
-42
-42
-41
-44
-43
-43
-43
-44
-45
-44
-42
-44
-45
-45
-44
-45
-44
-42
-42
-43
-42
-42
-40
-40
-38
-38
-39
-37
-39
-39
-39
-37
-36
-37
-40
-41
-39
-38
-37
-38
-37
-37
-38
-37
-35
-33
-33
-35
-37
-36
-36
-34
-33
-33
-32
-31
-31
-31
-32
-30
-29
-30
-30
-30
-31
-30
-29
-27
-26
-26
-26
-26
-24
-23
-21
-22
-22
-22
-23
-21
-22
-21
-21
-21
-21
-21
-21
-20
-20
-19
-20
-20
-19
-18
-16
-16
-17
-17
-17
-17
-16
-15
-13
-13
-14
-16
-17
-16
-15
-14
-14
-13
-12
-11
-11
-11
-12
-10
-10
-11
-11
-10
-8
-7
-8
-8
-7
-6
-5
-5
-6
-5
-6
-6
-6
-6
-6
-5
-4
-5
-5
-4
-4
-3
-3
-3
-4
-2
-1
0
0
2
1
2
3
2
2
3
4
1
2
3
4
5
7
6
6
4
3
5
7
10
8
8
7
6
6
6
7
8
8
8
7
7
5
6
7
8
8
7
9
7
7
8
9
10
10
11
11
11
10
10
12
11
10
11
12
10
10
11
11
10
11
10
8
8
8
9
11
12
11
12
12
11
13
14
13
13
12
12
12
13
14
14
14
12
10
11
13
12
12
10
10
10
11
11
13
13
13
14
15
15
15
17
18
19
18
18
18
19
20
21
21
22
21
18
18
18
18
18
18
19
20
20
19
17
16
17
15
16
16
16
17
18
19
19
17
14
15
15
15
15
15
15
14
13
14
14
15
14
14
14
12
13
13
14
16
16
13
12
13
14
16
17
16
16
15
16
15
14
14
14
13
12
10
10
10
12
11
10
8
9
11
10
10
8
6
6
7
6
7
8
8
8
9
8
9
10
10
10
11
10
8
8
7
7
6
5
4
4
3
3
2
2
2
2
4
5
3
1
1
2
2
4
3
1
1
1
2
1
2
3
3
2
1
0
-1
-1
0
1
1
1
1
1
1
3
3
3
3
3
4
4
3
2
2
3
2
1
0
-1
1
1
1
1
1
0
-1
-2
-2
-2
-3
-2
-1
-1
-2
-3
-2
-1
1
0
-2
-3
-3
-3
-1
-2
-1
-1
-1
-3
-6
-6
-5
-6
-7
-7
-4
-4
-5
-6
-8
-8
-7
-9
-11
-11
-11
-10
-9
-8
-10
-11
-13
-13
-15
-14
-14
-15
-15
-17
-17
-17
-17
-16
-16
-17
-19
-21
-21
-19
-18
-19
-20
-22
-24
-23
-21
-20
-22
-22
-24
-23
-23
-24
-24
-22
-22
-23
-23
-23
-25
-24
-21
-22
-20
-21
-21
-22
-21
-21
-20
-22
-22
-21
-22
-22
-23
-23
-25
-23
-23
-24
-24
-24
-24
-24
-25
-24
-26
-26
-25
-25
-25
-25
-26
-26
-26
-24
-24
-22
-23
-24
-25
-24
-24
-24
-25
-27
-27
-27
-26
-27
-26
-26
-25
-25
-26
-28
-27
-27
-26
-26
-26
-26
-27
-26
-26
-27
-27
-26
-28
-27
-26
-26
-26
-26
-25
-24
-23
-23
-25
-24
-24
-25
-25
-24
-24
-22
-22
-21
-21
-22
-22
-22
-19
-18
-18
-20
-19
-18
-18
-19
-18
-17
-16
-14
-12
-13
-14
-15
-15
-15
-15
-16
-17
-15
-15
-13
-11
-11
-10
-9
-8
-8
-8
-9
-10
-11
-10
-9
-7
-6
-7
-6
-5
-4
-4
-3
-4
-5
-5
-5
-6
-4
-2
-3
-2
-2
-3
-2
-1
-1
-2
-1
1
1
1
1
3
5
4
2
2
3
4
3
3
3
4
5
3
1
1
3
4
3
4
6
4
4
3
4
4
5
5
5
7
9
9
7
6
5
5
7
6
6
7
6
6
5
5
5
5
5
4
4
3
3
4
4
4
5
5
7
5
3
4
7
6
6
3
2
3
4
5
6
5
4
2
1
1
0
3
3
3
3
2
2
2
2
3
3
2
4
4
2
3
4
4
4
4
2
1
1
2
2
0
0
-1
-1
-2
-2
-1
-1
0
-1
-1
0
-1
0
1
-1
-2
-1
-1
-1
-1
0
1
0
0
0
1
0
1
0
1
1
-1
1
1
0
0
-2
-1
-2
-2
-2
0
-1
-1
-2
-1
-2
-1
-3
-4
-4
-4
-3
-4
-4
-4
-3
-2
-1
-2
-3
-2
-2
-3
-3
-2
-3
-1
0
0
0
0
-1
0
0
0
0
-1
0
-1
-1
-1
0
0
1
3
0
-1
-2
-1
0
-2
-2
-2
-2
-1
0
0
-1
-2
-4
-3
-3
-2
-2
0
-2
-3
-2
-2
-1
-1
-1
-2
-3
-3
-3
-2
-1
0
0
-1
-3
-4
-2
-4
-4
-5
-4
-2
-1
-2
-3
-3
-2
-1
0
0
0
-2
-3
-2
0
-1
0
1
-1
0
-1
-2
-3
-3
-2
-3
-5
-7
-7
-6
-6
-6
-6
-4
-4
-4
-3
-3
-5
-7
-7
-7
-6
-5
-5
-4
-5
-5
-3
-4
-4
-5
-4
-4
-4
-2
-2
-3
-2
-2
-1
-3
-3
-3
-1
-1
-2
-4
-3
-3
-3
-2
-2
-2
-1
1
0
0
0
0
-1
-2
-3
-3
-1
0
0
0
-1
0
1
3
1
0
-1
1
1
0
1
0
-1
-1
-1
1
1
2
1
-1
-2
0
1
1
2
-1
-3
-3
-2
0
2
4
2
1
1
2
3
5
5
6
6
5
6
6
6
8
9
8
7
8
9
9
8
9
9
9
9
8
8
9
7
6
7
7
6
6
6
8
7
8
7
8
8
7
8
7
6
6
7
8
9
9
10
10
8
9
9
9
9
7
7
7
7
6
6
8
8
8
8
8
9
11
11
8
6
7
7
8
7
7
7
7
6
7
6
4
4
4
4
4
5
6
6
6
6
7
8
7
10
9
7
7
6
6
9
9
8
8
8
8
7
8
7
7
6
6
5
5
4
5
7
7
7
6
4
3
2
2
2
2
2
3
4
4
3
1
2
2
3
3
3
3
3
4
3
2
3
3
4
3
2
1
2
3
4
4
4
4
2
1
0
-1
1
3
3
2
3
1
1
1
1
1
0
0
-1
0
0
2
2
2
1
2
2
2
2
2
3
4
5
4
2
2
3
2
3
2
1
1
3
2
2
2
2
3
3
0
-1
0
2
3
4
4
4
3
4
4
3
4
6
7
6
5
6
7
7
7
6
5
5
4
4
5
6
6
6
5
6
7
7
7
6
5
6
7
8
7
7
7
6
5
6
7
7
7
6
6
6
6
6
4
4
4
3
2
3
3
4
3
3
1
3
2
2
2
3
3
2
3
2
2
2
2
1
1
1
1
1
0
-1
0
-1
-2
-3
-3
-4
-4
-4
-4
-4
-4
-3
-5
-6
-4
-4
-4
-5
-4
-6
-5
-5
-6
-6
-5
-6
-6
-5
-5
-7
-6
-6
-6
-6
-7
-7
-7
-8
-8
-7
-6
-6
-8
-6
-5
-4
-4
-5
-5
-5
-4
-4
-5
-4
-5
-4
-4
-4
-5
-5
-4
-5
-3
-4
-5
-5
-3
-3
-3
-3
-2
-1
-1
0
-1
-2
-1
-2
-2
-1
-1
-3
-3
-2
-1
-2
-2
-3
-3
-2
-2
-2
-3
-3
-2
-2
-2
-2
-1
-1
0
-2
0
0
-1
-1
-2
-3
-2
-1
-1
-1
-2
-1
-1
-1
-2
-3
-2
-2
-1
0
0
2
2
1
1
0
2
3
4
2
1
3
4
4
5
3
4
3
5
4
5
5
5
6
4
3
3
4
6
7
5
4
4
4
6
6
8
9
10
10
9
10
9
8
6
6
7
7
9
8
8
7
8
7
7
4
5
5
7
7
8
8
9
9
9
8
8
7
8
10
10
10
9
9
8
8
8
7
7
7
6
7
7
5
7
6
5
5
5
5
6
6
5
6
5
5
6
6
8
7
6
4
4
4
4
6
7
6
5
7
7
7
6
4
4
4
4
5
5
6
5
5
4
4
4
5
5
4
2
2
2
3
4
4
4
5
6
3
4
3
4
4
4
3
3
4
5
5
5
4
4
4
5
5
6
5
4
5
5
5
6
5
5
4
4
5
5
6
7
6
4
2
4
5
6
7
7
9
8
8
7
7
7
9
10
10
11
10
12
10
10
9
9
8
7
7
6
7
7
7
7
8
7
7
7
7
6
6
7
7
8
8
8
8
7
5
4
4
5
6
7
5
5
4
4
5
7
7
5
5
5
6
5
4
5
5
6
6
7
7
6
4
2
3
4
5
5
5
4
4
3
2
3
3
3
4
4
4
3
4
6
5
6
4
4
5
6
5
6
8
8
7
6
5
7
7
7
6
5
6
6
6
7
6
6
7
7
5
5
6
7
5
5
6
6
8
8
7
7
8
7
7
7
8
9
9
8
7
7
7
7
7
6
6
7
6
6
8
9
10
11
9
9
8
9
9
9
11
11
11
12
13
12
14
13
12
12
13
12
11
11
12
13
15
14
14
14
14
16
14
14
16
16
16
16
16
18
18
19
20
18
18
19
19
19
18
17
17
17
17
17
17
19
20
19
18
17
16
17
18
18
18
18
16
16
17
16
17
17
16
16
14
14
14
15
14
11
11
11
11
12
11
11
10
9
7
8
9
7
6
5
5
6
7
5
4
4
3
1
1
2
1
4
3
4
2
3
2
1
1
0
1
-2
-2
-1
-2
-3
-2
-2
-2
-1
-2
-3
-4
-4
-4
-3
-5
-4
-4
-5
-5
-4
-3
-4
-3
-4
-6
-8
-7
-7
-4
-5
-7
-8
-10
-11
-9
-9
-10
-11
-12
-12
-12
-13
-13
-13
-15
-16
-16
-18
-18
-18
-17
-18
-21
-21
-21
-20
-20
-22
-24
-23
-22
-21
-19
-19
-19
-22
-23
-23
-21
-22
-22
-24
-25
-24
-23
-22
-22
-21
-22
-22
-24
-23
-24
-24
-24
-24
-24
-24
-23
-21
-21
-21
-23
-25
-24
-24
-24
-23
-23
-24
-26
-29
-29
-29
-27
-24
-25
-26
-24
-23
-23
-24
-26
-25
-25
-24
-25
-25
-26
-24
-23
-23
-25
-25
-24
-22
-21
-23
-22
-23
-23
-23
-22
-22
-22
-20
-20
-21
-21
-23
-22
-22
-20
-21
-22
-21
-20
-18
-17
-17
-17
-16
-15
-15
-15
-16
-17
-16
-16
-17
-17
-19
-18
-16
-15
-17
-17
-18
-17
-16
-15
-15
-15
-14
-15
-14
-14
-15
-15
-18
-17
-16
-17
-17
-16
-16
-15
-15
-16
-17
-18
-17
-16
-17
-16
-17
-17
-16
-16
-15
-14
-15
-16
-18
-17
-16
-16
-15
-16
-16
-16
-16
-16
-15
-15
-13
-13
-13
-13
-13
-14
-16
-16
-16
-16
-14
-12
-12
-11
-12
-13
-12
-13
-11
-9
-10
-10
-12
-10
-9
-9
-8
-8
-10
-9
-8
-8
-9
-8
-8
-9
-8
-9
-9
-8
-6
-6
-7
-7
-7
-5
-4
-4
-4
-5
-3
-2
-2
-2
-2
-2
-2
-1
-2
-1
-1
-1
0
0
0
0
0
2
3
1
1
0
1
1
2
1
0
-1
1
3
3
0
1
1
2
3
2
0
1
2
3
5
4
4
4
5
6
6
5
4
6
6
6
8
8
9
11
12
11
12
12
13
16
16
16
14
16
16
15
15
15
17
16
16
14
15
15
16
15
14
14
12
13
14
15
16
17
17
17
17
17
15
16
16
16
18
16
18
17
18
20
19
20
18
17
16
17
17
17
17
17
16
15
15
16
16
16
15
15
14
14
15
13
13
13
14
15
16
15
16
18
17
16
15
14
16
15
14
15
13
16
16
14
14
15
16
17
17
15
15
15
15
16
15
15
14
15
14
15
14
12
12
11
12
14
13
13
12
11
10
10
11
11
10
9
9
10
10
10
9
9
9
9
10
11
11
11
10
10
10
11
13
10
9
6
7
9
11
10
10
9
8
9
10
9
10
10
11
10
10
10
12
12
13
11
10
10
9
10
11
12
11
10
9
10
10
8
7
6
6
6
7
8
10
11
11
10
9
9
9
10
11
10
11
11
10
9
8
9
10
10
9
9
9
8
8
9
8
8
8
9
7
5
5
7
10
9
9
8
7
7
7
8
9
10
11
11
9
9
10
10
12
11
10
8
6
6
8
9
8
8
7
7
6
6
7
7
8
9
8
8
8
7
7
8
8
8
10
10
7
7
8
10
10
10
8
7
7
8
9
10
10
11
10
9
10
11
11
12
12
12
11
9
9
10
12
10
10
10
10
10
9
8
6
6
6
7
8
7
7
7
6
7
5
6
6
7
6
7
9
7
6
6
6
6
5
5
6
5
7
8
9
8
7
6
5
7
8
7
7
6
6
5
7
8
8
9
8
8
8
7
6
8
6
7
5
6
4
4
5
6
6
6
5
4
5
5
5
6
6
6
6
6
7
7
9
9
10
9
10
10
9
7
6
5
6
5
4
3
2
4
3
3
2
2
2
2
3
1
3
2
2
3
1
0
1
1
1
2
3
3
5
4
3
4
4
3
2
3
4
5
5
4
4
2
3
2
3
2
1
2
1
3
3
3
3
4
2
2
1
1
2
3
3
2
3
0
-2
-1
0
0
-1
-2
-2
-3
-2
-3
-2
-2
-1
-2
-1
-2
-3
-4
-3
-3
-3
-3
-4
-7
-7
-7
-8
-9
-12
-12
-10
-10
-11
-10
-10
-10
-11
-11
-12
-13
-13
-11
-10
-10
-10
-11
-12
-14
-15
-16
-16
-15
-15
-14
-15
-16
-17
-17
-17
-17
-18
-19
-17
-17
-16
-15
-15
-16
-15
-16
-16
-16
-16
-16
-14
-14
-13
-13
-15
-15
-16
-16
-15
-16
-16
-16
-16
-15
-14
-15
-16
-15
-16
-16
-16
-16
-16
-15
-15
-14
-15
-15
-15
-15
-14
-15
-16
-17
-16
-15
-14
-14
-16
-18
-18
-17
-17
-17
-16
-17
-15
-16
-18
-18
-18
-17
-17
-17
-19
-20
-18
-17
-16
-15
-15
-15
-15
-16
-17
-15
-14
-13
-13
-12
-12
-13
-13
-14
-13
-12
-11
-12
-11
-10
-10
-9
-10
-9
-8
-6
-7
-8
-9
-8
-9
-8
-8
-8
-7
-7
-8
-8
-10
-9
-9
-8
-9
-9
-9
-9
-8
-9
-10
-12
-12
-12
-11
-11
-13
-11
-10
-9
-11
-10
-11
-11
-13
-9
-11
-14
-7
-16
-7
-10
-13
-12
-14
-11
-11
-11
-12
-13
-13
-13
-11
-11
-11
-11
-12
-10
-10
-9
-9
-10
-9
-10
-11
-11
-13
-13
-12
-12
-13
-12
-11
-11
-11
-11
-12
-14
-13
-13
-12
-12
-12
-12
-11
-10
-10
-11
-10
-11
-12
-12
-14
-14
-15
-16
-16
-13
-13
-13
-13
-15
-16
-18
-19
-19
-20
-19
-17
-17
-17
-17
-18
-17
-17
-19
-20
-19
-18
-16
-16
-15
-16
-16
-17
-17
-16
-16
-17
-16
-17
-14
-13
-14
-14
-16
-16
-15
-16
-15
-16
-17
-17
-18
-18
-17
-17
-17
-18
-18
-18
-17
-16
-14
-13
-16
-18
-18
-18
-18
-18
-19
-19
-19
-16
-17
-15
-15
-15
-14
-14
-16
-16
-14
-13
-13
-12
-13
-14
-14
-14
-13
-14
-13
-15
-15
-15
-16
-16
-17
-18
-17
-16
-15
-15
-15
-15
-16
-16
-15
-16
-16
-15
-15
-14
-15
-16
-16
-14
-13
-13
-13
-13
-13
-13
-13
-12
-11
-10
-13
-13
-15
-14
-14
-14
-12
-13
-11
-10
-12
-13
-12
-12
-11
-12
-14
-13
-14
-15
-14
-14
-14
-16
-16
-15
-15
-14
-16
-18
-18
-17
-14
-12
-15
-17
-18
-19
-20
-20
-19
-17
-17
-17
-18
-19
-17
-17
-18
-20
-22
-22
-21
-21
-23
-24
-24
-23
-24
-25
-26
-27
-26
-25
-26
-25
-25
-25
-24
-22
-20
-20
-19
-19
-20
-21
-20
-19
-17
-16
-16
-21
-21
-20
-19
-17
-17
-19
-21
-20
-18
-18
-19
-19
-19
-19
-18
-18
-18
-18
-18
-17
-17
-17
-16
-16
-15
-14
-14
-15
-17
-18
-18
-17
-15
-15
-16
-17
-18
-18
-17
-17
-17
-16
-15
-16
-18
-15
-15
-13
-12
-12
-15
-13
-15
-12
-13
-14
-14
-15
-12
-15
-12
-14
-14
-15
-15
-16
-16
-17
-16
-13
-15
-17
-19
-18
-18
-16
-18
-18
-18
-16
-17
-18
-18
-17
-16
-17
-18
-18
-18
-14
-14
-14
-15
-15
-14
-14
-15
-15
-15
-14
-15
-13
-13
-13
-15
-14
-14
-15
-15
-17
-17
-17
-16
-16
-16
-16
-14
-15
-17
-16
-15
-15
-17
-17
-18
-19
-19
-16
-18
-16
-18
-19
-18
-17
-19
-18
-16
-18
-15
-17
-16
-17
-15
-15
-15
-16
-17
-18
-18
-15
-17
-16
-18
-18
-18
-18
-17
-17
-16
-16
-18
-19
-21
-18
-16
-15
-16
-17
-16
-17
-17
-16
-15
-15
-15
-16
-16
-15
-15
-14
-15
-16
-17
-18
-16
-15
-15
-13
-15
-17
-16
-17
-17
-18
-18
-19
-20
-19
-18
-18
-17
-17
-19
-21
-21
-20
-20
-21
-20
-21
-20
-23
-23
-21
-21
-21
-20
-19
-19
-19
-18
-20
-19
-19
-20
-18
-19
-19
-16
-16
-16
-20
-21
-20
-21
-21
-19
-24
-21
-21
-20
-18
-21
-18
-19
-20
-17
-17
-17
-16
-17
-16
-18
-19
-19
-17
-18
-19
-20
-16
-16
-14
-15
-16
-18
-17
-17
-18
-16
-16
-16
-17
-17
-17
-18
-18
-15
-18
-19
-23
-21
-20
-18
-18
-18
-20
-21
-19
-19
-19
-20
-19
-19
-18
-20
-20
-18
-18
-18
-15
-19
-17
-18
-17
-17
-17
-17
-15
-15
-16
-16
-17
-17
-16
-13
-13
-14
-14
-15
-13
-15
-15
-17
-14
-16
-12
-15
-15
-16
-17
-14
-16
-12
-17
-16
-18
-17
-20
-17
-18
-17
-18
-20
-18
-17
-17
-20
-20
-17
-18
-18
-18
-16
-16
-17
-20
-19
-21
-20
-19
-19
-19
-20
-17
-20
-16
-16
-15
-17
-18
-19
-15
-14
-15
-13
-16
-16
-15
-15
-14
-14
-15
-11
-13
-10
-15
-14
-13
-14
-16
-10
-14
-10
-10
-12
-9
-11
-10
-6
-6
-7
-7
-12
-6
-9
-7
-3
-8
-4
-7
-6
-5
-2
-6
-2
-6
-4
-4
-12
-4
-8
-2
-4
-4
-5
-2
-5
-4
-4
-6
-3
-9
-2
-6
-4
-5
-2
-4
-2
-5
-5
-3
-7
-3
-9
-4
-6
-5
-5
-5
-3
-7
-5
-10
-7
-11
-5
-8
-6
-6
-9
-3
-8
-2
-9
-6
-10
-6
-11
-6
-11
-7
-5
-14
-6
-10
-5
-6
-7
-7
-6
-8
-5
-4
-4
0
-4
1
-1
-3
3
-3
7
-2
3
0
4
0
0
1
0
5
-1
6
0
5
3
4
2
5
1
6
4
5
10
7
10
9
10
9
7
10
8
11
6
8
7
11
8
8
5
1
1
3
3
-1
-2
-3
1
-3
-2
-3
-3
-5
-9
-8
-9
-9
-11
-12
-14
-17
-18
-18
-15
-17
-19
-22
-23
-24
-24
-24
-26
-26
-29
-27
-32
-27
-30
-26
-28
-32
-28
-36
-26
-31
-29
-28
-26
-25
-24
-30
-26
-22
-25
-22
-30
-24
-21
-23
-17
-21
-15
-17
-10
-14
-7
-7
-4
-1
-10
3
-1
9
7
10
10
19
19
19
29
22
43
29
39
34
37
43
47
50
47
54
45
60
48
59
55
59
58
51
57
51
59
46
54
45
46
42
32
38
29
32
23
20
14
13
11
4
-2
-9
-21
-14
-29
-29
-42
-46
-46
-64
-65
-72
-80
-90
-95
-109
-102
-118
-123
-133
-135
-148
-146
-164
-163
-171
-180
-183
-196
-199
-204
-213
-210
-214
-221
-215
-226
-216
-222
-212
-207
-192
-188
-173
-157
-141
-114
-97
-71
-47
-18
11
40
67
100
137
168
203
226
262
291
314
340
358
386
395
411
417
430
433
431
431
422
417
403
391
376
355
333
314
289
265
237
209
181
153
123
95
66
35
11
-16
-42
-67
-100
-118
-146
-161
-197
-232
-233
-262
-280
-304
-319
-349
-363
-376
-414
-408
-447
-439
-477
-499
-501
-538
-527
-559
-553
-549
-545
-528
-446
-455
-473
-486
-453
-284
-281
-299
-286
-196
-96
-103
-116
-10
129
136
106
97
216
322
288
288
323
388
386
329
337
417
440
384
345
322
364
339
288
290
281
251
202
153
147
155
132
109
55
22
-13
35
18
-7
-34
-69
2
-39
-49
-34
8
30
29
-5
56
126
113
160
138
203
255
242
284
310
344
376
375
364
408
414
416
424
384
387
372
338
314
276
230
205
149
106
60
-8
-44
-93
-185
-226
-280
-339
-372
-488
-512
-557
-603
-664
-720
-738
-773
-796
-834
-825
-837
-828
-705
-777
-759
-798
-718
-529
-533
-547
-508
-365
-271
-240
-281
-92
88
72
71
66
262
391
345
343
432
526
522
467
454
613
629
548
506
484
565
531
440
430
447
412
346
271
248
328
240
172
147
71
144
76
39
35
11
-25
-13
-66
-39
0
-39
29
-25
-13
29
50
99
107
112
139
193
193
244
265
296
343
314
339
353
386
399
388
348
366
331
340
269
234
201
190
18
53
-51
-41
-70
-107
-262
-400
-344
-607
-513
-646
-614
-731
-817
-859
-913
-888
-873
-834
-865
-1038
-937
-1043
-876
-680
-744
-759
-701
-617
-612
-480
-449
-223
-146
-197
-151
-79
127
232
229
283
381
429
415
449
494
679
640
567
577
593
668
616
567
569
601
502
446
409
406
452
357
276
265
188
156
135
88
118
99
24
-26
-40
-78
18
-17
-27
-21
-81
-18
-1
13
69
83
94
119
121
165
251
274
300
313
318
355
411
416
446
446
431
450
390
420
432
358
339
280
218
198
173
146
-36
-12
2
-250
-226
-136
-471
-438
-504
-573
-679
-844
-689
-976
-965
-927
-1065
-1006
-967
-1009
-1079
-1111
-1153
-831
-882
-995
-838
-828
-639
-655
-654
-468
-205
-207
-281
-167
-65
238
215
182
351
439
490
437
472
635
810
691
605
655
691
816
683
652
734
701
617
519
519
575
675
455
397
385
314
410
286
252
267
195
101
120
46
124
157
23
30
-48
-18
76
34
16
56
20
52
94
41
208
201
177
219
177
267
337
319
378
325
301
386
405
213
463
331
159
349
249
174
90
230
-30
-64
-61
-226
-198
-379
-422
-463
-647
-700
-802
-855
-907
-1002
-1024
-1087
-1033
-1022
-1170
-1233
-1231
-991
-950
-1013
-1098
-958
-761
-718
-762
-646
-355
-266
-299
-334
-200
181
230
188
220
391
527
522
446
624
866
824
722
661
771
968
880
765
812
875
820
724
648
833
843
676
539
501
623
596
476
393
380
360
272
209
217
230
185
106
9
27
84
88
45
-1
12
7
18
60
100
140
141
148
122
220
263
241
324
294
243
321
333
316
328
294
326
187
212
222
77
115
-41
0
-225
-109
-414
-338
-378
-708
-567
-801
-983
-829
-1075
-1036
-1151
-1238
-910
-1232
-1267
-1375
-1280
-950
-1050
-1117
-1177
-935
-782
-738
-867
-578
-231
-279
-319
-391
-22
299
318
210
300
597
630
594
540
857
1097
970
786
766
1040
1151
1022
898
1024
1096
946
873
744
1016
995
759
691
557
714
649
516
405
432
342
296
191
81
250
128
78
-19
-55
-3
37
-34
-51
-44
-46
76
-68
79
66
109
141
24
214
163
278
304
265
219
291
321
247
239
238
343
46
184
18
5
-26
-85
-205
-406
-452
-433
-532
-879
-735
-929
-1142
-917
-1279
-1220
-1043
-1065
-1316
-1398
-1572
-1089
-936
-1269
-1042
-1181
-1031
-651
-983
-800
-307
-290
-303
-245
-436
177
523
172
444
516
578
831
612
637
1247
1174
950
1011
813
1255
1377
994
1085
1215
1126
1097
930
829
1159
1081
752
726
636
683
757
468
357
479
306
232
238
36
189
233
26
-39
-10
54
80
50
-33
15
-35
148
103
27
246
152
289
361
-80
418
508
213
269
296
319
82
368
270
0
113
153
-188
-172
-107
-408
-166
-764
-755
-505
-1095
-953
-1020
-1393
-1241
-1354
-1481
-1101
-1309
-1496
-1222
-1922
-1318
-908
-1215
-1180
-1172
-1049
-698
-736
-874
-278
-45
-173
-13
-268
193
734
621
536
772
851
1008
1035
834
1272
1581
1267
1208
1087
1265
1471
1361
1128
1311
1236
1080
997
827
1008
1060
785
586
503
490
534
465
224
261
194
111
65
27
16
125
105
-65
-45
-30
125
180
30
112
202
146
269
383
262
356
526
410
271
450
328
543
269
114
309
198
10
179
-188
-122
-245
-476
-455
-773
-839
-988
-1073
-1442
-1347
-1648
-1569
-1780
-1864
-1458
-1421
-1742
-1749
-2288
-1446
-1031
-1257
-1355
-1304
-1156
-536
-615
-868
-102
240
223
293
-76
465
1225
1243
863
1261
1119
1419
1565
1071
1724
1953
1610
1492
1310
1257
1724
1495
1139
1435
988
935
863
626
872
857
462
320
171
96
311
169
36
-13
-190
-128
-147
-124
1
5
55
-28
-63
7
305
363
418
366
298
456
637
598
587
729
753
439
516
529
357
407
377
190
-100
-208
45
-607
-532
-699
-1155
-1076
-1658
-1567
-1562
-2179
-2308
-2092
-2669
-2241
-2189
-2109
-1979
-2056
-2799
-2114
-1549
-1349
-945
-1406
-1470
-494
-376
-395
130
438
787
1256
469
839
1649
1856
2061
2029
1575
1980
2085
1687
2202
2198
1950
1933
1439
1254
1420
1236
1024
1151
621
346
232
2
139
312
-276
-254
-470
-634
-401
-450
-494
-273
-597
-542
-366
-342
-64
112
40
266
313
191
628
765
842
904
895
745
1097
1009
1010
1051
868
850
519
315
389
342
-22
-215
-480
-843
-1114
-1211
-1706
-1876
-2540
-2492
-2785
-3157
-3477
-3262
-3715
-3488
-3084
-2928
-3003
-3230
-3503
-2750
-1672
-1598
-1398
-1567
-1201
-153
95
20
731
1458
1855
2003
1467
1885
3003
3102
3120
2807
2600
2883
2830
2438
2591
2544
2108
1852
1220
1000
894
577
236
80
-367
-849
-856
-1064
-1010
-1114
-1532
-1396
-1396
-1378
-1398
-1213
-1185
-867
-792
-682
-347
-94
162
445
609
844
1068
1201
1454
1574
1641
1574
1711
1699
1724
1530
1294
1213
1054
836
468
247
-5
-374
-600
-1051
-1675
-1735
-2423
-2577
-3130
-3675
-4025
-4225
-4781
-4440
-4777
-4779
-4474
-3785
-3857
-3594
-3800
-4087
-2122
-1425
-841
-738
-1006
-188
1251
1478
1877
2826
2955
3476
3525
3061
3956
4456
4381
4366
3870
3109
3037
2683
2702
2729
1755
927
440
-3
-241
-704
-1337
-1437
-1808
-1909
-2069
-2357
-2103
-2575
-2178
-1845
-1596
-1296
-1345
-1123
-403
79
85
773
914
1524
1777
1760
2101
2559
2743
2783
2729
2537
2614
2425
2414
2205
2004
1486
1125
803
559
194
-228
-715
-1100
-1611
-2079
-2547
-2981
-3286
-3950
-4160
-4891
-5110
-5415
-5841
-5389
-5222
-5322
-4955
-4318
-3585
-2812
-3035
-3387
-1653
-239
1051
1258
750
1481
3183
3725
4267
4746
4799
5419
5044
4689
4939
5117
4671
4430
3558
2725
2122
1081
965
773
-152
-1227
-2130
-2535
-2423
-2853
-3660
-3721
-3654
-3779
-3482
-3746
-2944
-1652
-1520
-622
-711
-133
786
1792
2469
3372
3095
3317
3810
3992
4670
4471
4316
4232
3958
3380
3105
2913
2788
2679
1636
1028
421
97
-201
-485
-1132
-1552
-2156
-2540
-2799
-3039
-3306
-3739
-3990
-4625
-4848
-5086
-5240
-5212
-5060
-5797
-5407
-5175
-4522
-3505
-2191
-1863
-1108
-1151
-1527
707
2171
3419
4116
3196
3631
4968
5146
5488
6025
5710
5989
5077
3752
3510
3278
2920
2569
1419
-88
-1074
-2207
-2440
-2317
-3129
-3873
-4388
-4840
-4564
-4090
-4547
-4020
-3695
-3343
-1567
-998
-261
131
981
2399
3893
4515
4297
4782
5115
5788
5665
5400
4960
4930
4499
3992
3212
2605
2289
1705
1512
674
126
-403
-688
-845
-1107
-1660
-2266
-2289
-2312
-2302
-2552
-2903
-3217
-3122
-3245
-3319
-3635
-3808
-4120
-4237
-4315
-5159
-4403
-4851
-3568
-3049
-2962
-1386
-1013
-436
-170
-330
1351
3341
4103
3772
3736
3562
4780
5305
4903
5247
5091
4173
3587
2526
1799
1736
865
246
-284
-1636
-2835
-3666
-3944
-3353
-3400
-3884
-4153
-4186
-3932
-3439
-2826
-1904
-812
-360
139
741
1668
2647
3631
4726
5696
5628
5490
4666
4939
5411
5124
4751
3723
2854
2233
1749
1249
1154
609
6
-400
-721
-917
-1137
-1303
-1252
-1054
-1225
-1652
-1829
-1748
-1465
-1452
-1992
-2122
-2280
-2400
-2417
-3107
-3552
-4179
-4575
-5112
-4606
-4411
-4547
-3261
-4541
-1344
-802
-312
145
-1516
1051
3018
4747
4370
4198
3521
4739
5393
4851
5712
4965
4338
3544
2351
1408
927
-201
-676
-509
-2063
-3155
-4602
-4933
-4038
-3457
-3927
-3836
-3748
-3591
-2502
-2039
-1023
414
926
1709
2332
3011
3979
4665
5705
5932
6379
5808
5164
4935
4424
4105
3502
2813
2115
1431
482
-6
-366
-492
-625
-968
-1144
-1270
-1415
-1459
-1299
-1128
-782
-846
-1072
-1190
-1312
-1151
-1377
-1451
-1799
-2147
-2621
-3482
-4024
-4653
-5215
-5279
-5894
-4631
-4544
-3720
-2880
-1579
-687
257
-389
184
2800
4210
5711
5182
4307
4824
5363
5369
5854
5654
4593
3762
1834
1034
555
-608
-1426
-2011
-2799
-3527
-4792
-5902
-5289
-4532
-4072
-3671
-3416
-2937
-1877
-1398
-475
1120
2273
3257
3786
4029
4658
5618
5933
6712
6403
6015
5299
4421
3794
3140
2377
1635
1234
468
27
-793
-1181
-1224
-1057
-955
-928
-798
-871
-658
-664
-323
72
273
220
2
-271
-434
-849
-1256
-1608
-2008
-3022
-3785
-5251
-5654
-6344
-6753
-6836
-6117
-4855
-5357
-2248
-3034
2
428
-720
1672
3386
5778
6960
6331
5126
6519
6379
6314
6868
5386
4763
3732
1436
653
-447
-2345
-2473
-3342
-4143
-4249
-6287
-6715
-5786
-5218
-4006
-3093
-2863
-1656
-460
75
1571
2773
3706
5033
5645
5850
6380
6191
6200
6381
5841
5430
4575
3261
2490
1376
455
87
-581
-672
-1041
-1483
-1776
-1572
-1352
-772
-321
-22
420
681
752
1144
1329
1532
1296
1016
785
418
-204
-1378
-2293
-3119
-4093
-5075
-6640
-7387
-7742
-7830
-6799
-7140
-5667
-4393
-1675
-338
742
17
1208
3936
6271
8049
7844
7027
6985
7033
6709
6777
5560
4280
3096
1615
134
-1667
-3910
-4716
-4782
-4912
-5388
-6596
-7144
-6303
-5284
-4066
-2568
-1443
154
1483
2466
3484
4502
5429
6503
7479
7569
7161
6414
5697
5447
4888
3843
2874
1615
746
-377
-1352
-1857
-2041
-1806
-1585
-1596
-1550
-1365
-953
-118
758
1477
1972
2206
2517
2715
3026
2820
2545
2345
1844
1347
319
-1036
-2586
-3896
-5468
-5771
-7542
-8024
-9702
-9578
-8790
-7202
-6209
-5264
-2334
-651
2595
2296
2095
4650
6884
9362
10349
9127
8665
8133
6707
6593
5730
4031
2419
496
-1379
-2642
-5243
-6983
-7109
-7131
-6525
-6726
-7356
-6520
-5317
-4014
-1609
50
1967
3784
4791
5918
6864
7254
7768
8400
8352
8088
6844
5413
4039
2801
1801
856
70
-913
-2000
-2942
-3596
-3618
-3155
-2393
-1616
-1050
-466
282
1052
2049
2964
3784
4555
4695
4776
4583
4507
3754
3102
2048
1342
523
-884
-2344
-4346
-5900
-7368
-8451
-8961
-10103
-10151
-10287
-9034
-6827
-6084
-3233
-259
2253
5013
4085
4754
7827
9692
11708
11488
10012
9446
8095
6147
5448
3762
1636
192
-2009
-3699
-5227
-7907
-8848
-8401
-8015
-6836
-6599
-6393
-4543
-3136
-1198
1330
3127
5219
7157
7925
8764
8924
8475
8598
8340
7474
6658
4672
3030
1456
-134
-1117
-1879
-2306
-2938
-3406
-4161
-3964
-3709
-2419
-1161
100
1050
1866
2835
3501
4473
4996
5812
5988
5896
5532
5002
4324
3415
2289
1486
289
-874
-2484
-3899
-5399
-7039
-8680
-9894
-10203
-9852
-9939
-8827
-8059
-6386
-3881
-2747
1480
4458
6757
8207
7190
8587
10473
11070
11624
10698
8959
7766
5150
3022
1628
-558
-2429
-3537
-5222
-6423
-7889
-9624
-9040
-7942
-6781
-4915
-3803
-2247
20
1426
3503
5696
7034
8881
9789
9914
9864
8839
7717
6908
5645
4290
2799
481
-1032
-2732
-3548
-3813
-4010
-3886
-4068
-3399
-3047
-1634
-582
908
2468
3556
4832
5673
6114
6521
6509
6444
6430
5714
5166
4337
3547
2550
1363
61
-1039
-2023
-3048
-4038
-5457
-6732
-8166
-8539
-8872
-8659
-8115
-8295
-6867
-6167
-3904
-1826
-196
2109
5863
8242
9938
8831
7641
9177
9759
10311
9485
7591
5622
3477
786
-290
-1988
-3861
-4831
-5695
-6172
-6860
-8232
-8307
-6717
-4989
-2791
-1025
60
1985
3477
4935
6844
7582
8754
9685
9679
9126
7744
5952
4747
3430
2168
822
-1007
-2649
-3800
-4892
-4892
-4729
-4006
-2746
-2564
-970
-391
1354
3016
4254
5671
6612
7242
7723
7584
7008
6632
5920
5311
4347
3335
2242
1391
224
-854
-1698
-2760
-3233
-4156
-4837
-5459
-6334
-7326
-7229
-7489
-6328
-5691
-5387
-3998
-4514
-2327
-1690
806
2538
5950
8328
9456
8404
6069
6894
7323
8104
7773
6153
4379
2399
-455
-1466
-2875
-4115
-4499
-4874
-4798
-5252
-6352
-6681
-5210
-3676
-1355
325
1531
3123
4130
5070
6250
6879
7810
8921
8688
8289
6892
5169
3708
1700
499
-214
-1459
-2434
-3578
-4684
-5314
-5635
-4760
-2456
-640
684
1360
1794
3124
4504
5842
7394
7981
8144
7962
7131
6215
5096
3984
3458
2944
2060
1035
-436
-1580
-2213
-2821
-2893
-3309
-3874
-3997
-4462
-4714
-4800
-4913
-4490
-3853
-3821
-2916
-2348
-2217
-1383
-1847
-212
662
2047
5263
6705
7937
6495
3591
4371
4828
5374
5499
3817
2712
1427
-958
-1653
-2431
-3580
-3292
-3287
-3123
-2751
-4105
-4315
-3099
-2143
-87
1327
1976
3499
4128
4669
5607
5668
6100
6637
6431
6203
5234
3653
2117
854
-358
-924
-1745
-2358
-2658
-3343
-3877
-3881
-3588
-2149
91
1712
3336
4049
4248
5323
5744
6599
7448
7320
7058
6255
4944
3961
2441
1330
837
406
50
-745
-1730
-2258
-2448
-2475
-2349
-2398
-2529
-2765
-3021
-3036
-3102
-3035
-3304
-2786
-1866
-1363
-899
-1988
-2393
-1992
-1016
294
2181
4596
5930
6114
3324
2467
3146
3810
4800
4462
3698
2938
847
-584
-1045
-2075
-2322
-2229
-1979
-1508
-2220
-3411
-3111
-2428
-1193
467
1363
2451
3312
3520
4086
4322
4410
4929
5278
5309
5165
4183
2887
1487
28
-536
-1018
-1474
-1734
-2097
-2605
-2847
-3033
-2672
-1606
-582
994
2933
4387
5780
5982
6065
6246
6574
6792
6534
5679
4615
3395
1922
692
-74
-520
-609
-797
-1085
-1163
-1516
-1650
-1554
-1382
-963
-995
-1086
-1066
-1525
-1655
-2026
-2113
-1884
-2032
-2230
-2152
-2861
-3021
-3337
-3413
-1910
-943
2600
4239
4845
3603
1844
3019
4076
4909
5404
5006
4258
3403
1618
704
-430
-1606
-1420
-917
-1096
-1445
-2795
-3397
-2850
-2699
-1596
-564
97
1368
2227
2856
3347
3363
3919
4905
5160
5222
4967
4323
3202
1844
742
174
-385
-807
-1000
-1435
-2015
-2667
-2581
-1767
-892
147
1270
2116
3425
3645
4074
4800
4687
5375
5305
4943
4685
3650
2872
2139
1510
1266
1013
1011
815
612
274
-72
-264
-548
-640
-1049
-1452
-1953
-2216
-2886
-3198
-3872
-3854
-3628
-3841
-3642
-4486
-4169
-4346
-3179
-2022
-961
2306
3985
5760
5505
3535
4898
5278
5863
6614
5638
5205
4361
2225
1461
24
-1812
-2081
-2425
-2647
-2575
-4025
-4525
-4248
-4296
-2998
-2034
-1221
555
1966
3392
4398
4338
4916
5735
6391
6780
6728
5925
4688
3199
1801
816
-387
-1347
-1833
-2381
-2954
-3595
-4184
-3946
-3375
-2466
-923
600
1860
3118
3903
4811
5659
5733
6232
6490
6632
6392
5690
4470
3620
2772
2203
1968
1467
1003
436
-376
-1021
-1742
-2440
-2802
-3085
-3276
-3382
-3660
-4016
-4112
-3935
-3814
-3078
-3004
-2730
-2774
-2565
-2766
-1971
-1189
57
1617
3723
5475
6737
5768
4300
4979
4691
5345
5174
4223
3652
2203
292
-492
-2310
-3485
-3619
-3765
-3400
-3415
-4090
-3883
-3662
-3238
-1835
-570
852
2581
3960
5138
5928
5603
6134
6360
6455
6543
5934
5005
3506
1606
80
-1146
-2389
-3134
-3519
-3747
-3894
-4180
-4116
-3607
-2730
-1558
436
2065
4067
4908
5765
6674
6807
7538
7406
7440
7228
6293
5233
3763
2281
1076
211
-203
-803
-1196
-1800
-2362
-2794
-3319
-3390
-3208
-3165
-2506
-2320
-2093
-1843
-2361
-1894
-1756
-1584
-996
-1215
-1009
-1276
-1539
-2140
-1811
-1382
-232
2420
4098
4795
4395
2078
2607
2868
2883
3749
3117
2724
2417
778
-34
-1156
-2518
-2104
-1757
-1565
-1309
-1927
-2190
-2052
-2189
-1374
-491
529
1949
3017
3810
4008
4022
4117
4377
4499
4423
4306
3756
2648
1500
168
-702
-1246
-1720
-1708
-1831
-1982
-1779
-1579
-996
-477
-91
988
2060
3548
4216
5036
5119
5295
5091
4735
4848
4194
3837
3170
2227
1492
549
94
-31
-216
-256
-407
-390
-415
-650
-857
-1064
-1276
-1168
-1359
-1285
-1745
-1891
-2310
-2286
-2705
-2962
-3225
-3630
-3459
-3489
-3358
-3146
-2152
-2053
471
2769
4613
5346
3442
3433
4458
4057
5049
4800
4002
3814
2200
1496
437
-1689
-2067
-2047
-2331
-2156
-2766
-2747
-2657
-2988
-2271
-1881
-1250
-38
1438
3157
3728
3869
4287
4508
4705
4629
4765
4809
4083
3232
2224
1036
195
-645
-882
-905
-1404
-1386
-1402
-1462
-1061
-1453
-933
-45
494
1885
2512
3121
3701
3661
3945
4199
4266
4623
4586
4433
3794
3136
2663
2088
1689
1263
1076
762
376
-348
-951
-1617
-2231
-2485
-2554
-2604
-2829
-3059
-3204
-3417
-3791
-3867
-3965
-3219
-2891
-2563
-2167
-2145
-2087
-1119
-764
659
2435
3752
5288
4887
4312
3900
3555
3063
3111
2924
2288
1807
867
-45
-1150
-2033
-2323
-2189
-1940
-1606
-1183
-1248
-1326
-1013
-692
-190
533
1490
2534
3259
3551
3931
3783
3704
3457
3382
3301
2869
2424
1765
948
127
-593
-900
-1138
-1337
-1036
-958
-663
-394
-427
346
507
1430
2060
2621
3070
3414
3748
3856
4126
3899
4052
3844
3590
3331
2890
2407
1911
1488
1079
625
267
-98
-521
-776
-1254
-1571
-1739
-1987
-2103
-2059
-2198
-2391
-2468
-2912
-2781
-3088
-3231
-3279
-3101
-2504
-2379
-2004
-2061
-1886
-874
7
1854
2727
3137
3646
3380
3545
3175
3174
2906
3015
2526
2427
1749
1253
700
189
-19
-551
-465
-513
-484
-300
-414
-491
-579
-563
-230
260
664
1240
1527
1772
1834
1830
1914
2158
2105
1973
2108
1670
1773
1496
1080
1130
790
969
1062
1103
1303
1226
1153
1209
1115
1257
1536
1591
2003
1899
1943
1982
2054
2120
2182
2222
2211
2184
2337
2329
2290
2138
1804
1744
1446
1189
949
569
306
-48
-361
-641
-1270
-1471
-1940
-2109
-2657
-3037
-3332
-3719
-3716
-4154
-3883
-3884
-2905
-2844
-2033
-1969
-1563
104
442
2430
2782
3121
4238
3589
4229
4133
3557
4054
3531
3101
2983
1735
1680
1059
295
86
-709
-922
-891
-1051
-892
-1124
-1107
-968
-795
-370
-110
320
1033
1245
2021
1973
2271
2645
2726
2848
2829
2638
2570
2671
2309
1994
1433
1368
1119
1100
1075
827
807
706
661
653
589
785
1092
1282
1493
1523
1892
1968
2235
2389
2336
2646
2788
2925
2808
2607
2470
2191
1890
1414
1050
710
317
-42
-367
-689
-1136
-1315
-1498
-1720
-1983
-2003
-1953
-1794
-1811
-2050
-2149
-2211
-1747
-975
-715
-472
-318
-151
-38
-62
398
571
1003
1324
1695
1326
1541
1403
1334
1782
629
1224
1363
885
1266
1559
1074
1059
1039
837
1250
1050
1093
1520
1278
1116
1185
925
697
840
963
951
1064
958
991
1007
740
818
785
937
1119
1247
1569
1617
1688
1649
1654
1798
1948
2240
2198
2304
2168
1859
1847
1550
1417
1486
1351
1483
1409
1178
979
1058
1021
996
1284
1364
1656
1370
1376
1198
969
1003
1130
943
1045
934
831
824
370
467
278
163
153
190
328
219
35
152
-109
-225
-497
-723
-829
-1153
-1122
-1113
-1234
-1261
-1146
-1179
-1208
-870
-1019
-458
-652
54
25
396
934
1175
1726
1645
1551
1596
1716
1499
1634
1568
1108
1321
1249
702
467
79
-48
-65
-243
-138
-397
-381
-128
-105
87
139
415
773
813
1097
858
1047
1087
1092
1451
1231
1270
1244
1210
908
541
516
184
21
61
-59
-36
-151
-447
157
-343
-158
-3
-73
17
-88
307
160
152
37
130
-51
224
-349
-456
-404
-935
-593
-1101
-1047
-888
-1337
-1449
-1048
-1914
-1137
-1327
-1898
-762
-1916
-1542
-597
-1838
-1294
-1237
-1386
-1171
-1390
-1327
-1265
-1728
-1797
-1426
-1743
-1879
-1543
-1838
-2058
-2200
-2549
-2113
-2040
-2379
-2256
-2115
-2650
-2147
-2098
-2058
-1884
-1846
-1648
-1747
-1632
-1725
-1951
-1383
-1493
-1639
-1540
-1420
-1306
-808
-912
-925
-760
-872
-929
-565
-645
-1612
-1071
-1524
-1928
-1248
-1944
-1915
-1483
-1776
-1753
-1652
-1063
-1641
-535
-591
-856
-331
-180
-170
-492
295
1
-385
480
-286
-151
-202
138
-900
505
-571
-1248
359
-844
-777
-552
-131
-1131
-375
-413
-483
-235
-508
-317
675
-394
362
918
165
867
-229
1373
-512
454
650
-84
496
633
-491
1341
-1121
955
-367
-333
1419
-908
518
119
-370
-430
127
275
-435
692
-386
46
74
-240
319
122
285
-231
738
-361
-211
540
-833
889
28
-66
468
237
96
170
155
197
106
-249
422
383
-581
472
575
-417
717
948
-842
1169
414
-147
723
299
-238
235
83
27
-504
123
150
-840
295
-161
-210
-296
322
147
103
205
933
587
431
1152
717
536
1150
856
855
1327
329
998
608
-212
539
428
-590
286
344
-2002
540
-159
-1690
642
-389
-1282
455
-579
-686
369
-470
-362
618
-488
-313
271
-56
-1289
978
-1344
-740
18
-1272
-654
-435
-1173
-726
-904
-434
-698
-439
-259
-377
-349
89
490
-1325
1923
-825
253
417
282
-138
-577
968
-1200
-510
815
-1743
114
-104
-1186
-140
-522
-371
-644
-194
148
-1022
124
265
-538
243
-117
-350
282
-37
-322
310
-62
-342
-165
338
-79
-671
1173
-670
351
314
-361
671
508
294
540
854
356
-7
1600
-143
479
1212
-213
620
727
194
229
1591
-465
969
682
191
686
654
473
592
616
-167
1323
-16
341
1540
-527
1260
-85
227
409
727
-102
583
780
-966
1788
-663
1022
1018
715
809
1251
1440
285
1980
945
1355
1345
975
2018
-315
1722
872
250
844
1271
-206
315
1506
-511
686
1227
491
265
1745
1208
244
2419
726
1443
1317
1721
978
1056
1972
-88
1841
460
667
1550
-461
2021
345
342
1322
1114
350
1089
2187
-109
2235
1560
816
2111
1342
827
1995
913
1526
708
1845
149
672
1601
-972
1285
379
-438
1093
213
-93
1166
302
453
1068
884
426
1571
625
1421
980
1237
1018
903
1201
1080
1050
1106
513
976
629
405
1684
-475
1668
356
496
914
903
731
754
1080
489
1244
254
1218
604
636
1336
391
1482
361
1081
1102
503
1733
871
1046
1572
1472
235
1709
917
10
1904
37
429
1241
-732
913
314
-765
865
-659
-352
983
-705
-191
1394
-1181
1154
370
-203
969
1014
119
1003
1908
-847
2132
1022
86
1219
1013
494
40
1981
-867
761
1015
-501
610
546
-90
23
1342
-545
31
1951
-1519
2141
19
447
1300
107
1169
366
1305
-412
1861
-733
1019
855
-1591
1854
-515
-1008
1282
-885
-371
753
-805
392
256
-507
854
-556
373
810
-1091
1814
-857
969
-147
1141
104
-396
2606
-1518
1229
1483
-1244
2077
-13
854
-252
2015
-794
599
1038
-302
-53
656
471
-1188
1265
-580
-559
-38
100
-1198
953
-431
-690
782
-864
506
-428
1071
-931
593
628
-1165
1389
-210
-188
1568
-728
1006
-138
1059
-536
1339
-339
1185
1
234
1220
-1140
1582
-206
-78
1056
-216
271
483
48
-170
1170
-1046
1158
-19
-798
1825
-1926
1567
-295
-566
1617
-773
702
648
-272
554
457
-85
914
-75
1030
25
101
873
128
-344
1299
-280
57
914
-620
1512
-1411
1791
-248
107
1223
-305
1336
336
699
1182
75
1049
1199
-653
2157
249
-358
2336
-515
-63
2009
-1431
1400
29
-127
671
109
145
-236
980
-524
325
779
-145
1159
-1
978
78
866
532
447
1296
34
1128
313
990
386
599
765
622
618
623
865
355
829
270
1373
-115
484
1603
-730
795
1192
-613
919
703
-161
1200
236
102
1242
-347
1646
-271
1357
1333
-860
2435
-313
371
1870
-675
1811
358
318
1387
-197
1507
-647
1447
320
-329
1554
-573
976
371
131
888
422
870
177
1645
330
866
1923
-283
2115
230
804
1689
69
896
1235
151
713
1108
-93
1143
221
387
690
334
1128
-659
2330
-284
504
1547
747
217
1595
1402
-181
1980
932
-244
2288
-334
1043
1111
375
1625
-88
2020
-106
968
1510
-142
2124
-216
2119
123
1004
1997
-307
1787
1023
406
1182
1196
-41
1747
146
743
1286
-63
1544
40
1341
670
854
951
1856
-491
2792
143
943
1927
504
1463
454
2494
-1004
1986
1344
-1207
2360
869
-1395
2747
-255
-478
2085
-543
410
1997
-935
1780
1817
-1551
3599
-494
654
2147
44
605
2451
-1181
2098
801
-512
2330
-317
1265
426
998
255
1051
696
333
1332
462
1068
745
850
1458
218
1572
294
1270
362
1040
778
562
752
503
981
402
1123
428
979
1150
27
1738
486
770
1462
832
952
881
1374
131
1374
951
87
1566
421
581
585
1152
-187
565
2025
-849
1351
1707
-361
1480
810
1371
340
1587
1269
650
1349
635
1598
-85
1475
1351
-356
1920
847
-520
2131
94
255
1485
293
414
1731
-80
1313
908
591
580
1898
122
669
2300
-750
1540
1228
73
877
1590
22
934
1708
183
1201
986
673
1427
186
2321
231
1453
871
1518
513
1038
1329
640
953
1045
991
507
988
1069
332
1135
864
1067
501
1728
166
1164
2114
-291
2152
1071
662
1612
1505
105
2180
315
1158
1428
612
872
1381
292
987
972
650
926
2150
-788
2957
124
740
2096
355
1402
1478
1225
796
2254
-196
1911
1304
392
2193
399
1127
1326
769
604
1648
1103
116
2363
47
1165
1012
1347
417
1841
838
897
1512
1229
90
2349
589
793
1953
426
1252
1139
1114
781
1287
1524
478
1142
1878
-533
2507
602
447
2237
549
391
2696
-142
1124
2090
31
1623
1349
675
1240
1716
416
1279
1313
1127
634
1755
1614
-140
2137
1478
-72
2090
1320
-306
2702
94
1495
735
1596
714
722
2031
223
1281
1529
341
1765
700
1258
1421
762
1824
296
2116
349
1828
1277
501
2365
186
1694
630
1813
416
1336
1873
188
1522
1500
175
1807
1124
1076
996
1992
59
1869
790
1263
882
2124
275
2104
1664
239
2308
825
1259
936
2188
748
528
2976
-859
2538
434
1466
1092
1063
1424
848
1793
382
2061
679
1014
2259
-17
2292
1347
373
2070
1381
189
2366
1022
282
2789
104
1261
1973
452
1341
1966
604
1893
843
2018
750
971
2220
957
298
2994
4
425
3390
-1120
2526
1307
922
1032
1793
792
1187
1431
1452
651
1727
1537
253
2476
673
1119
1528
1512
645
2002
970
1276
905
1528
667
1318
1727
499
1620
1612
218
2155
1500
-52
3141
365
1064
2758
285
1671
2151
639
1655
1817
878
1652
1361
1353
863
1975
761
560
2733
-426
1779
1681
155
1728
1578
-32
2532
601
1114
1861
993
848
2147
688
1385
1956
480
2236
263
2194
799
825
1908
671
858
1761
1117
419
2276
642
1191
1288
1616
450
1737
1325
1749
225
3015
126
1138
2379
276
1321
1813
680
1619
1172
721
1995
443
1448
2062
-244
2626
657
964
1594
1677
-123
2365
1876
-873
3237
538
469
2377
511
1354
1423
1055
1605
506
2165
423
1944
1072
1027
1995
242
2400
810
1359
1420
1889
451
2622
338
1580
1817
188
2437
586
689
2758
-605
2355
905
921
916
2060
120
1719
1918
-536
3139
-291
1934
1099
1528
613
2137
375
1977
905
887
2050
491
1361
1719
285
1798
1042
983
1841
781
1733
529
2102
431
1673
1311
1065
1297
1484
1193
737
1947
609
1068
1843
938
432
2214
915
-158
2775
417
487
1924
1244
715
1932
1312
926
1972
513
2289
850
1131
2897
-841
3180
974
-17
3029
226
805
2585
-281
2395
748
635
2333
376
1222
2140
585
1186
2185
336
1347
2595
-584
2866
593
938
1834
364
2283
321
1363
1731
524
848
2073
793
938
1783
1797
-463
3382
-62
1160
2342
319
1344
2050
238
1581
1761
203
1931
1141
133
2231
978
494
2190
890
1415
696
2489
148
1391
2730
-823
2873
781
637
2530
-595
2551
607
683
2074
455
678
1757
773
304
2487
-25
1364
1805
371
1300
1953
545
1153
2537
71
1350
2222
574
807
2654
242
1075
2360
-106
2035
889
1230
1420
1157
1388
904
1546
1413
384
2518
330
1662
1582
724
1397
1275
863
945
1926
96
1740
1119
595
1618
906
1009
1670
787
1287
1663
916
1214
1915
702
1120
2197
104
2331
859
1457
1470
971
1759
519
1286
1634
1083
417
2672
-121
1044
2282
-74
1709
1811
664
1309
1995
250
1905
1498
219
1985
583
1146
1364
1177
1090
799
1882
88
1329
1570
224
1929
1037
664
1494
713
1433
1008
1073
1527
1027
767
2137
688
678
2229
320
1426
1061
1482
940
1009
1501
1343
310
2218
493
1152
1277
1465
328
2700
-351
2225
492
1168
1657
555
1855
1036
1104
1378
997
1397
628
1769
1012
755
1813
772
691
2124
376
1513
1342
672
1901
427
1645
1158
885
1460
739
1659
549
1930
377
1966
895
538
2422
192
1166
2542
-419
2114
1513
100
2331
264
1746
966
770
1814
934
196
2364
457
846
1636
1298
182
2656
122
1311
1243
1303
273
2469
863
240
2380
1094
26
2359
1228
-228
2346
1203
-409
2775
683
326
2254
272
1244
808
2022
67
1890
836
1076
1054
1356
926
929
1709
495
1476
1005
765
2125
-317
2353
613
784
1678
1165
524
1591
1251
24
2489
641
75
3442
-1186
1916
2413
-973
2375
1218
34
1614
1741
-257
2209
1245
-300
2993
89
831
1922
794
693
1658
1002
1007
1131
1325
778
1409
963
1186
1788
171
1821
1517
-46
2397
677
983
1409
1414
381
1965
843
1019
1270
1781
92
2146
1272
416
1704
1328
456
1312
1533
300
1620
1035
1052
748
2207
-71
1843
1000
917
889
1463
1040
963
1623
959
857
1682
1103
530
2127
901
289
2359
559
1266
941
1763
391
1943
141
2327
472
1088
1179
1823
-107
2035
1176
-185
2730
155
824
2235
406
935
2242
-290
2002
920
584
1972
1031
-130
2780
-22
1049
1887
520
1216
1492
627
1105
1972
-240
2236
875
604
1326
1542
-7
2051
952
495
1780
1086
516
1554
1129
753
876
2094
-295
2841
-402
2067
1431
-416
3227
-293
1864
1562
564
1326
1699
100
1953
1269
472
1492
1500
-178
2577
110
1115
1511
1011
188
2434
529
219
2617
-47
1202
1920
225
1528
1643
507
1674
1203
813
1675
872
1757
741
872
1848
645
799
2179
292
690
2130
269
500
2555
-99
707
2866
-306
980
2456
248
326
2813
145
255
3108
-279
933
2584
-162
929
2967
-362
694
3658
-1276
1270
2853
-801
1365
2233
-72
883
2483
-567
1844
1560
-53
1699
988
1014
909
1575
561
1924
236
1602
1366
818
1094
1642
972
920
1282
1613
460
851
1937
58
1158
1720
-61
1583
1207
342
2052
270
1360
1205
676
1434
987
1255
630
1562
1032
454
2147
493
1038
1710
400
1804
488
1769
457
1037
1524
158
1455
1440
701
707
1916
372
1080
1204
961
1273
891
1119
1390
626
1198
1097
867
1195
952
1360
695
1216
998
735
1403
682
894
1462
731
956
1645
76
1580
1010
461
1784
1083
113
2305
468
324
2139
535
634
2009
406
1342
830
986
1113
665
1338
968
851
1024
1053
852
1156
726
1414
782
933
1276
573
1363
301
2009
-144
1912
453
812
1652
90
1470
1140
304
1533
976
637
1511
989
932
955
1617
259
1572
1242
453
513
2621
-989
1488
2325
-1414
2616
802
-114
2476
116
570
2682
-595
1312
1749
56
929
1775
66
1022
1649
389
944
1616
144
1094
1520
24
1611
631
838
1481
457
671
1826
93
1257
1255
614
1233
505
1892
114
1011
1717
177
1069
1686
-144
2021
489
1258
530
1284
619
828
1569
44
1778
549
1026
1069
565
1770
44
1653
990
398
1078
1389
162
1667
421
950
1314
238
1893
268
1169
662
1642
-267
1983
682
781
767
1793
-259
1525
1151
421
1022
1641
-394
1874
784
343
1322
1351
206
1006
1569
423
570
2252
118
688
2123
382
329
2295
-198
780
2092
-208
1282
1517
-57
1285
1028
353
935
969
1546
-831
2937
-594
1353
1359
446
967
1462
406
894
1736
-289
1564
1352
-375
2307
38
992
1288
164
1778
-153
1800
218
1329
645
734
1308
141
1529
590
849
1050
972
259
1499
985
-164
2075
510
324
1816
345
1277
361
1195
909
589
1243
595
1108
749
759
1131
511
1007
901
710
690
1323
33
1408
914
351
1454
623
693
1181
562
1380
163
2106
0
1176
1199
531
1118
797
725
1274
266
846
1611
-598
2238
-277
1205
861
484
903
945
705
372
1775
-377
1940
39
1158
953
742
791
1151
909
354
1697
603
84
2228
-341
1678
372
1080
644
842
521
1136
583
373
1574
87
1380
59
1622
15
1183
931
594
607
1306
110
1344
722
1164
47
2175
-225
1033
1524
-397
2157
-245
1578
-57
1779
-264
1595
291
1049
1021
-253
2099
-208
725
1488
147
913
1148
287
1310
517
1064
550
1239
330
1230
558
863
1247
3
1586
616
493
755
1502
-308
1596
393
723
708
798
599
893
821
669
527
1353
526
571
1581
487
703
800
1596
-330
1407
1008
172
945
1337
-224
1636
241
1189
312
980
1048
-298
1987
-248
1052
593
767
664
878
644
838
705
736
823
524
1109
635
697
605
1202
77
1176
436
1160
222
1076
449
601
1030
88
1357
81
1184
280
757
936
364
773
1300
-303
1188
887
351
204
2544
-1153
1340
1621
-998
1671
785
91
1092
811
190
823
620
708
475
671
928
448
187
1508
125
587
1023
623
284
825
527
561
733
883
263
1526
-280
1083
331
798
564
639
1019
71
1171
151
697
852
159
743
698
725
476
880
215
1306
-189
946
899
516
690
664
918
88
1361
-144
1086
536
468
520
938
-20
800
882
-264
2166
-527
198
2235
-1199
1311
814
77
934
39
1362
-249
1008
463
662
750
70
1553
66
460
1366
-390
1168
221
823
306
706
683
133
880
161
1133
-5
974
470
752
326
793
460
626
877
-39
1265
436
-234
1947
-580
1185
647
305
511
1159
-108
735
1005
195
90
1175
616
-606
2019
-209
384
1202
-25
522
1128
-161
1234
-38
917
373
858
284
1030
573
20
1537
226
349
1562
-256
869
1199
-611
1184
684
-256
1409
146
502
1041
-64
1006
776
-173
1117
608
327
629
588
720
345
658
808
393
661
810
732
577
164
1442
-288
441
1653
-655
817
1154
-256
1009
421
862
244
780
1002
-201
1054
1239
-705
1711
823
-484
1512
288
700
299
963
834
-130
1802
-436
1011
653
-17
888
469
1097
-257
1082
644
-39
1086
630
194
1119
-271
1346
655
-357
1634
190
35
1293
305
135
1373
477
-76
1594
-64
379
1270
95
653
763
374
868
535
161
924
542
192
991
373
300
1045
250
545
582
652
318
937
507
549
556
707
604
237
645
1038
-113
1416
143
298
1225
-253
1151
357
489
570
834
98
840
458
258
648
1225
-399
1069
737
1
1023
338
570
529
578
74
1850
-751
1216
796
-269
995
432
656
238
895
48
750
1099
-442
1228
422
496
340
888
410
726
109
980
802
-762
1902
-300
848
262
913
166
527
566
424
756
154
796
880
-212
1162
460
-107
1616
-153
733
641
474
500
129
1444
-259
506
905
223
323
1197
228
459
1023
-31
732
757
59
799
728
110
618
881
160
427
997
-18
342
1040
51
842
247
1003
236
694
429
716
-101
1283
150
415
813
132
865
307
655
255
619
294
941
-190
800
929
-617
1564
102
169
1117
109
708
398
609
392
615
807
-242
1338
-53
425
788
465
287
556
976
-166
880
536
82
780
321
649
70
871
323
-35
1443
-648
1369
141
-39
1323
-270
1032
293
695
575
-150
1281
-389
1310
-46
558
966
-180
757
450
289
397
706
7
986
-53
777
468
452
99
866
474
130
453
1313
-473
689
971
-375
631
784
-14
721
789
-119
447
871
-212
677
710
-168
1198
-145
827
476
166
951
149
438
563
476
257
1208
229
371
799
560
-285
1061
493
-169
1094
583
-173
768
776
-616
1089
404
10
730
286
1159
-284
747
537
380
383
258
1325
-417
887
744
18
713
574
438
399
1060
-130
705
1103
-384
1003
358
414
287
312
907
-271
1042
227
546
403
260
935
-150
908
557
240
867
254
545
506
507
818
159
820
310
553
486
415
664
15
1036
-149
645
514
179
625
264
301
356
1059
-297
932
470
375
524
574
812
41
979
572
283
903
214
793
244
678
579
42
595
1047
-322
793
951
-334
647
887
107
434
1107
-270
1195
-37
580
848
-179
853
692
91
404
1171
-316
726
857
268
175
855
508
66
707
807
-298
1020
301
501
536
370
991
8
698
436
451
218
1036
-52
402
1046
-270
1018
329
358
628
49
1181
-213
749
508
349
624
528
165
780
388
21
949
502
-195
1029
421
-51
1004
186
217
1001
162
223
1088
-70
508
433
609
226
475
607
126
629
-9
952
145
381
859
159
179
817
282
201
870
144
196
660
602
-206
1039
13
734
340
425
691
172
500
350
286
460
814
-159
933
473
-231
935
188
372
110
946
254
-58
1121
41
81
1093
-166
319
902
-446
875
605
-199
553
689
-190
557
809
-140
459
1056
-52
87
1378
-459
325
1018
194
-337
1064
637
-501
1184
314
-139
273
585
235
210
441
695
82
345
600
418
-319
919
449
-324
1166
-122
320
664
150
382
330
205
482
314
344
560
-128
877
103
171
595
137
278
543
333
325
56
516
528
-143
543
267
453
-233
815
371
-181
727
235
371
324
111
731
543
-352
817
296
-165
321
886
-321
707
282
345
416
30
393
213
705
-139
922
189
-51
560
234
-17
691
201
-83
629
308
86
263
715
56
219
272
697
-463
777
580
-217
662
762
-302
556
743
-318
495
930
-100
235
745
-131
350
267
234
207
445
386
-202
1112
-95
-112
1060
-311
560
301
410
457
434
-130
633
188
50
435
758
-393
843
189
-161
908
43
129
457
349
-88
429
392
-231
832
-133
570
215
165
533
89
472
438
439
-28
787
74
42
840
-261
549
379
245
317
423
105
101
727
62
26
867
94
297
556
5
75
640
-2
78
924
-49
309
375
356
86
84
670
283
78
586
177
317
220
196
334
145
363
572
-422
853
646
-551
949
199
14
356
411
80
615
129
87
647
193
26
502
224
15
367
406
111
486
-2
432
184
188
173
604
-39
44
1081
-623
670
535
-415
613
333
139
295
777
-57
197
871
-343
475
452
157
60
448
432
-110
119
677
46
-43
934
-1
-33
494
161
-11
96
802
-158
-65
756
107
127
374
676
-253
146
609
-39
161
378
421
-162
682
334
76
180
295
404
-200
449
490
-293
448
702
-258
182
761
-100
-158
1287
-208
-29
758
327
-384
362
776
-663
435
808
-486
139
802
-77
-93
737
97
-49
661
235
185
467
244
216
65
490
222
82
357
767
-179
184
736
-381
642
273
39
343
333
219
293
503
-10
298
279
53
505
-72
626
567
-105
436
619
-2
235
413
