-13
-13
-13
-13
-13
-12
-12
-11
-12
-15
-16
-16
-16
-15
-15
-15
-15
-16
-17
-15
-15
-14
-13
-13
-13
-14
-14
-14
-12
-10
-10
-10
-11
-11
-11
-9
-11
-11
-13
-13
-13
-12
-12
-11
-11
-10
-10
-12
-12
-12
-13
-11
-12
-11
-9
-7
-6
-8
-8
-10
-9
-8
-7
-7
-7
-7
-7
-6
-10
-12
-12
-10
-10
-8
-8
-8
-8
-10
-8
-8
-7
-7
-4
-4
-5
-5
-6
-4
-3
-1
-2
-3
-5
-4
-4
-4
-5
-7
-7
-6
-5
-5
-5
-6
-7
-6
-6
-5
-6
-5
-6
-7
-8
-8
-8
-6
-5
-5
-5
-6
-6
-7
-7
-7
-7
-6
-8
-8
-7
-7
-7
-7
-7
-7
-6
-6
-7
-8
-6
-5
-4
-5
-6
-6
-6
-6
-5
-4
-4
-5
-5
-6
-7
-8
-9
-9
-9
-9
-9
-10
-10
-12
-14
-14
-16
-15
-13
-13
-15
-15
-16
-16
-17
-17
-16
-16
-15
-14
-14
-15
-17
-17
-17
-17
-17
-16
-14
-15
-15
-14
-12
-11
-12
-11
-12
-12
-13
-15
-15
-14
-14
-12
-11
-11
-10
-12
-12
-14
-15
-12
-10
-10
-10
-11
-12
-13
-12
-11
-10
-10
-9
-8
-9
-6
-6
-5
-5
-6
-7
-6
-5
-5
-5
-5
-4
-4
-4
-4
-4
-4
-6
-7
-6
-5
-4
-4
-4
-5
-5
-5
-6
-6
-6
-7
-8
-9
-9
-8
-9
-9
-10
-8
-8
-8
-7
-6
-6
-4
-3
-3
-2
-3
-5
-5
-5
-4
-2
-2
-3
-3
-3
-2
-2
-3
-3
-4
-5
-5
-5
-5
-5
-6
-6
-7
-6
-8
-9
-9
-8
-7
-9
-10
-10
-11
-11
-11
-11
-10
-10
-11
-8
-7
-6
-6
-7
-8
-7
-8
-7
-7
-8
-8
-9
-10
-10
-9
-8
-7
-9
-8
-8
-8
-6
-7
-7
-7
-8
-6
-6
-5
-6
-4
-3
-4
-4
-3
-2
-3
-2
-4
-4
-6
-6
-6
-7
-8
-8
-8
-6
-7
-8
-7
-5
-6
-6
-6
-5
-3
-3
-2
-2
-3
-3
-4
-4
-4
-3
-4
-5
-6
-8
-8
-8
-8
-8
-6
-8
-8
-8
-6
-5
-5
-4
-4
-5
-4
-3
-3
-3
-6
-8
-6
-5
-3
-2
-1
-3
-6
-5
-4
-4
-5
-6
-6
-8
-6
-7
-9
-8
-8
-9
-9
-10
-9
-8
-9
-9
-10
-10
-10
-10
-9
-9
-11
-12
-13
-13
-13
-13
-11
-12
-13
-12
-13
-11
-9
-9
-10
-10
-10
-10
-9
-9
-7
-6
-7
-6
-5
-6
-4
0
0
0
0
-2
-1
0
0
1
1
2
2
1
1
2
3
3
3
1
0
-1
-1
-1
-1
-2
-2
-2
-2
-1
-2
-3
-4
-4
-3
-3
-4
-5
-4
-5
-5
-4
-2
-3
-2
-3
-3
-4
-4
-4
-3
-2
-4
-5
-5
-6
-7
-6
-5
-6
-4
-5
-4
-4
-6
-5
-6
-5
-5
-6
-8
-8
-7
-5
-4
-4
-5
-7
-6
-5
-4
-5
-7
-9
-9
-9
-9
-8
-9
-8
-7
-8
-10
-12
-14
-14
-15
-17
-18
-18
-20
-19
-19
-20
-20
-20
-21
-20
-18
-16
-15
-15
-15
-14
-14
-13
-13
-12
-12
-12
-14
-15
-15
-13
-13
-14
-15
-18
-21
-21
-20
-20
-19
-18
-17
-14
-12
-12
-13
-14
-14
-15
-14
-15
-16
-15
-14
-13
-13
-14
-14
-14
-14
-15
-15
-16
-17
-16
-16
-19
-20
-19
-19
-20
-20
-20
-19
-18
-17
-16
-18
-18
-18
-19
-19
-19
-17
-16
-17
-18
-18
-18
-18
-17
-16
-17
-18
-19
-19
-19
-19
-17
-16
-15
-14
-15
-17
-16
-15
-14
-13
-14
-14
-15
-15
-14
-16
-18
-18
-18
-19
-20
-21
-22
-22
-22
-22
-21
-21
-22
-20
-20
-19
-20
-22
-23
-24
-25
-25
-25
-25
-25
-23
-22
-21
-22
-22
-22
-24
-23
-20
-21
-22
-22
-22
-23
-21
-22
-22
-22
-22
-22
-20
-19
-19
-21
-22
-23
-23
-23
-25
-24
-24
-23
-23
-23
-23
-22
-21
-22
-22
-24
-24
-23
-24
-24
-24
-24
-23
-22
-22
-21
-25
-26
-25
-24
-24
-25
-25
-26
-26
-25
-23
-24
-22
-21
-20
-19
-19
-20
-21
-22
-21
-21
-21
-20
-20
-20
-21
-21
-21
-20
-21
-21
-21
-22
-23
-21
-21
-20
-19
-21
-24
-24
-23
-21
-19
-19
-18
-19
-19
-19
-19
-19
-17
-17
-17
-18
-19
-19
-20
-19
-18
-17
-17
-17
-18
-19
-19
-17
-18
-17
-17
-17
-16
-14
-15
-14
-15
-14
-14
-12
-12
-11
-12
-13
-15
-16
-16
-16
-15
-16
-16
-17
-17
-16
-16
-17
-17
-17
-16
-14
-15
-15
-14
-13
-13
-13
-12
-11
-10
-10
-10
-11
-10
-10
-10
-12
-11
-12
-13
-11
-12
-12
-13
-12
-12
-13
-13
-15
-14
-14
-13
-12
-9
-9
-11
-12
-14
-13
-10
-12
-11
-13
-14
-17
-15
-14
-15
-15
-18
-18
-17
-17
-17
-16
-17
-16
-17
-17
-15
-14
-12
-13
-13
-12
-12
-10
-10
-12
-12
-13
-13
-12
-11
-13
-12
-11
-11
-10
-11
-12
-11
-10
-9
-9
-9
-9
-9
-8
-7
-7
-6
-7
-5
-5
-5
-5
-3
-3
-3
-2
-3
-2
-2
-3
-3
-2
-2
-2
1
1
-1
1
0
0
0
0
1
1
2
1
2
2
2
2
1
0
2
2
2
1
0
-1
-3
0
0
0
-1
-2
-3
-4
-3
-3
-4
-5
-6
-6
-5
-5
-4
-2
-3
-3
-2
-3
-3
0
-1
-1
-1
-1
-1
-1
-1
0
-1
-2
-2
-2
-2
-2
-2
-3
-3
-2
-2
-1
2
2
1
0
0
-1
0
0
-1
-2
-2
-3
-2
-2
-4
-5
-5
-5
-5
-7
-6
-7
-7
-5
-5
-6
-5
-4
-5
-3
-3
-5
-5
-4
-5
-5
-5
-6
-6
-7
-8
-7
-6
-5
-4
-5
-7
-8
-8
-8
-7
-7
-6
-5
-4
-5
-4
-4
-1
0
1
1
1
0
2
1
1
2
2
1
1
0
-2
-2
-2
-3
-2
-2
-4
-5
-5
-5
-5
-4
-5
-7
-7
-7
-6
-7
-7
-8
-7
-8
-7
-8
-7
-8
-7
-6
-5
-5
-7
-9
-10
-8
-7
-8
-8
-10
-8
-10
-10
-9
-6
-5
-6
-6
-5
-6
-7
-8
-7
-7
-7
-5
-4
-4
-4
-4
-5
-4
-4
-7
-7
-8
-8
-8
-10
-7
-7
-8
-8
-9
-8
-8
-8
-9
-10
-10
-9
-10
-8
-8
-8
-8
-5
-4
-3
-2
-2
-1
0
-1
0
-1
0
1
1
0
0
-1
-1
-1
-2
0
2
2
2
2
1
1
2
2
2
2
1
0
2
2
2
2
1
0
1
2
3
3
1
-1
0
0
-1
-1
0
-2
-1
-1
-3
-2
-2
-2
-2
-2
-2
0
1
2
3
1
2
3
2
3
1
2
3
3
2
2
2
2
3
4
2
1
1
2
2
2
1
0
-1
0
0
2
2
4
5
6
5
3
1
0
1
0
-1
-1
-2
-4
-5
-5
-4
-3
-3
-4
-5
-5
-5
-6
-6
-5
-6
-7
-7
-5
-6
-6
-7
-7
-8
-5
-4
-5
-3
-6
-4
-3
-3
-2
-3
-3
-4
-2
-3
-3
0
-1
-2
-1
-1
0
-1
-2
-1
0
0
0
0
1
-1
-2
-5
-5
-4
-4
-5
-6
-6
-8
-9
-9
-10
-8
-6
-6
-5
-6
-6
-5
-5
-5
-7
-6
-6
-5
-5
-4
-3
-2
-2
-2
-4
-5
-7
-8
-9
-10
-10
-9
-8
-8
-10
-11
-13
-13
-12
-12
-12
-12
-12
-12
-15
-16
-15
-15
-14
-14
-14
-14
-13
-15
-16
-17
-16
-15
-17
-19
-17
-18
-17
-18
-19
-19
-19
-18
-19
-18
-18
-17
-18
-18
-16
-16
-17
-18
-19
-19
-18
-17
-17
-18
-18
-19
-20
-22
-23
-24
-23
-25
-27
-26
-25
-23
-22
-23
-23
-24
-24
-26
-25
-23
-23
-24
-22
-21
-21
-20
-22
-22
-21
-20
-19
-20
-20
-19
-18
-19
-19
-21
-22
-23
-23
-25
-25
-24
-23
-22
-22
-22
-22
-20
-21
-20
-21
-20
-19
-19
-20
-18
-19
-19
-19
-20
-19
-21
-21
-21
-21
-21
-20
-23
-22
-23
-21
-19
-19
-18
-17
-17
-15
-16
-16
-17
-18
-18
-17
-18
-17
-19
-17
-16
-17
-18
-19
-21
-22
-22
-23
-22
-21
-20
-19
-22
-21
-20
-18
-17
-17
-17
-18
-18
-17
-17
-18
-18
-18
-20
-18
-17
-16
-17
-16
-17
-17
-16
-15
-13
-14
-14
-13
-13
-14
-15
-15
-14
-13
-11
-11
-14
-15
-15
-16
-16
-16
-15
-14
-13
-11
-11
-13
-11
-12
-13
-13
-11
-11
-10
-11
-11
-13
-14
-15
-15
-14
-14
-16
-17
-18
-18
-17
-18
-21
-21
-22
-20
-20
-18
-18
-20
-20
-20
-19
-20
-20
-20
-21
-21
-21
-20
-18
-18
-16
-17
-17
-18
-19
-19
-17
-17
-14
-14
-13
-12
-14
-12
-12
-11
-9
-8
-8
-7
-8
-8
-8
-8
-7
-8
-8
-7
-9
-8
-8
-11
-12
-13
-12
-10
-8
-8
-8
-7
-8
-8
-9
-8
-8
-7
-7
-9
-9
-9
-9
-7
-8
-9
-8
-7
-6
-7
-9
-10
-9
-8
-9
-9
-9
-10
-9
-9
-10
-8
-10
-12
-12
-11
-10
-9
-9
-9
-7
-9
-11
-11
-10
-11
-9
-7
-7
-6
-8
-9
-11
-12
-12
-11
-9
-9
-10
-10
-11
-12
-11
-12
-12
-10
-10
-11
-9
-8
-7
-8
-8
-7
-6
-5
-7
-9
-9
-7
-7
-6
-5
-6
-6
-5
-5
-7
-6
-7
-7
-6
-7
-7
-8
-8
-9
-10
-10
-10
-7
-4
-4
-4
-6
-8
-8
-8
-7
-7
-9
-10
-10
-9
-8
-7
-10
-11
-12
-11
-10
-9
-8
-10
-10
-10
-10
-9
-7
-6
-6
-4
-4
-4
-2
-1
-1
-3
-5
-6
-6
-4
-4
-4
-4
-4
-4
-7
-6
-7
-8
-7
-7
-4
-3
-6
-7
-8
-7
-5
-2
-2
-2
-3
-4
-4
-4
-5
-6
-7
-7
-6
-6
-7
-9
-9
-8
-7
-7
-8
-9
-10
-9
-9
-8
-8
-8
-9
-8
-7
-8
-8
-8
-8
-6
-6
-6
-6
-7
-8
-8
-8
-9
-10
-10
-12
-12
-12
-13
-12
-12
-13
-13
-14
-17
-16
-16
-15
-15
-15
-17
-19
-19
-20
-19
-19
-18
-17
-17
-18
-20
-19
-17
-16
-16
-17
-17
-14
-14
-15
-15
-14
-15
-15
-16
-17
-18
-17
-17
-18
-19
-19
-20
-21
-21
-20
-20
-21
-21
-23
-23
-22
-21
-22
-21
-22
-23
-24
-23
-24
-25
-25
-25
-26
-26
-26
-27
-26
-26
-26
-24
-25
-26
-27
-28
-27
-27
-26
-28
-28
-27
-28
-27
-28
-27
-26
-25
-23
-23
-24
-24
-23
-23
-21
-20
-20
-20
-19
-20
-20
-21
-20
-20
-19
-20
-20
-20
-19
-19
-18
-18
-20
-18
-16
-15
-14
-14
-14
-11
-10
-10
-10
-11
-11
-10
-8
-8
-8
-9
-8
-9
-10
-11
-11
-11
-10
-9
-9
-12
-12
-14
-14
-14
-14
-13
-13
-11
-11
-9
-9
-9
-9
-9
-9
-8
-7
-7
-5
-4
-5
-4
-5
-6
-8
-8
-8
-8
-9
-9
-8
-8
-10
-9
-9
-10
-9
-8
-8
-9
-11
-11
-10
-10
-9
-7
-7
-7
-8
-10
-10
-7
-6
-7
-6
-7
-9
-10
-10
-9
-8
-8
-7
-8
-7
-6
-7
-8
-8
-11
-11
-9
-8
-8
-7
-6
-6
-5
-5
-6
-7
-7
-6
-5
-6
-9
-10
-11
-11
-12
-10
-11
-11
-12
-9
-8
-8
-8
-10
-10
-10
-8
-8
-9
-11
-13
-15
-15
-14
-13
-12
-11
-11
-12
-13
-15
-16
-16
-15
-15
-15
-16
-17
-17
-16
-17
-18
-16
-14
-13
-13
-13
-14
-15
-15
-14
-13
-12
-12
-12
-13
-13
-14
-14
-14
-16
-17
-17
-18
-17
-17
-17
-16
-17
-17
-18
-19
-18
-18
-17
-18
-18
-17
-15
-14
-14
-15
-15
-16
-16
-17
-18
-18
-18
-17
-18
-18
-19
-19
-18
-20
-21
-20
-20
-20
-22
-22
-21
-21
-21
-21
-19
-19
-19
-18
-19
-17
-18
-18
-20
-20
-20
-19
-17
-16
-15
-15
-15
-15
-17
-18
-18
-19
-17
-15
-15
-14
-15
-16
-16
-15
-14
-13
-13
-13
-13
-13
-15
-14
-16
-15
-15
-14
-13
-15
-15
-13
-14
-15
-15
-16
-17
-18
-19
-20
-22
-22
-23
-21
-18
-18
-16
-16
-16
-15
-14
-13
-15
-12
-11
-10
-9
-13
-13
-13
-11
-12
-13
-12
-13
-13
-10
-11
-11
-12
-12
-13
-12
-11
-11
-11
-12
-14
-12
-10
-8
-9
-8
-9
-9
-9
-10
-10
-11
-11
-12
-12
-10
-10
-8
-7
-8
-8
-8
-7
-4
-4
-5
-5
-7
-7
-6
-6
-5
-4
-4
-6
-6
-5
-4
-1
-1
0
0
-1
0
2
2
2
4
5
6
4
3
2
2
3
3
2
2
1
1
2
2
2
2
3
4
5
5
6
8
7
5
5
6
8
9
11
11
10
12
12
12
12
11
9
9
10
10
10
9
6
6
7
7
8
7
6
6
4
4
3
3
3
4
5
6
9
10
9
9
9
8
8
7
10
11
11
10
9
8
9
9
10
8
9
8
7
9
9
8
9
11
11
10
10
9
9
11
12
11
11
12
11
12
12
10
10
10
11
10
9
12
11
10
9
6
6
7
7
11
11
11
10
10
12
11
13
11
11
10
12
13
16
17
16
15
14
14
14
13
13
12
12
10
9
8
8
7
7
6
6
10
9
8
9
7
6
8
8
8
8
9
10
10
10
10
8
8
6
7
7
9
9
9
10
10
11
11
11
9
9
7
6
6
7
9
10
11
10
9
9
11
11
12
11
11
13
13
11
10
7
6
4
3
3
2
3
4
7
7
6
6
3
3
3
3
4
3
5
6
6
6
5
3
2
3
5
7
7
6
3
3
2
4
4
4
4
1
2
3
3
5
6
5
4
4
4
8
8
7
6
4
6
8
9
8
7
6
5
4
4
2
2
3
5
5
3
2
2
1
1
2
3
4
3
3
4
2
0
1
0
3
2
1
-1
-3
-3
-2
-4
-5
-4
-2
0
1
0
0
2
1
1
0
0
1
1
1
0
-3
-3
-4
-6
-8
-9
-8
-8
-8
-8
-8
-6
-6
-5
-7
-7
-6
-6
-6
-6
-5
-4
-3
-4
-5
-4
-4
-6
-5
-4
-4
-4
-4
-7
-5
-5
-4
-6
-7
-7
-7
-8
-9
-10
-10
-9
-9
-10
-9
-7
-7
-7
-8
-11
-12
-10
-9
-8
-7
-9
-10
-10
-7
-7
-7
-7
-9
-12
-14
-14
-14
-15
-16
-15
-14
-13
-13
-12
-11
-10
-10
-10
-11
-11
-9
-6
-6
-6
-6
-4
-3
-3
-5
-10
-11
-10
-10
-10
-10
-8
-6
-5
-5
-6
-8
-7
-7
-8
-8
-8
-7
-6
-6
-5
-7
-10
-10
-11
-10
-9
-9
-9
-9
-12
-13
-14
-14
-11
-10
-9
-10
-9
-11
-12
-12
-13
-12
-11
-10
-8
-7
-7
-8
-9
-8
-10
-10
-9
-7
-7
-6
-5
-4
-6
-7
-9
-10
-8
-8
-9
-10
-10
-12
-12
-12
-12
-11
-7
-6
-5
-5
-6
-6
-6
-9
-12
-9
-9
-7
-5
-8
-7
-7
-8
-7
-6
-4
-5
-5
-6
-5
-6
-6
-8
-8
-8
-7
-7
-8
-9
-9
-9
-6
-5
-5
-4
-3
-5
-3
-3
-3
-2
-1
-1
0
-1
-1
-2
-1
0
1
2
0
-3
-4
-4
-5
-5
-5
-3
-2
0
-1
-1
-2
-5
-4
-7
-6
-5
-3
-2
0
-1
-3
-4
-5
-6
-6
-7
-6
-5
-4
-3
-1
-1
0
0
-2
-4
-4
-4
-4
-2
-2
0
0
-2
-4
-5
-6
-8
-8
-7
-7
-6
-4
-5
-5
-6
-7
-6
-6
-7
-7
-7
-6
-5
-3
-2
-3
-4
-5
-5
-6
-6
-7
-5
-6
-7
-8
-8
-6
-5
-6
-7
-7
-5
-4
-2
0
-2
-3
-2
-1
0
-1
-1
-2
1
2
2
1
-1
-1
-3
-4
-5
-3
-1
-1
-1
1
1
-1
0
-2
-3
-3
0
0
1
1
4
4
4
4
4
4
3
2
0
1
3
4
4
2
1
0
0
-1
0
1
4
5
6
4
3
2
1
1
1
2
3
4
5
4
4
2
0
-2
-1
0
-1
0
-2
-2
-2
-4
-7
-8
-7
-5
-4
-5
-5
-6
-5
-7
-8
-9
-9
-7
-4
-3
-3
-5
-7
-11
-12
-11
-13
-11
-7
-7
-4
-3
-4
-6
-7
-9
-10
-9
-6
-3
1
4
4
3
1
-1
0
-1
-3
-3
-4
-6
-7
-5
-3
-3
-3
-6
-8
-8
-8
-8
-6
-5
-4
-2
-1
-1
-3
-4
-3
-1
-1
0
-1
0
0
1
1
1
0
-2
-2
-2
0
3
4
3
-1
-2
-4
-5
-3
-2
-1
0
3
4
3
3
1
-1
-3
-4
-1
0
2
2
1
0
0
2
4
5
4
7
7
7
8
7
6
8
10
11
11
9
9
10
9
10
9
7
4
3
5
6
8
6
7
7
6
6
5
5
4
5
6
5
4
3
3
4
4
4
4
5
8
8
6
5
4
3
3
4
2
2
2
4
5
5
6
4
4
3
4
3
2
3
3
4
3
4
2
3
4
6
7
7
6
7
6
6
7
7
8
7
9
8
7
9
8
8
8
6
5
5
3
2
4
4
2
3
5
7
8
9
6
5
7
7
7
9
10
10
9
7
7
7
5
3
3
3
1
1
1
0
0
-1
-2
-2
-3
-3
-4
-1
1
3
3
1
-1
-2
-1
0
1
2
2
3
2
0
1
1
2
1
0
-1
-4
-2
0
0
-2
-4
-5
-6
-4
-3
-2
0
1
0
0
-2
-2
-3
-4
-4
-3
-2
0
-1
-1
-4
-6
-8
-7
-5
-3
-2
2
2
4
4
1
1
-2
-1
3
1
0
0
-1
1
3
2
1
0
0
0
-1
-1
-1
-2
-2
-3
-5
-6
-4
-4
-3
-3
-2
-2
-3
-4
-6
-5
-7
-6
-7
-7
-7
-5
-3
-4
-3
-3
-4
-4
-4
-3
-2
0
1
0
1
-1
-1
-2
-1
-1
-2
-2
-2
0
1
-1
-1
-1
0
-1
-1
-1
0
0
2
1
0
1
1
1
0
-3
-4
-5
-3
-1
-1
-1
-1
-2
-2
-2
-2
-2
0
1
2
3
4
2
0
0
-1
-1
1
1
1
3
5
4
3
1
0
-1
-1
-2
-2
-3
-3
-2
-2
-1
-1
0
0
1
1
0
-2
0
2
3
3
4
5
6
7
5
6
7
8
9
9
8
7
7
4
1
1
0
-1
-1
-1
-1
-1
0
-1
-2
-1
-1
-2
-2
-4
-4
-4
-5
-4
-4
-4
-4
-3
-6
-6
-4
-6
-8
-8
-9
-9
-6
-5
-4
-3
-1
-1
-2
0
0
3
6
3
3
1
0
1
1
3
5
5
6
5
4
2
2
3
3
4
3
2
4
4
3
2
3
1
0
-1
-1
0
3
4
3
2
2
4
5
7
6
6
6
6
5
4
5
6
6
6
5
8
8
8
8
6
6
6
5
5
5
4
5
5
4
5
5
6
7
6
6
7
8
10
11
11
8
8
8
9
11
12
12
13
14
13
10
11
10
11
13
13
13
12
13
11
12
11
11
12
14
12
11
12
13
14
14
13
12
14
16
15
13
13
12
12
11
12
12
12
13
11
10
10
10
11
10
10
11
11
9
9
10
11
12
14
14
14
14
14
12
11
10
10
10
12
14
15
16
16
14
13
12
12
12
14
16
14
13
13
12
13
14
12
13
14
14
14
16
16
16
17
16
15
15
16
18
19
21
20
19
18
17
13
11
9
10
11
12
11
11
12
11
11
10
10
9
7
7
11
13
14
13
13
11
9
10
8
11
12
14
15
15
16
15
14
13
12
12
12
13
14
18
19
19
18
17
15
14
15
16
17
19
21
23
23
24
22
18
16
14
15
18
20
22
21
19
18
17
15
15
16
18
20
23
22
21
20
20
21
21
21
21
22
23
23
23
22
22
21
18
17
17
19
21
23
25
23
23
22
22
22
22
22
23
23
23
22
21
21
19
16
15
13
13
15
18
18
19
19
17
14
13
13
16
22
25
28
29
30
29
27
27
26
26
25
25
27
27
27
26
25
25
23
24
24
25
24
24
24
25
24
25
27
27
27
28
29
32
33
32
31
30
30
29
28
27
26
24
23
22
21
22
23
21
21
21
21
20
20
18
18
15
16
20
21
22
22
22
20
21
22
22
23
23
20
23
23
24
24
25
23
22
22
23
24
27
28
26
27
27
27
29
29
29
30
30
31
30
28
27
25
23
22
22
21
22
22
23
22
23
22
21
19
21
20
20
22
22
23
22
20
19
18
19
21
20
20
19
19
19
19
19
19
19
19
18
18
17
19
19
18
18
16
15
15
13
12
12
12
12
14
15
17
18
17
16
14
14
15
17
15
15
14
12
12
11
9
9
10
10
10
9
11
11
11
10
9
9
11
13
13
14
15
16
15
15
14
14
14
13
13
13
13
13
13
12
10
11
12
12
11
9
9
9
9
9
8
9
9
7
8
7
8
5
2
1
2
4
6
8
10
8
10
7
6
6
7
6
5
5
5
7
9
8
6
3
1
0
0
0
1
3
3
3
1
0
1
0
0
-1
-1
-1
3
2
3
3
0
-2
-3
-4
-5
-5
-5
-5
-4
-2
-1
-2
-2
-5
-6
-7
-8
-5
-4
-4
-5
-4
-3
-2
-3
-3
-6
-7
-8
-7
-6
-5
-7
-10
-10
-10
-12
-12
-12
-12
-11
-9
-9
-10
-10
-13
-14
-12
-10
-10
-8
-6
-6
-5
-5
-6
-8
-5
-4
-5
-4
-3
-3
-4
-3
-1
0
2
2
0
-1
-1
-1
0
1
2
2
4
2
1
2
0
-1
-1
0
4
5
6
7
5
2
0
1
1
1
3
3
6
5
6
6
6
5
6
5
5
6
8
11
13
13
10
11
9
9
9
9
11
13
12
11
9
9
10
11
9
7
7
7
8
8
7
5
5
6
7
7
6
4
4
4
6
6
6
5
5
6
6
7
9
12
14
13
12
11
9
9
7
4
5
8
11
12
13
11
7
5
5
3
2
2
4
5
5
7
8
6
4
3
3
3
5
6
9
8
8
6
6
5
6
6
6
6
6
7
7
8
8
7
6
8
9
12
12
13
15
16
18
19
19
17
17
17
18
18
18
17
17
17
18
17
18
19
18
17
18
20
20
18
15
13
12
14
15
16
17
17
19
18
17
20
21
19
19
16
16
17
19
19
19
18
16
17
18
16
18
17
16
17
17
17
19
20
21
20
20
20
21
23
21
20
22
19
18
17
18
17
17
17
17
18
20
18
15
15
13
12
13
13
15
15
17
16
15
17
18
21
22
23
22
22
23
20
19
17
17
16
15
15
14
14
13
14
13
12
11
8
5
4
4
5
6
6
7
9
9
8
8
9
10
10
11
9
8
7
6
6
7
7
9
8
9
10
11
11
9
7
3
5
7
9
9
10
11
11
13
12
11
10
8
8
9
10
8
8
8
8
5
6
8
9
11
10
10
9
9
8
8
7
6
4
5
8
10
12
9
8
8
7
9
9
9
7
7
7
5
5
2
1
3
3
3
2
1
-1
-1
-1
-2
-3
-3
-3
-3
-4
-3
-2
-4
-5
-5
-5
-5
-3
-3
-2
-1
-2
-2
-1
0
1
2
3
3
3
3
2
2
4
3
4
3
1
-1
-1
-2
-2
-2
-1
-1
-2
-3
-4
-5
-5
-5
-5
-2
0
1
1
2
3
2
3
4
4
4
6
6
5
4
1
0
1
2
1
4
7
10
8
7
6
5
6
4
3
2
3
1
-1
1
4
5
5
4
3
2
1
2
3
5
6
5
4
4
3
5
7
6
8
8
7
8
8
5
3
3
1
1
2
3
4
5
7
8
7
5
3
3
4
3
6
7
9
10
9
8
8
10
9
11
12
11
10
8
8
7
8
7
6
6
6
8
9
11
11
8
5
5
6
6
7
6
8
10
13
14
13
13
15
15
14
14
14
17
19
18
15
12
10
8
11
11
11
14
15
15
14
13
12
11
11
13
15
16
18
17
16
15
15
14
14
15
16
16
17
17
17
18
16
15
15
16
15
14
14
14
13
14
12
10
7
7
6
6
9
7
8
7
8
7
7
7
6
8
10
12
12
12
11
11
11
11
10
10
11
12
13
13
11
10
9
9
8
7
6
8
7
7
7
5
5
3
3
5
6
8
9
10
8
7
6
3
4
6
9
11
12
11
10
8
7
7
7
5
7
8
8
9
9
10
8
9
8
9
9
8
7
7
8
8
7
8
7
8
7
7
4
5
7
8
7
6
6
5
3
2
2
3
3
1
1
0
0
0
0
-1
0
1
0
1
3
3
3
3
3
3
4
5
4
2
3
4
6
7
7
6
5
6
5
5
5
5
6
6
6
8
8
7
6
8
7
6
5
5
5
6
7
7
7
6
6
5
5
5
5
5
4
5
7
7
7
7
7
5
6
8
10
11
12
13
11
11
11
10
10
9
6
4
5
6
5
6
5
4
2
-1
-1
-1
0
-1
-2
-3
-6
-5
-3
0
1
1
1
2
3
5
5
6
7
8
8
9
7
5
5
4
3
1
2
4
4
2
2
-1
-2
-1
-1
-1
1
2
2
2
1
-1
-1
-1
-2
-2
-1
-2
3
-3
-2
-2
-7
-3
-5
-3
-5
-3
-6
-2
-3
-2
-4
-3
-1
-2
0
-1
2
2
6
4
4
3
2
3
2
6
6
9
9
6
5
2
3
1
0
-2
-2
-2
-1
-1
-2
-2
-3
-4
-3
-3
-1
0
2
3
3
3
3
4
5
6
7
8
8
7
7
7
8
8
9
8
7
6
5
4
5
5
5
6
8
10
9
10
9
7
7
8
8
9
10
10
11
10
11
10
10
11
11
10
10
10
10
9
9
9
10
11
11
10
12
13
14
14
14
14
15
14
16
19
18
17
19
18
17
17
16
14
15
15
14
13
13
14
15
13
12
14
14
15
16
15
15
16
18
20
22
23
23
24
23
23
23
22
23
22
23
22
21
20
21
22
21
22
20
20
21
22
23
23
22
19
19
21
20
21
20
20
20
21
20
20
21
20
19
17
17
16
17
17
18
17
17
18
18
19
21
20
19
16
16
17
20
20
19
17
15
14
15
16
16
17
17
14
13
11
11
12
13
14
12
11
10
10
10
9
9
9
8
9
8
8
8
9
10
9
10
9
7
9
10
11
11
11
11
11
12
12
11
10
10
9
11
13
12
11
10
9
10
10
10
11
11
8
8
8
9
8
7
6
4
4
6
6
7
8
6
6
6
4
3
2
3
4
4
5
5
5
7
8
9
7
7
8
7
7
8
7
8
8
7
6
6
5
5
5
3
5
5
7
10
9
9
7
7
6
7
8
9
8
9
9
10
8
8
9
7
6
5
2
2
3
5
6
5
5
5
4
4
3
3
4
4
4
5
4
4
4
5
4
3
3
3
0
0
1
1
0
1
0
-1
0
0
-1
0
1
0
0
0
0
2
1
1
2
3
4
6
5
4
3
3
3
3
4
4
2
2
2
3
5
5
4
4
5
3
4
5
7
5
5
5
7
9
9
8
7
6
6
4
5
4
5
3
2
2
3
4
3
1
0
-1
-1
0
1
2
2
2
3
5
5
6
6
7
7
8
10
9
9
9
8
8
7
7
8
7
7
7
7
8
9
7
7
5
4
6
9
10
10
11
11
13
12
12
11
11
13
14
15
16
14
14
14
15
14
14
15
15
15
13
13
12
11
12
11
12
12
12
11
12
11
10
10
10
11
11
11
12
13
13
12
10
10
11
12
11
10
7
5
6
6
6
5
6
7
7
7
7
7
6
6
5
7
8
9
9
9
9
10
11
12
11
13
12
11
9
8
9
9
9
10
9
9
10
10
10
10
8
8
9
9
9
9
9
9
8
7
8
9
10
9
9
9
9
10
10
10
11
12
11
13
12
12
12
12
12
12
11
12
13
13
14
14
13
12
11
11
14
13
14
13
11
10
11
10
10
11
10
10
9
10
9
10
12
10
9
9
9
10
11
11
11
12
14
14
14
15
15
15
15
14
12
12
12
12
11
11
9
9
10
10
11
9
8
7
5
7
7
8
9
9
9
7
7
7
5
6
5
4
3
2
2
2
2
2
3
1
2
2
3
2
2
2
1
2
3
2
1
1
2
3
2
3
4
6
7
6
4
1
2
3
3
4
3
4
6
5
6
5
6
6
8
6
6
7
7
7
6
5
4
6
7
6
3
1
0
1
1
1
0
0
1
-1
0
0
-1
0
0
1
-1
-1
0
-1
0
-2
-2
-2
-3
-4
-5
-7
-8
-8
-8
-8
-8
-10
-9
-10
-9
-11
-9
-9
-10
-9
-9
-10
-7
-7
-8
-9
-10
-12
-12
-10
-8
-8
-10
-12
-12
-11
-11
-11
-11
-11
-9
-10
-11
-13
-14
-14
-12
-11
-11
-11
-13
-12
-11
-11
-11
-10
-9
-9
-7
-8
-8
-9
-8
-8
-8
-7
-7
-7
-7
-6
-7
-6
-6
-8
-8
-8
-9
-6
-6
-6
-7
-9
-9
-9
-8
-7
-8
-9
-11
-9
-9
-10
-10
-8
-8
-9
-10
-9
-9
-8
-6
-7
-8
-8
-7
-6
-7
-7
-9
-7
-6
-7
-7
-7
-7
-7
-6
-6
-6
-7
-7
-6
-6
-5
-4
-4
-4
-3
-3
-3
-5
-5
-7
-6
-5
-5
-4
-5
-7
-6
-7
-5
-5
-5
-6
-8
-7
-5
-6
-5
-5
-7
-7
-7
-5
-4
-5
-4
-3
-3
-2
-2
-1
-1
-2
-2
-2
-3
-4
-3
-4
-5
-6
-5
-4
-4
-4
-3
-4
-4
-2
-3
-3
-3
-3
-3
-2
-2
-1
-1
-1
-1
-2
-1
-1
-1
-2
-2
0
0
1
3
2
2
0
2
5
8
9
8
6
5
6
8
10
10
11
9
9
9
9
9
8
7
7
7
8
8
7
5
3
2
3
4
3
1
1
0
2
4
2
1
2
2
3
3
4
3
3
4
5
4
4
2
3
5
5
5
4
3
4
4
3
3
2
3
5
6
4
4
3
4
5
4
4
4
4
5
4
3
3
4
3
2
2
3
3
5
4
4
5
4
2
2
2
2
3
5
4
6
4
3
5
6
7
6
5
4
5
5
5
5
4
4
3
4
4
4
4
4
4
6
7
6
4
3
2
3
4
5
4
2
3
4
5
4
5
5
6
6
5
5
6
6
7
6
6
6
7
7
7
6
5
3
3
2
2
3
2
0
0
1
0
-1
-2
1
0
1
-1
-3
-3
-3
-3
-3
-5
-6
-5
-5
-4
-5
-5
-6
-6
-6
-7
-7
-6
-6
-6
-6
-8
-7
-7
-7
-8
-7
-7
-5
-6
-5
-6
-5
-4
-6
-6
-4
-5
-5
-7
-8
-8
-6
-6
-6
-6
-6
-5
-4
-5
-7
-7
-7
-5
-5
-4
-3
-3
-3
-4
-4
-5
-3
-2
-1
-3
-4
-4
-5
-3
-3
-3
-5
-5
-6
-6
-6
-7
-6
-8
-8
-9
-9
-11
-11
-13
-15
-14
-12
-12
-12
-13
-13
-13
-14
-14
-14
-15
-14
-13
-12
-13
-14
-16
-15
-14
-14
-12
-13
-13
-12
-10
-11
-11
-9
-9
-7
-9
-9
-9
-9
-8
-7
-7
-7
-8
-7
-8
-8
-9
-9
-8
-7
-7
-8
-9
-7
-7
-7
-6
-5
-5
-4
-4
-6
-4
-3
-4
-6
-4
-4
-1
-1
-2
-2
-4
-4
-4
-2
-2
-3
-3
-5
-4
-4
-4
-3
-4
-4
-6
-6
-7
-6
-7
-8
-9
-8
-6
-6
-6
-8
-9
-10
-9
-9
-8
-6
-8
-9
-10
-9
-7
-6
-6
-7
-8
-7
-7
-7
-6
-6
-5
-5
-4
-4
-5
-4
-4
-3
-3
-2
0
-2
-4
-4
-4
-3
-1
1
0
0
-1
1
1
0
-1
-1
-1
0
2
3
4
3
2
0
1
2
2
0
0
0
0
0
0
-1
0
0
0
0
1
1
3
5
4
4
5
4
6
7
7
8
8
7
7
5
5
7
8
9
9
8
8
9
11
11
10
11
9
9
10
11
11
11
12
12
13
13
13
13
13
14
14
15
15
15
15
13
13
11
11
11
10
9
9
10
10
10
9
8
9
9
9
10
9
9
11
9
9
9
10
9
9
8
8
7
7
6
6
6
5
5
5
5
3
4
3
5
6
7
8
8
7
6
6
5
4
4
4
1
1
2
1
1
2
2
2
3
3
4
5
6
5
4
5
4
3
2
3
5
5
6
5
5
2
4
5
5
4
5
4
4
7
8
10
8
10
9
7
7
7
7
6
5
5
4
4
2
1
0
-1
1
1
0
-1
-1
-1
-1
-3
-2
-2
-3
-3
-4
-4
-4
-5
-3
-3
-3
-1
2
2
1
0
-1
-1
-1
0
1
1
1
3
1
0
0
1
1
-1
0
0
0
0
-1
-1
-2
0
-1
-2
-1
0
0
1
0
1
1
1
0
-1
-2
-1
-1
0
0
1
0
0
1
1
1
1
2
2
2
2
0
-2
-3
-2
0
1
3
1
0
-1
-2
-3
-1
-4
-4
-4
-3
-3
-3
-2
-5
-5
-3
-3
-2
-2
-2
-1
-2
-3
-1
-1
-1
0
-1
-1
0
0
0
-1
0
1
1
0
-1
-2
-1
-1
-1
-1
0
0
1
1
0
1
2
3
2
0
2
3
3
4
4
3
5
4
3
2
3
3
4
4
3
3
2
2
2
1
1
0
1
1
2
1
-1
-2
-5
-5
-5
-6
-6
-7
-8
-8
-7
-8
-9
-10
-9
-10
-12
-13
-12
-12
-12
-12
-14
-14
-15
-14
-14
-12
-12
-12
-12
-12
-13
-12
-10
-9
-10
-9
-10
-12
-11
-11
-11
-11
-10
-8
-8
-7
-9
-9
-9
-10
-11
-12
-12
-10
-10
-11
-12
-14
-13
-12
-12
-12
-14
-12
-13
-12
-12
-11
-10
-10
-11
-12
-12
-10
-10
-8
-9
-9
-9
-9
-8
-10
-8
-9
-11
-11
-10
-8
-9
-8
-8
-8
-8
-8
-8
-8
-7
-8
-8
-8
-8
-9
-11
-12
-12
-12
-10
-10
-11
-12
-11
-10
-10
-9
-11
-10
-12
-11
-10
-10
-12
-11
-10
-10
-10
-11
-10
-10
-10
-10
-10
-8
-8
-9
-10
-10
-9
-9
-11
-11
-13
-13
-14
-14
-13
-15
-15
-16
-15
-15
-15
-17
-19
-19
-19
-17
-17
-19
-22
-21
-20
-21
-20
-22
-22
-22
-21
-21
-22
-20
-20
-20
-21
-20
-19
-22
-21
-22
-22
-22
-22
-23
-23
-23
-22
-23
-21
-22
-21
-23
-25
-25
-25
-23
-24
-23
-23
-23
-25
-25
-27
-28
-28
-27
-26
-27
-27
-28
-26
-25
-27
-27
-29
-29
-28
-31
-31
-30
-28
-27
-27
-28
-29
-30
-30
-29
-30
-29
-30
-29
-31
-30
-31
-33
-33
-33
-33
-34
-35
-36
-37
-35
-35
-35
-36
-36
-38
-36
-35
-35
-37
-37
-35
-36
-36
-37
-38
-37
-35
-35
-38
-39
-37
-38
-37
-38
-38
-39
-39
-41
-39
-40
-38
-38
-38
-39
-39
-40
-39
-39
-42
-43
-44
-47
-45
-42
-44
-46
-46
-48
-48
-49
-48
-48
-46
-45
-45
-47
-46
-43
-44
-42
-42
-42
-42
-42
-43
-42
-40
-41
-42
-41
-40
-41
-41
-42
-41
-43
-42
-42
-44
-44
-42
-41
-40
-40
-41
-43
-45
-47
-44
-44
-44
-45
-47
-46
-47
-44
-44
-43
-43
-43
-44
-45
-46
-47
-47
-47
-45
-43
-44
-44
-45
-44
-44
-44
-44
-47
-46
-45
-46
-44
-43
-41
-42
-42
-42
-44
-42
-43
-43
-44
-44
-44
-45
-44
-46
-46
-46
-45
-44
-44
-45
-45
-44
-46
-42
-42
-39
-38
-38
-39
-38
-38
-37
-39
-38
-41
-38
-36
-35
-35
-37
-35
-34
-32
-32
-28
-31
-32
-30
-33
-31
-34
-26
-33
-23
-32
-24
-30
-30
-27
-29
-26
-29
-24
-28
-24
-25
-26
-24
-21
-19
-22
-21
-26
-18
-24
-20
-16
-24
-13
-24
-13
-25
-10
-23
-12
-23
-17
-20
-14
-24
-12
-20
-19
-18
-22
-12
-20
-13
-19
-13
-20
-13
-18
-14
-17
-11
-14
-12
-13
-11
-15
-10
-14
-8
-10
-10
-10
-12
-6
-12
-3
-10
-1
-11
-5
-7
-8
-2
-13
2
-7
-1
-5
-3
0
-1
-1
-4
-2
-5
2
-5
-2
-5
-5
-1
-3
-2
-4
0
-7
0
-4
-1
2
4
1
1
0
-3
3
1
2
0
1
-6
5
-1
4
1
-1
2
-2
3
-6
1
-2
-4
2
-2
-1
1
-5
0
-1
-1
-1
1
-3
2
-1
1
-1
-3
-1
-3
0
3
1
6
0
3
0
0
6
7
6
5
7
6
8
5
7
7
8
8
9
12
11
10
11
11
10
12
12
12
13
11
9
7
6
8
7
6
8
6
4
3
3
3
0
2
2
0
0
-2
-4
2
-2
2
2
-1
1
-1
-5
-1
-1
-3
0
-5
-4
-6
-3
-5
-1
-4
-4
0
-2
-2
-3
-1
-2
2
0
5
1
5
2
5
5
2
7
2
7
3
8
4
7
5
7
8
8
9
6
8
6
7
7
9
8
10
9
8
7
6
8
7
8
9
9
8
6
5
4
5
5
5
4
0
2
-2
-1
0
-4
-3
-5
-5
-4
-5
-7
-6
-9
-9
-9
-9
-10
-8
-11
-10
-9
-9
-7
-9
-10
-10
-10
-12
-11
-15
-10
-12
-11
-16
-15
-16
-15
-13
-14
-15
-17
-15
-17
-13
-14
-13
-12
-12
-11
-9
-10
-7
-7
-5
-4
-8
-5
-5
0
-2
-1
-4
1
-1
2
1
1
2
5
3
3
5
3
6
3
1
-1
2
2
1
0
-4
-2
-5
-4
-7
-7
-9
-12
-15
-19
-15
-21
-16
-23
-24
-28
-29
-30
-32
-34
-37
-37
-41
-40
-40
-44
-46
-47
-51
-50
-54
-57
-58
-56
-58
-54
-59
-59
-58
-61
-55
-57
-52
-51
-52
-49
-53
-48
-45
-43
-41
-40
-31
-33
-23
-27
-19
-17
-15
-6
-4
2
5
14
23
27
16
23
26
26
10
23
34
9
18
28
60
93
83
19
40
-47
16
19
57
36
45
10
18
-5
19
29
17
1
-24
-24
-35
-31
-43
-30
-50
-52
-75
-65
-89
-78
-113
-107
-117
-137
-126
-155
-144
-167
-165
-181
-178
-187
-201
-194
-220
-207
-219
-217
-225
-226
-221
-226
-208
-214
-194
-186
-175
-157
-148
-126
-111
-79
-69
-48
-19
-9
26
46
79
92
122
136
170
183
201
219
230
245
253
264
266
275
276
281
272
270
259
254
250
231
223
198
184
162
145
126
102
87
56
35
5
-22
-47
-72
-104
-119
-161
-176
-209
-232
-256
-282
-298
-338
-341
-366
-403
-379
-464
-413
-450
-448
-453
-490
-443
-476
-392
-413
-396
-365
-390
-304
-297
-247
-219
-161
-128
-111
-64
-54
40
69
106
132
150
185
202
246
246
284
295
291
298
276
286
287
296
280
263
243
211
201
179
164
142
122
93
64
38
12
0
-10
-28
-42
-43
-60
-66
-117
-43
-101
-35
-77
-78
-22
-43
-10
-25
40
31
87
79
87
133
142
178
190
208
204
237
223
222
244
229
242
223
189
196
156
155
94
116
7
53
-26
-68
-94
-149
-186
-221
-235
-374
-283
-450
-416
-473
-482
-478
-450
-498
-579
-504
-594
-443
-489
-455
-460
-385
-402
-372
-310
-296
-158
-140
-119
-105
-36
-5
79
118
143
200
219
223
244
277
303
363
362
359
332
335
332
354
345
335
331
299
293
243
291
243
269
215
200
194
172
177
119
156
111
155
98
95
81
100
109
77
101
83
119
87
101
89
117
109
111
116
89
104
90
93
59
55
12
30
-18
-59
-53
-138
-115
-200
-216
-286
-300
-375
-402
-447
-516
-486
-541
-556
-543
-544
-626
-570
-653
-544
-501
-521
-491
-477
-388
-416
-308
-339
-191
-128
-124
-89
-57
33
70
152
139
217
250
247
279
301
340
378
406
397
396
390
382
403
417
388
390
362
353
308
293
264
291
277
210
165
177
112
114
75
53
126
34
6
-22
-11
29
22
2
-7
44
17
53
37
83
141
153
141
152
165
220
230
244
238
248
247
227
219
208
178
206
120
120
22
44
-36
-54
-103
-220
-185
-312
-363
-405
-487
-510
-572
-582
-644
-624
-660
-659
-752
-679
-761
-642
-643
-643
-600
-606
-523
-513
-426
-415
-296
-230
-230
-155
-142
-23
22
101
107
176
218
236
280
307
364
406
421
426
422
443
446
460
478
456
459
425
422
379
371
360
356
317
325
217
278
162
182
183
119
194
73
137
25
111
51
96
92
42
128
25
128
67
155
149
178
161
170
204
205
231
243
225
236
213
200
194
173
183
100
125
60
-24
26
-136
-87
-189
-277
-293
-367
-492
-469
-585
-645
-635
-759
-678
-780
-708
-798
-847
-830
-872
-672
-821
-671
-736
-660
-596
-614
-485
-485
-263
-285
-222
-212
-124
-3
38
119
158
227
283
269
342
371
449
486
508
501
480
522
493
546
543
516
528
478
472
410
411
412
437
343
322
228
353
209
209
173
165
286
78
144
28
132
162
83
119
52
178
82
150
74
172
235
181
193
157
214
259
256
212
238
225
219
215
159
161
146
117
99
1
-32
7
-157
-53
-265
-206
-332
-325
-489
-525
-607
-652
-644
-831
-735
-817
-766
-826
-915
-869
-1020
-788
-788
-799
-792
-761
-674
-690
-558
-569
-398
-260
-270
-215
-207
-78
77
123
191
210
334
303
386
371
475
553
583
601
550
544
571
592
622
606
599
537
558
466
441
487
471
459
447
324
330
354
272
297
260
234
275
192
165
176
164
218
176
149
171
170
173
188
191
184
273
214
216
242
246
209
320
197
201
284
129
254
171
76
185
135
7
139
-127
-104
-84
-173
-232
-350
-292
-608
-437
-643
-786
-706
-917
-830
-903
-917
-778
-1057
-1068
-990
-1117
-834
-927
-853
-911
-787
-733
-753
-545
-596
-230
-261
-283
-181
-136
63
124
279
214
429
368
408
464
502
628
719
698
680
639
644
660
761
710
722
680
599
615
503
584
567
597
578
475
392
351
378
344
425
283
316
227
207
174
185
224
229
200
122
150
101
163
208
184
177
145
183
126
202
148
266
165
190
218
104
187
135
65
82
54
39
-19
-75
-253
-148
-231
-512
-218
-704
-504
-744
-854
-793
-1011
-987
-1071
-1047
-1051
-874
-1317
-1067
-1344
-976
-872
-1008
-923
-949
-718
-693
-711
-543
-470
38
-290
-44
-236
133
239
373
337
458
572
550
590
568
701
857
864
871
800
724
777
796
871
802
820
642
740
593
597
598
626
627
623
359
380
330
400
405
311
276
254
245
158
154
216
232
324
119
205
58
267
232
242
284
218
312
207
328
280
304
421
318
230
235
76
291
149
66
150
-73
-106
-131
-368
-227
-447
-537
-621
-776
-967
-930
-1156
-1346
-1069
-1269
-1302
-908
-1597
-1160
-1565
-1375
-1010
-1054
-990
-1118
-814
-969
-603
-555
-563
29
-40
66
23
-15
383
560
767
632
846
779
804
964
796
1183
1161
1236
1136
966
868
956
1141
963
1146
749
747
734
653
592
690
629
524
619
84
301
253
282
384
190
145
70
174
-22
257
99
193
316
5
187
155
207
381
341
318
258
366
331
484
324
472
349
285
261
130
137
145
8
-28
-267
-448
-477
-554
-879
-813
-1100
-1034
-1535
-1454
-1645
-1720
-1451
-1382
-1531
-1763
-1726
-2039
-1161
-1359
-1139
-1087
-1116
-911
-740
-714
-621
55
324
236
396
6
628
845
1087
1129
1292
1152
1285
1270
1066
1473
1600
1566
1656
1250
1008
1095
1174
1181
1352
959
663
817
433
539
518
354
571
406
27
-57
-107
-101
295
17
-82
-38
-229
-83
41
16
74
397
50
204
238
48
621
505
531
566
454
444
665
451
576
524
370
370
257
-192
5
-185
-451
-459
-1033
-956
-1463
-1426
-1698
-1940
-2040
-2156
-2243
-1992
-1974
-2234
-2185
-2391
-2249
-1341
-1731
-1282
-1474
-1042
-926
-483
-663
-82
470
645
702
744
693
1430
1559
1850
1768
1932
1595
1975
1902
1814
2121
1831
1926
1914
1377
1170
1346
1181
1185
966
375
473
416
299
-85
-11
-324
2
-159
-580
-568
-593
-457
-283
-333
-483
-279
-343
-65
12
93
157
463
489
602
675
518
945
1034
1025
980
771
871
742
1019
464
619
325
109
-17
-273
-824
-885
-1107
-1794
-1383
-2361
-2818
-2084
-3517
-2304
-3215
-2760
-2429
-2747
-2611
-3545
-2104
-2245
-1284
-1140
-1909
-712
-761
-232
-35
557
992
1601
1704
1124
2025
1870
2530
2775
2780
2656
2564
2258
2045
2743
2130
2363
2121
1574
1435
772
498
627
855
307
-81
-504
-860
-455
-839
-788
-863
-741
-891
-990
-1065
-1099
-478
-373
-44
-15
-98
-100
536
569
1256
1136
1228
1406
1408
1446
1418
1720
1669
1833
1362
918
1003
779
885
485
85
-409
-685
-1188
-1736
-1835
-2713
-2372
-3353
-3107
-4210
-4077
-3990
-4209
-2837
-3520
-3252
-3509
-3964
-2665
-1973
-1157
-1173
-806
-614
144
808
638
1807
2482
3106
3194
2769
2639
3333
3822
3829
4233
3316
3119
2660
2317
2287
2211
1782
1455
1085
91
-587
-945
-1194
-771
-1012
-1687
-2056
-2251
-2265
-2051
-1883
-1797
-1206
-1151
-1127
-925
-786
22
569
1247
1240
1535
1547
1710
2616
2442
3133
2863
2716
2785
2429
2409
2253
2252
1922
1487
997
336
204
-243
-623
-1192
-1844
-2464
-3082
-3334
-4406
-4146
-4980
-4873
-5305
-5671
-5613
-5087
-4739
-3804
-3718
-3598
-3343
-2957
-1658
-463
630
713
1116
1645
2366
3373
3757
4391
5113
5163
5015
4516
4351
4425
4745
4390
3922
2863
1822
1102
686
458
-47
-674
-1659
-2059
-2920
-3312
-3882
-3578
-3573
-3374
-3781
-4189
-3513
-2970
-1528
-1096
-659
-318
-61
1209
1856
3071
3295
3690
3768
4156
4266
4311
4444
4354
4421
3810
3336
2576
2554
2259
2040
1352
382
-222
-1008
-1205
-1594
-2147
-2617
-3264
-3893
-4300
-4931
-5044
-5410
-5312
-5494
-5875
-5568
-6392
-5175
-5347
-4234
-2616
-2520
-844
-2008
-1210
-729
1648
2960
3813
3866
3495
4604
4651
5173
5695
6068
6174
5607
4435
3390
3158
2281
2570
1919
1027
-364
-2137
-2962
-3116
-2957
-3694
-3820
-4635
-4748
-5126
-5426
-5146
-3971
-3202
-2550
-1990
-1928
-1334
-337
1372
3179
4769
4411
4209
4558
4999
6319
6452
6089
5952
5046
4222
3508
2811
2741
2682
1888
1020
-44
-1031
-1283
-1198
-1186
-1448
-2297
-3543
-3620
-3679
-3421
-3254
-3464
-3922
-3977
-4595
-4715
-4301
-4317
-3613
-3555
-4255
-4156
-4213
-2813
-1304
446
151
403
-317
78
2174
3253
4603
4457
4182
3904
4125
3739
3826
4458
4424
4524
2975
1360
194
-264
-259
-59
-469
-1827
-2934
-4542
-4558
-4174
-3672
-3492
-3254
-3380
-3270
-3169
-3209
-2023
-467
772
1545
1523
1467
1892
2687
3975
5659
5942
6029
4478
3756
3773
3724
4357
3970
3384
2345
1039
82
-129
34
357
191
-485
-1176
-1830
-1858
-1624
-1019
-895
-972
-1598
-2031
-2242
-1863
-2018
-1558
-2129
-2457
-2901
-3923
-3211
-3824
-3376
-4082
-4750
-4179
-2970
-2031
-432
-1285
-853
-1077
-130
1550
2879
3566
3426
3209
3349
3822
4149
3926
4244
4149
3879
2833
1406
313
179
24
-136
-627
-1940
-2921
-4025
-3993
-3543
-2795
-2850
-2697
-2850
-2362
-2135
-1498
-834
522
1313
1952
2193
2370
2533
3047
3941
5261
5648
5189
3683
2723
2942
3005
3416
2793
1836
1247
366
-248
-296
-426
-100
-50
-493
-715
-1077
-1318
-914
-405
-145
-140
-800
-1468
-1341
-1469
-1339
-1319
-1973
-2622
-3392
-3898
-3994
-3877
-4390
-4758
-5022
-3938
-3141
-632
-783
-395
-762
-1100
1154
2626
4093
4514
4129
3779
4031
3811
3820
4288
3996
3915
2889
1384
-55
-927
-1708
-1361
-1239
-2038
-2940
-4451
-4964
-4270
-3553
-2871
-1990
-1670
-1375
-944
-817
282
1467
2396
3244
3891
4035
3993
3685
3887
4847
5169
5012
3763
2436
1732
1226
1104
958
486
-96
-606
-1233
-1348
-1412
-1325
-881
-561
-162
-58
-383
-230
37
286
687
188
246
-119
-477
-671
-1680
-1720
-3127
-3339
-4110
-4341
-4809
-5648
-6036
-5553
-4626
-2294
-940
-724
-535
-1903
-370
1728
3709
5340
5012
4599
4267
4147
4010
4534
4410
4175
3470
2010
518
-909
-2240
-2622
-2202
-2513
-2768
-4198
-5382
-5190
-4559
-3620
-2172
-1374
-753
-295
-234
608
1913
2830
3758
4615
4979
5002
4377
3670
4201
4652
4464
4120
2186
1340
332
-208
-165
-256
-516
-802
-1164
-1471
-1240
-1202
-891
-206
415
938
1002
891
820
1062
1114
1007
936
455
152
-355
-1464
-1958
-3420
-4378
-4730
-5579
-5193
-6100
-6586
-6794
-6101
-4119
-1076
-66
628
-505
-383
1911
4176
6324
6918
6493
5908
5544
5140
5041
4964
4015
3386
2272
745
-962
-2924
-4284
-4053
-3924
-3995
-4645
-5788
-5827
-5145
-4093
-2529
-1173
-237
521
1433
2338
3577
4450
4703
5435
5839
5977
5832
5007
4441
4271
3307
2824
1863
768
69
-960
-1373
-1452
-1608
-1719
-1402
-1391
-915
-837
-504
-35
819
1327
1880
2293
2155
2312
1959
1368
1418
727
643
-194
-1135
-2275
-3669
-4983
-6063
-6389
-6609
-6658
-6859
-7154
-6128
-4801
-1426
307
1634
1097
1061
3011
5287
7554
8221
7757
7110
6371
5823
5443
4766
3506
2272
960
-323
-1993
-3941
-5584
-5831
-5596
-5207
-5365
-5836
-5718
-4630
-3387
-1491
20
1226
2480
3462
4742
5829
6235
6165
6205
6200
6290
5696
4499
3376
2583
1793
1023
123
-1134
-1892
-2711
-2822
-2477
-2339
-2140
-1741
-1128
-330
381
744
1512
2122
2814
3297
3682
3589
3505
3106
2464
1911
976
215
-578
-1481
-2722
-4085
-5868
-7215
-7942
-8364
-7932
-7802
-7517
-6411
-6146
-3252
-409
1890
3819
2885
3702
5577
7387
9162
9279
8458
7699
6375
5118
4428
2987
1251
-98
-1649
-2907
-4205
-6457
-7396
-7304
-6881
-5862
-5527
-5360
-4017
-2796
-1126
1042
2613
4116
5261
6061
7164
7802
7401
6821
6203
5639
5153
3770
2258
885
-363
-1030
-1589
-2142
-2766
-3720
-4127
-3684
-2761
-1762
-1033
-394
806
1595
2538
3213
3832
4438
4729
4858
4981
4595
4096
3317
2502
1486
339
-951
-2095
-2925
-4277
-5213
-6908
-8173
-8866
-9375
-8643
-8282
-6965
-6197
-4700
-3186
-384
3147
5177
6955
5832
6954
7971
9320
10076
9585
8228
6868
4827
3235
1795
-217
-1666
-3160
-4268
-5349
-6446
-7940
-8121
-7628
-6357
-4785
-3934
-2666
-916
761
2481
4426
5786
7168
7850
8142
8711
8236
7222
5891
4659
3731
2631
1085
-410
-2051
-3511
-4057
-3897
-3241
-3095
-3323
-3740
-2837
-1448
382
2013
2927
3892
4551
5079
5612
5865
5898
5820
5466
5105
4366
3275
1929
945
-95
-1047
-2236
-3425
-4424
-5345
-6446
-7200
-7974
-8603
-8429
-7987
-6831
-5347
-4580
-3637
-1822
-592
3100
6347
7865
9336
7428
7435
8220
8431
8900
8192
6010
4654
2302
165
-1000
-3024
-4422
-4970
-5878
-6151
-6374
-7651
-7241
-6163
-4860
-2598
-1281
94
2318
3609
4942
6338
6785
7588
8073
8103
8407
7351
5330
3719
1954
1035
138
-1302
-2480
-3669
-4910
-5313
-5392
-4807
-3482
-2113
-761
570
1310
2100
3141
4559
6264
7291
7443
7082
6563
5761
5016
4118
3375
2788
1860
1045
-24
-1351
-2572
-3616
-4274
-4591
-5089
-5527
-6027
-6132
-6552
-6242
-6367
-5666
-4128
-3398
-1400
-862
-303
1153
1576
4807
7525
8431
8638
6268
5779
6128
5796
5464
4533
2825
1571
-253
-2003
-2916
-4454
-5466
-5459
-5404
-4987
-4748
-5385
-4523
-3256
-1926
-102
1094
2513
4355
5088
5869
6540
6453
6649
6467
6171
6122
4973
3175
1613
19
-934
-1802
-2797
-3341
-3920
-4586
-4657
-4466
-3895
-3027
-1817
581
3004
4482
5010
4625
5247
6047
7151
7772
7312
6497
5190
3919
2600
1543
606
124
-384
-732
-1522
-2513
-3547
-3989
-4116
-4198
-4304
-4365
-4169
-3808
-3882
-3377
-3551
-2740
-2225
-1512
-366
-218
312
593
1156
2595
5331
5782
6665
4552
3544
3749
3452
3657
3310
1990
1027
-95
-1596
-1893
-3178
-3858
-3723
-3498
-3018
-2536
-3145
-2770
-1872
-1039
454
1183
2033
3391
4112
4677
5202
4977
4965
4766
4488
4469
3761
2422
1287
71
-863
-1441
-2288
-2671
-2979
-3395
-3222
-3092
-2758
-2132
-1680
-527
1689
3786
5095
5493
5126
5430
5886
6034
6499
5806
4968
3970
2860
1730
567
-451
-836
-940
-1131
-1411
-2058
-2685
-2853
-2870
-2859
-2938
-2870
-2593
-2178
-2009
-2016
-1952
-2005
-1769
-1292
-538
-957
-719
-1421
-576
-16
1135
3489
4277
4494
2967
2188
2557
2895
2872
2855
2333
1739
1026
36
-736
-1731
-2483
-2420
-2035
-1771
-1570
-2001
-2093
-1598
-1100
-324
246
1029
2318
3142
3441
3703
3636
3623
3660
3727
3952
3425
2563
1910
999
261
-931
-1482
-1736
-1941
-2033
-2098
-2123
-2083
-1933
-1522
-1051
124
2245
3570
4934
4597
4395
4576
4482
5162
5492
4769
3994
3135
2120
1541
285
-233
-421
-492
-386
-366
-779
-1213
-1582
-1929
-2026
-2160
-1894
-1689
-1271
-1572
-1752
-2046
-2253
-1968
-2172
-2073
-2215
-2176
-1791
-1765
-1381
-945
1140
2938
3833
3958
2718
3276
3278
3568
3953
3448
2791
2448
1610
1164
144
-1368
-1850
-2103
-2027
-1704
-2127
-2626
-2479
-2384
-1791
-1329
-975
152
1264
2199
3208
3645
3794
4009
4063
4402
4255
3709
3395
2815
1985
970
-137
-926
-1601
-1797
-2061
-2165
-2543
-2705
-2519
-2155
-1656
-330
1116
2332
3823
3659
4298
4161
4319
5105
5059
4930
4589
3842
3357
2357
1612
959
534
427
380
358
-86
-640
-1279
-1933
-2384
-2688
-2551
-2432
-2265
-2317
-2520
-2634
-2846
-2835
-2587
-2778
-2542
-2550
-2428
-1477
-1795
-723
86
2378
4298
5217
4627
3844
3764
3509
4191
3953
3531
2985
2014
1120
238
-1395
-2569
-3306
-3406
-2902
-2818
-3128
-3283
-3111
-2623
-1938
-1324
-199
1145
2631
4093
5117
5343
5105
4742
4892
5103
4885
4366
3439
2345
1064
-263
-1489
-2279
-2955
-3257
-3516
-3745
-3669
-3680
-3542
-3217
-2086
-323
1050
3407
3760
5220
5378
5417
6616
6392
6901
6667
5843
5438
4147
3059
1938
823
210
-421
-685
-1221
-1673
-2246
-3017
-3529
-3944
-3984
-3597
-3370
-2623
-2438
-2077
-2048
-1847
-1435
-1427
-646
-975
-426
-681
-711
-357
-355
-309
701
2760
3649
4874
2694
2454
2292
1475
2047
1592
1091
1270
546
218
-51
-1728
-2217
-2250
-2067
-1182
-962
-997
-588
-491
-131
41
-68
656
1667
2657
3831
4072
3885
3591
2770
2625
1984
1402
1330
982
777
34
-922
-1724
-2324
-2500
-2139
-1847
-1377
-895
-301
103
1165
1434
2387
3196
3622
4935
4824
5157
5158
4455
4262
3768
2949
2594
1840
1350
851
72
-448
-789
-993
-834
-634
-533
-723
-1191
-1518
-1614
-1611
-1350
-1087
-815
-839
-703
-867
-1111
-966
-1694
-1399
-1968
-2648
-2245
-3042
-2652
-2854
-2613
-1392
1019
2747
3246
2709
1385
2666
2664
3298
3591
3141
3206
3053
2553
1929
316
-756
-852
-787
-694
-904
-1413
-1598
-1808
-1809
-2013
-2213
-1646
-731
530
1376
2054
2087
2407
2413
3035
3096
3027
3220
3078
3139
2688
2125
1720
984
494
114
-404
-463
-559
-150
-209
-329
-650
-452
-50
348
952
1522
2072
2510
2896
3133
3134
3099
3168
3281
3472
3285
3059
2874
2334
2016
1631
1102
697
152
-410
-964
-1603
-2021
-2603
-2716
-2946
-2910
-2849
-2844
-2651
-2719
-2661
-2690
-2397
-2356
-1904
-1653
-909
-402
-37
-23
266
952
2629
2927
3842
3156
2974
2602
2013
2202
1504
1118
877
769
430
-4
-489
-859
-1081
-1190
-1033
-959
-637
-302
153
165
121
235
394
943
1399
2279
2354
2775
2678
2768
2420
1835
1889
1570
1404
1299
924
573
391
-54
-154
-396
-553
3
376
922
986
1273
1099
1433
1670
2031
2231
2517
2867
3130
3182
2931
2721
2319
2293
2169
2087
2071
1794
1611
1308
784
388
111
-107
-273
-419
-543
-672
-727
-866
-1125
-1246
-1198
-1098
-929
-963
-1133
-1183
-1467
-1496
-1679
-2097
-2034
-2425
-2116
-2195
-1980
-1354
-1349
-218
185
962
1561
1805
2548
2501
2834
2814
2975
2805
2897
2849
2639
2160
1590
1226
827
608
354
210
-224
-362
-680
-995
-1135
-1237
-1087
-822
-656
-3
298
644
1108
1468
1878
2023
2140
2605
2651
2872
2860
2768
2531
2277
2384
1948
1734
1380
1037
852
489
401
394
138
297
190
395
608
701
1193
1215
1583
2106
2295
2701
2769
3101
3055
3130
3028
2827
2655
2101
1910
1179
662
118
-189
-426
-610
-888
-1297
-1496
-1931
-1577
-1628
-1464
-1196
-1257
-749
-883
-606
-739
-1092
-964
-961
-669
-615
-561
-353
-324
71
311
398
560
567
1179
1106
1536
1593
1845
1871
1645
1766
1502
1396
1417
1265
1203
1146
961
918
686
513
491
483
421
639
652
473
760
671
669
782
745
1125
1061
1255
1553
1393
1479
1565
1458
1658
1462
1507
1575
1611
1703
1579
1645
1358
1512
1455
1459
1666
1555
1789
1798
1776
1642
1531
1524
1496
1553
1530
1471
1469
1253
1271
1311
1082
1039
896
1081
880
1184
1015
1033
1199
1043
1300
1660
1402
1398
1583
1421
1395
1501
1144
996
723
700
637
134
143
-415
-882
-1074
-1392
-1583
-1653
-1786
-1826
-1492
-1491
-1600
-1237
-1304
-814
-319
328
546
1060
1534
1966
2077
2028
2359
1716
1845
1953
1728
1671
1360
1533
1169
979
838
449
543
271
481
459
525
709
875
1031
1046
1320
1355
1450
1786
1872
1752
1883
2017
1846
1861
1601
1579
1295
1213
1345
1152
1199
1018
1096
1034
863
786
827
1013
594
1244
1065
959
1224
1185
1394
1288
1572
1347
1614
1629
1463
1569
1510
1435
1411
1791
1410
1656
1300
1621
1221
1536
1147
839
909
898
605
856
595
174
484
-173
455
98
31
130
265
-241
-115
-273
-509
-198
-452
-368
-287
-691
-349
-738
-433
-431
-1055
-320
-1118
-602
-952
-824
-803
-887
-591
-573
-323
-208
-398
35
-21
341
195
449
540
339
439
447
518
495
679
500
521
216
172
117
-194
-3
-360
-88
-30
-261
-14
-84
-42
-94
236
246
21
437
488
324
858
822
433
892
620
763
774
648
535
297
174
287
-225
-467
-88
-768
-829
-418
-1121
-676
-878
-820
-344
-957
-125
-540
-20
-197
359
-1
503
539
470
-135
1352
-781
654
-94
-164
-645
-2
-1309
-807
-1264
-958
-2183
-1332
-970
-2816
-430
-1629
-2112
81
-2450
-705
-491
-1620
-120
-905
-291
-1123
-1294
434
-2107
-1025
-513
-2140
-1244
-1675
-1289
-2981
-819
-2595
-2575
-1123
-2451
-2003
-1987
-1804
-2413
-1816
-2202
-1712
-2059
-1603
-2161
-1359
-2297
-1764
-1328
-1932
-892
-1642
-1257
-1034
-1354
-1421
-1341
-1305
-1413
-1890
-1089
-1395
-1639
-1213
-1591
-1265
-1402
-1765
-1046
-1532
-1531
-1086
-1455
-961
-1003
-1200
-796
-606
-1056
-463
-25
-309
1
-5
296
22
889
195
675
1090
417
751
1241
467
957
776
775
1152
196
1686
395
1405
740
1136
939
1046
1396
355
1861
360
1537
351
1512
360
544
437
694
-170
387
-144
-253
-409
-747
-596
-1285
-600
-1473
-931
-806
-896
-763
-450
-97
-238
110
585
206
778
621
539
396
305
334
-21
34
199
-222
-518
475
-781
-416
152
-1044
-21
-502
-181
-195
-123
564
-124
1093
-358
1187
228
586
1051
460
518
846
26
125
298
-386
27
-49
-751
417
-784
-154
-122
-508
-186
22
-492
278
253
-238
846
186
311
1094
-25
937
665
34
915
192
258
580
304
-67
518
-261
246
54
137
198
230
-18
376
298
191
821
590
549
837
1148
478
1161
719
1048
731
931
1067
391
837
1159
118
1242
428
278
1216
-225
1201
-18
571
428
-192
660
-705
733
-964
1127
-622
522
945
-661
1427
357
480
1335
814
1221
820
1636
1060
1473
1683
1443
1696
436
2852
-326
1957
1331
-56
1432
690
207
1136
67
1052
489
224
1590
138
719
1761
224
1939
879
1797
1060
1681
785
2671
-430
2678
893
21
2172
-427
987
236
255
234
16
85
-244
406
-74
-52
1096
-502
962
728
466
1368
821
1467
758
1644
920
1453
1056
1473
972
1381
1065
658
1381
96
1306
294
463
1295
-283
1466
-146
1610
-147
1313
153
973
250
1446
179
1037
949
560
264
1489
-19
733
1026
174
848
481
278
1021
-58
1368
-132
1361
491
745
773
1342
590
1108
1449
838
1492
750
1572
1082
1097
1193
1055
75
2316
-570
1528
1022
-386
1644
-375
1310
281
-390
2621
-2063
2624
16
-684
3059
-1931
2262
902
-614
2726
-638
1025
1705
-498
1732
669
1128
180
930
975
-472
1432
401
-45
1374
-796
1485
-861
1252
21
-311
2502
-2001
2520
-67
-67
2232
-558
1772
1260
-241
2729
-365
1739
1119
1395
174
2681
-335
1324
1139
210
1028
329
1303
-238
1350
603
-172
1685
-302
774
1556
-365
2515
-471
2045
350
1432
1011
557
2213
-224
1622
1509
-514
2618
-618
1833
484
370
1036
42
776
79
840
215
71
1192
-334
617
592
538
377
926
939
-376
2212
-296
1591
253
1664
123
857
1178
283
259
1796
-1124
1648
-111
151
485
610
-73
-429
1626
-1754
1117
331
-392
964
225
365
618
518
676
-126
2461
-602
1511
1248
269
1190
769
738
720
227
1511
-712
1503
240
-544
1592
-484
469
703
-44
770
515
194
522
1056
-63
1286
205
1574
-74
935
1621
-1305
2751
-1567
1679
97
166
790
125
418
-402
991
-432
352
1483
-1112
1259
804
-817
1383
872
18
891
1692
-184
1114
1196
208
484
1608
-76
622
988
-30
982
-26
807
19
916
-239
803
577
275
589
468
868
-255
1314
-540
1664
-184
591
1314
-1039
2460
-1612
1360
449
-589
905
2
591
183
-508
2286
-2062
2265
-118
45
1619
-87
1221
-180
1747
-113
77
2838
-2200
2906
-744
1181
259
-112
2056
-1723
2196
210
-1107
2890
-1861
1689
254
120
904
360
-283
1937
-1109
1150
1425
-1652
2593
-1006
788
424
651
74
762
1083
-670
1838
-47
526
1291
-105
1294
504
-28
2063
-907
1263
714
-43
982
51
1085
-973
1803
-1138
779
564
-466
1408
-392
562
955
-628
1639
354
332
1464
495
475
857
1243
-665
1837
167
455
930
354
-246
1180
-268
230
723
-284
460
104
758
-889
1781
-890
1079
744
-465
1503
-103
801
323
707
550
393
79
1757
-2011
2862
-1751
1377
431
-662
1831
-880
559
928
-576
1156
637
189
397
971
438
-134
1878
-314
914
494
584
152
954
91
555
921
-113
674
635
-111
1026
275
-141
2159
-1182
1300
1100
-935
1767
268
-313
2206
-998
1068
1012
-588
1454
-28
358
1048
11
369
1403
-88
836
529
1057
-180
1612
235
386
1464
-163
803
1441
-493
1157
853
-182
1367
-26
567
786
269
567
449
644
588
-5
1722
-697
1682
-251
1443
172
712
288
933
-244
1188
295
-243
1708
-1115
1048
931
-911
1781
-640
1414
-411
1479
-587
1872
-562
1000
1636
-1163
2419
124
314
1310
589
-35
1354
392
-199
1896
-573
1090
434
621
81
925
152
793
324
1164
-183
1121
684
-362
1937
-335
848
1034
-302
1914
-1514
3219
-2070
2393
61
462
636
929
-63
700
1229
-208
1557
137
941
587
944
537
1225
403
657
1009
635
-100
1833
-228
468
1816
-834
1174
842
-57
616
1737
-1042
2084
409
-252
2075
350
-652
3348
-1243
1170
1526
-238
951
809
613
308
870
667
-59
1069
782
-347
1293
657
-284
1551
234
600
867
990
-362
2155
-454
1190
626
744
718
652
527
1654
-1073
2343
-301
245
1533
-437
1309
417
913
222
1593
-282
1655
181
1061
1102
551
675
1413
-359
1835
-102
1116
903
243
1115
272
1071
179
1024
807
398
1105
679
730
975
659
882
597
1223
229
1203
730
605
49
2043
-408
316
2689
-2101
2879
378
-548
2573
145
-360
2943
-544
655
2194
-527
1555
906
1194
225
1887
744
-154
2634
-671
1343
1491
-407
1862
296
576
938
661
1004
5
1777
244
604
1395
200
1227
665
878
899
812
921
561
1223
419
897
1175
94
1996
-954
2583
-420
998
1522
-316
1639
779
255
1791
332
886
1551
31
2246
-730
2770
-910
2349
71
1389
430
1572
166
945
1201
353
786
1319
118
1535
204
1191
1099
94
1962
-265
1702
846
346
1782
458
299
2298
-934
2035
840
-338
2129
491
-125
2324
-338
873
1406
379
490
2011
-481
1875
751
735
1122
1289
268
2050
185
1324
1597
-294
2448
75
774
1576
407
652
1372
468
780
913
979
356
1389
214
1378
420
1423
404
1401
422
1431
774
728
1392
815
509
1858
82
1210
1289
-271
2654
-662
1369
1557
-322
1638
1230
-1076
3527
-1015
983
2313
-1129
2303
247
919
1495
-218
2241
-270
1677
848
66
2007
83
1094
1079
695
1371
401
1339
859
1118
558
1667
640
636
2004
-397
1903
1158
-160
2154
254
841
1042
1161
142
1616
859
-117
2031
471
293
1793
576
1165
372
2178
-30
1339
1036
994
299
1755
841
-32
2229
322
361
1893
654
181
1947
475
576
1645
776
598
1941
87
1556
938
853
1339
389
1519
777
599
1629
43
1266
929
770
586
1637
-41
1297
776
929
603
1299
734
1114
1092
726
1263
764
911
1122
863
547
1828
-206
1704
568
709
872
1271
247
1192
994
657
840
1127
959
164
2551
-845
2499
368
916
1944
-148
2329
233
1307
1337
337
2092
90
1534
1370
121
1977
445
837
1619
383
1043
1480
653
569
2080
-112
1189
1579
141
1598
595
1112
584
1386
623
822
1640
-30
1716
1136
188
2160
152
1492
1163
621
2007
161
1612
1298
439
1527
1536
-116
2039
982
-129
2382
277
404
2102
107
984
1335
623
839
1205
853
757
1378
1146
560
1948
527
1298
1149
1335
203
2093
791
-96
2973
-507
649
2997
-1504
2086
1674
-1238
3003
-253
883
1676
-268
2240
-253
1627
1466
-652
3198
-638
1759
1231
701
1455
831
1268
1038
846
1440
411
1676
650
943
1908
11
1847
733
1237
726
1865
99
1815
637
1124
1068
907
1387
467
1680
443
1475
704
791
2064
-756
2899
-499
1829
877
1017
1247
744
1317
1294
176
2326
-49
1333
1422
372
1456
931
845
1496
337
1580
1326
104
2107
957
518
1791
1516
-239
2571
921
23
2710
273
756
2305
-100
1515
1137
374
1660
294
1464
542
1225
435
1876
-589
2493
176
792
1862
155
1243
1464
173
1857
194
1960
53
1502
987
786
785
1390
958
91
1964
496
494
1887
183
1167
1110
1054
805
1348
1111
801
1344
1002
1245
622
2136
21
1629
1136
490
1426
960
746
1167
1087
480
2095
-778
2464
471
189
2163
278
694
1786
588
348
2326
-293
1485
1182
752
888
1509
523
1183
1369
-83
2423
69
1349
1252
1091
546
2129
139
1482
1249
818
883
1774
366
1264
1288
358
1691
502
1008
1214
756
1008
929
1398
417
1634
636
630
1788
276
1021
1910
-256
1714
1066
412
1455
469
1144
886
563
1982
-604
2253
792
-210
2386
824
-755
4100
-1577
1921
1852
-714
2491
69
1594
420
1112
1675
-724
2721
-156
1354
931
942
1025
387
1735
413
1000
1298
939
425
1273
1619
-1068
3459
-676
1066
2294
-904
2566
88
1248
876
993
900
1006
817
1445
364
1552
684
611
2032
-139
1045
2360
-1244
2585
1011
-677
2840
-481
1505
1094
420
1753
-96
2153
-360
1788
1199
-41
2436
14
1284
1152
1136
483
1787
361
1238
1170
613
1221
903
656
1645
38
1654
1080
-123
2678
-783
2143
749
468
1801
399
753
1779
217
1112
1539
-321
2438
-71
1291
1653
-191
2133
129
1513
516
1250
905
551
1360
848
581
1628
445
912
991
748
916
632
1606
92
1143
1580
18
1274
1521
23
1666
983
786
1194
927
892
976
1012
1101
693
1515
697
131
2309
-130
664
1880
-74
1086
1092
734
376
1055
1487
-980
3204
-554
636
2538
-923
2167
402
1305
436
1795
435
479
2553
-804
1606
2008
-1088
2564
384
589
1466
801
542
1003
1380
239
1182
1230
433
527
2066
-573
1993
542
876
1121
881
761
1275
225
1894
107
1311
1157
401
1379
579
1227
487
1185
1068
315
1541
510
1085
768
1396
463
1000
1607
-244
1937
271
962
1032
704
1419
-85
2029
171
839
1389
433
636
1587
560
339
2177
-224
787
2218
-643
1555
1323
-63
1528
779
870
620
1681
46
1450
695
663
1288
355
1029
1047
395
1089
809
859
338
1818
-289
1591
799
422
1593
557
546
1371
1063
-413
3069
-824
1499
1237
246
532
2015
-560
1386
1196
-26
1020
1710
-788
1927
959
-413
2181
24
752
1507
113
1228
1208
14
2126
-171
1484
698
587
1349
505
797
1416
31
1625
290
737
1123
887
358
2191
-335
721
2349
-755
1107
2049
-821
1529
925
357
889
1124
752
795
836
873
516
588
2062
-959
1989
1134
-545
2221
92
835
1304
477
1247
452
1458
322
1102
1245
199
1283
451
1533
-61
1466
815
704
693
1308
421
934
1417
-1
1833
471
513
1644
382
732
1094
378
1191
392
1107
767
511
1343
197
806
1550
-669
2254
162
816
1554
-260
2165
-147
1208
1328
-10
1923
442
557
1433
601
461
1197
941
202
1332
374
1230
443
685
1009
627
376
2006
-701
1771
648
422
658
1997
-644
1606
759
860
237
1823
-71
1368
545
1207
135
1622
571
83
1688
458
-95
2273
-557
1483
587
1171
10
1910
-218
1262
588
1118
669
567
1472
434
532
1143
1028
216
1670
242
1401
368
1173
522
1064
501
917
614
829
1034
271
1211
723
405
1251
456
1079
532
629
1431
-149
1732
295
699
1272
844
263
1614
701
194
1582
462
716
1413
-337
2191
-384
1073
1230
-69
1380
1067
-134
1577
988
19
1519
844
474
935
876
1072
724
527
1730
-177
1583
394
1043
574
923
788
600
745
985
172
1279
559
800
512
866
854
612
678
1123
800
431
1342
650
630
1111
740
697
1159
522
938
836
630
950
415
1102
717
381
1040
664
610
789
976
643
955
543
1113
501
875
1122
398
1022
1203
-92
1887
241
619
1450
262
666
1786
-458
1744
578
731
583
980
738
556
805
1116
348
817
1219
292
908
1075
194
1248
735
410
1479
119
1231
930
456
900
1382
22
1419
764
743
608
923
775
686
513
1295
125
1275
370
1191
284
1184
621
666
802
1033
492
865
1122
583
471
1608
99
1509
410
1057
743
744
583
1316
-64
1667
699
220
1991
-48
439
1790
-198
1189
914
908
364
1332
388
623
1408
192
1249
821
683
816
1093
598
865
919
748
366
1838
-395
1302
1326
-41
1122
1299
-63
1171
1067
326
874
1360
30
1469
569
805
1007
458
1705
-278
1811
106
1292
517
697
1267
145
960
1295
-78
1697
583
399
1701
136
1132
741
910
551
1113
865
933
291
2028
-546
1758
1125
-133
1546
753
319
1316
442
953
1057
516
896
1365
-505
2676
-784
1957
710
276
1724
54
1525
188
1143
829
838
334
2050
-570
1898
367
753
1127
774
500
1424
397
917
665
1358
-7
1558
718
267
1536
677
471
1538
445
950
766
728
834
714
880
578
1341
17
1306
698
403
1287
835
70
2268
-760
1909
287
839
1033
274
1605
253
978
1236
538
584
1440
174
1349
459
1000
994
177
1671
-8
1179
675
719
888
707
731
957
595
698
1189
261
800
1329
-237
1636
256
1043
652
723
1245
345
768
1557
-183
1430
1046
-96
1688
110
1394
2
1760
375
397
1671
185
706
955
972
71
1063
1319
-556
1862
467
496
1115
990
346
982
1127
302
912
853
721
384
1257
448
668
1156
219
960
769
310
1051
299
961
715
230
1449
132
740
552
1093
106
989
1007
234
1210
176
1486
-70
973
1030
136
928
835
44
1194
50
907
794
19
1504
-54
628
1315
-407
1083
702
187
616
607
856
-215
1427
83
909
220
1056
361
199
1387
-163
574
856
149
602
395
586
248
410
1036
-540
1412
-395
1319
-523
1145
244
-280
1666
-762
1057
433
701
-267
1191
332
-104
980
375
-131
760
368
-21
594
171
343
442
263
524
220
259
1020
-476
1034
41
381
475
6
630
-138
1015
-715
1284
-309
182
894
-509
1542
-1124
1104
341
-684
1005
-220
542
-325
946
-492
300
405
40
405
194
289
811
-562
1158
-110
393
288
638
342
22
1148
125
91
1299
-245
231
1287
-475
268
1118
-418
106
1174
139
-268
1544
-498
550
518
491
141
634
513
338
354
974
-110
769
395
600
437
155
802
521
-67
682
953
-726
1165
546
-639
1336
321
-164
1346
-336
1074
-227
887
698
-117
803
909
-387
1157
600
-315
1012
411
145
630
565
588
-306
1541
-404
657
426
741
-179
996
556
-459
1327
184
154
798
400
295
576
720
251
697
72
1165
-31
536
851
22
637
358
603
125
564
750
-266
892
603
30
328
1145
-116
20
1963
-1044
1212
478
-110
941
-233
1505
-570
1425
286
162
842
68
1039
-341
1640
-82
640
1006
-238
1285
124
421
1036
152
725
146
1219
-67
758
862
132
904
514
371
841
898
494
89
2312
-593
572
1974
-596
1057
679
576
423
706
970
162
942
370
1294
-543
1853
905
-731
2219
91
457
899
1303
131
584
1583
-109
765
1280
506
563
1440
10
1116
719
756
994
268
1071
770
406
972
1088
-114
1516
784
-292
1867
649
10
1455
998
-403
1989
395
703
1098
691
1059
499
1070
1160
242
1245
1216
-127
1904
402
1012
745
1181
436
1401
521
1185
1006
104
2191
30
668
2105
-233
1298
1448
382
1072
1376
578
1276
1222
1070
813
964
1326
443
1338
1070
932
1140
1163
563
1397
819
860
1236
1265
761
952
1917
-181
2133
881
609
1794
1123
946
1189
1746
777
886
1629
1297
185
1994
1108
784
1887
1163
660
1715
1235
574
2426
641
1888
742
1629
1777
246
2231
1309
1339
1117
2064
801
1610
1812
1401
1397
2083
1416
1217
2535
1083
1498
2505
971
1908
2242
1131
1974
2152
1736
1196
3140
1363
1790
2407
2197
1194
2436
2141
1035
2860
1317
1654
2420
1017
1925
1998
959
2343
859
2114
1151
1212
1297
1290
1165
718
1901
342
1143
1454
357
1099
862
582
864
817
662
572
930
143
552
1067
-589
1362
180
43
634
145
113
198
326
145
-27
384
-216
244
39
110
7
460
-83
-381
933
-778
-20
626
5
-472
436
498
-668
319
677
-480
-395
1557
-1051
265
936
-644
253
351
28
-372
1152
-648
489
465
-84
-155
796
-213
475
197
308
337
4
263
530
-110
592
463
-83
760
-258
982
-218
848
224
401
260
651
141
261
685
88
229
792
-133
726
280
310
539
596
111
629
867
-58
738
612
88
750
239
494
79
929
18
289
743
-30
389
622
137
360
608
-56
746
473
-16
601
618
-406
854
506
-309
1083
324
278
482
165
752
-240
683
351
366
-68
794
93
-159
744
-115
347
376
221
602
-149
892
178
279
-76
833
93
32
676
581
-115
340
988
-725
944
762
-394
522
1138
-543
227
1128
-432
201
697
276
-76
631
450
-64
438
686
-209
407
519
185
75
734
195
390
97
373
434
-250
747
-99
584
65
313
463
-42
-9
506
-378
356
384
-263
74
560
-364
-88
336
-122
231
-26
440
-45
-40
422
-173
401
-57
18
235
86
322
-175
431
-255
194
441
-265
-167
676
-205
-269
758
-171
-197
276
150
-96
158
743
-634
728
373
-502
528
673
-107
78
930
-182
244
504
575
-81
824
288
22
753
451
-23
470
767
-59
570
652
194
766
532
351
1011
424
875
519
679
921
274
894
901
690
578
1327
603
442
1493
538
532
1355
790
244
1410
650
536
967
945
371
984
905
713
900
939
791
1059
566
635
1222
234
1035
630
778
485
895
848
421
384
1158
275
240
1715
-170
395
1377
-182
575
920
471
252
876
850
338
580
725
612
178
846
847
104
889
786
278
682
547
670
414
771
767
215
815
916
166
655
845
386
780
687
725
809
533
798
793
838
777
678
1340
757
678
1360
860
690
1369
1085
674
1656
897
696
1526
1515
476
1596
1695
741
1637
1464
1658
1237
2025
1474
1319
2021
1819
1039
2178
1784
1275
1705
1840
1491
1586
1902
1703
1711
1776
1792
1786
1463
2230
1879
2037
2636
2273
2150
2851
2747
2434
2958
2910
2807
2669
3116
2338
2378
2461
2208
1733
1961
1922
1166
1534
1655
1012
1025
1270
972
696
1061
830
619
760
827
618
625
745
522
659
704
285
826
465
182
1146
187
152
815
438
9
350
781
-159
296
564
154
-34
318
105
-17
249
201
-173
337
104
-260
236
-54
-121
-212
416
-503
282
25
-536
152
73
-328
-171
259
-138
-336
38
-349
-36
-346
-146
-56
-170
-164
-267
-83
-129
-198
-155
-113
-260
-265
-159
-211
-314
37
-303
-416
95
-335
-442
34
-327
-206
-164
-292
-434
-73
-477
-447
-122
-316
-458
-189
-404
-272
-430
-441
-288
-233
-530
-513
-69
-520
-689
-116
-395
-627
-116
-480
-546
-349
-242
-583
-332
-289
-566
-258
-273
-400
-389
-262
-93
-522
-345
-251
-249
-242
-536
-56
-342
-499
-30
-340
-75
-386
-503
-128
-89
-403
-233
-58
-143
-86
-376
-196
116
-493
-135
-73
134
-276
-170
104
-120
-120
-148
-138
98
13
-69
-53
82
-39
-114
52
-66
145
197
-5
133
319
-59
150
366
66
193
376
350
106
400
609
-4
543
619
264
448
843
288
510
842
486
498
748
698
519
900
691
772
803
1031
859
769
1257
1157
971
1349
1300
1233
1410
1442
1468
1589
1342
1734
1672
1527
1760
1659
1788
1903
1758
1718
1722
1941
1537
1651
1715
1287
1591
1429
1163
1249
1226
1085
915
1152
872
585
1123
927
709
839
931
685
716
898
631
667
840
690
705
733
380
680
641
416
613
435
423
627
360
571
615
321
592
450
511
371
404
468
548
369
398
195
318
288
405
107
172
434
-44
62
336
-150
-323
400
-153
-173
97
-93
-297
-10
-44
-147
-211
-112
-124
-75
-242
-197
-88
-121
-120
-104
-122
-245
-18
41
-6
-36
-49
89
-102
166
-48
-153
144
-7
97
12
59
73
11
167
-2
135
-65
193
191
104
71
92
193
133
196
113
62
288
159
112
268
89
109
476
264
7
374
274
248
473
319
335
485
411
394
375
485
505
414
570
402
414
568
353
362
515
263
316
488
259
204
241
130
219
183
55
61
-57
85
8
-59
-149
-27
-186
-261
-105
-296
-204
-128
-149
-321
-375
-319
-271
-482
-458
-292
-341
-314
-247
-306
-388
-348
-305
-260
-365
-232
-246
-354
-288
-260
-505
-324
-254
-453
-318
-259
-370
-350
-232
-283
-435
-391
-320
-414
-285
-345
-396
-270
-206
-325
-285
-333
-219
-296
-251
-250
-347
-200
-116
-241
-431
-229
-273
-562
-222
-262
-435
-282
-340
-296
-496
-337
-350
-465
-402
-435
-471
-429
-357
-323
-460
-567
-374
-511
-481
-428
-619
-534
-413
-600
-597
-541
-591
-648
-432
-588
-692
-569
-675
-522
-636
-623
-628
-638
-522
-611
-697
-682
-592
-703
-671
-507
-799
-717
-527
-664
-685
-725
-570
-808
-646
-536
-793
-755
-613
-691
-676
-592
-725
-650
-599
-595
-697
-645
-669
-610
-582
-614
-609
-676
-607
-651
-568
-699
-716
-550
-624
-597
-498
-770
-652
-535
-769
-669
-643
-709
-667
-559
-630
-633
-637
-556
-626
-625
-592
-585
-585
-524
-515
-614
-610
-640
-626
-589
-595
-681
-579
-528
-636
-750
-572
-636
-687
-521
-584
-721
-532
-582
-630
-554
-636
-620
-527
-584
-553
-549
-558
-547
-484
-533
-572
-582
-584
-529
-451
-569
-653
-528
-562
-538
-605
-675
-522
-504
-479
-574
-513
-550
-565
-427
-527
-537
-432
-407
-443
-374
-474
-574
-478
-338
-456
-424
-362
-451
-461
-442
-441
-492
-451
-363
-365
-417
-431
-447
-343
-349
-343
-362
-367
-293
-265
-340
-299
-212
-344
-246
-120
-328
-239
-201
-200
-186
-237
-224
-264
-210
-222
-268
-209
-219
-210
-213
-170
-156
-237
-160
-117
-157
-163
-164
-87
-118
-107
-110
-102
-118
-59
2
-160
-83
-53
-228
-70
-92
-222
-143
-160
-181
-248
-214
-236
-220
-207
-200
-291
-248
-184
-206
-173
-194
-220
-216
-265
-270
-184
-248
-206
-167
-253
-244
-246
-284
-172
-153
-190
-228
-191
-129
-235
-170
-117
-233
-153
-148
-185
-106
-143
-142
-117
-176
-177
-126
-162
-111
-117
-158
-192
-162
-169
-190
-160
-148
-142
-99
-103
-158
-161
-142
-129
-181
-94
-113
-141
-153
-170
-150
-213
-162
-180
-192
-171
-186
-222
-217
-144
-245
-225
-220
-201
-212
-260
-218
-209
-216
-223
-255
-272
-253
-222
-217
-191
-255
-219
-261
-252
-222
-285
-212
-212
-184
-166
-207
-217
-191
-182
-183
-211
-259
-213
-233
-228
-199
-311
-208
-219
-256
-204
-250
-212
-220
-175
-161
-186
-191
-152
-182
-174
-205
-228
-241
-159
-191
-157
-244
-259
-251
-250
-239
-295
-225
-240
-248
-282
-265
-271
-307
-237
-220
-272
-266
-256
-316
-278
-219
-371
-322
-218
-313
-338
-274
-322
-352
-286
-355
-356
-310
-380
-429
-325
-399
-454
-327
-392
-423
-370
-400
-409
-408
-331
-385
-376
-339
-409
-400
-372
-416
-449
-403
-422
-424
-432
-403
-438
-467
-404
-454
-471
-422
-431
-393
-431
-413
-390
-455
-397
-375
-463
-403
-344
-425
-337
-347
-392
-358
-352
-340
-365
-321
-347
-347
-327
-368
-386
-378
-344
-346
-335
-308
-337
-346
-282
-313
-377
-332
-296
-340
-238
-251
-293
-288
-261
-299
-328
-287
-259
-246
-213
-194
-231
-272
-272
-239
-282
-261
-249
-260
-204
-204
-229
-251
-246
-280
-266
-234
-251
-196
-174
-197
-185
-197
-218
-233
-210
-185
-201
-193
-184
-182
-175
-213
-174
-165
-190
-160
-182
-138
-199
-173
-157
-219
-194
-181
-201
-187
-169
-123
-174
-183
-140
-184
-185
-167
-117
-165
-125
-143
-159
-118
-153
-156
-150
-126
-131
-179
-156
-133
-122
-128
-124
-119
-150
-152
-132
-140
-141
-119
-143
-102
-121
-154
-175
-156
-142
-136
-114
-91
-90
-78
-62
-109
-100
-93
-77
-118
-83
-70
-140
-84
-106
-129
-105
-123
-143
-106
-121
-114
-110
-117
-122
-113
-100
-117
-101
-92
-104
-68
-111
-92
-93
-84
-68
-64
-66
-91
-96
-68
-96
-109
-56
-60
-85
-48
-97
-119
-88
-108
-86
-37
-55
-52
-58
-70
-68
-80
-84
-32
-65
-57
-45
-77
-60
-50
-71
-80
-44
-71
-48
-31
-50
-43
-43
-40
-31
-40
-44
-30
-17
-32
-48
-44
-23
-48
-30
-33
-26
-33
-34
-41
-49
-48
-37
-38
-27
-9
-36
-39
14
3
-20
-6
-6
-19
-14
-4
-42
-26
13
-1
-6
20
0
-24
-7
-31
-58
-29
-6
-33
11
-4
-37
-15
-19
-26
24
32
-2
46
43
30
39
45
9
14
28
-10
-23
27
40
4
31
45
15
18
37
20
40
58
46
38
66
30
28
36
46
44
37
41
37
32
41
36
19
54
80
57
72
79
73
63
69
75
69
98
97
84
82
69
58
39
58
80
52
66
110
66
63
105
61
74
106
81
75
110
110
85
108
133
105
130
137
121
128
128
116
119
116
114
109
93
120
106
88
100
99
109
114
103
132
116
139
129
107
116
117
121
119
132
130
142
153
138
119
116
132
107
105
142
132
147
143
145
134
132
140
124
139
152
121
138
149
125
131
119
122
123
133
116
114
124
132
132
132
139
114
136
141
126
165
141
149
150
132
131
106
112
112
102
108
100
99
82
96
98
78
88
96
102
103
112
91
90
90
81
84
82
91
87
96
97
77
55
53
67
37
55
70
71
95
94
88
75
63
41
38
55
64
78
62
103
62
41
50
24
41
26
68
69
61
91
80
63
41
54
28
28
62
41
62
78
96
67
69
75
37
57
70
68
90
96
94
82
75
56
51
66
73
90
98
94
102
89
82
94
93
88
102
122
101
107
124
100
100
111
102
97
108
100
91
89
99
90
81
98
95
99
122
125
126
133
118
114
105
98
96
102
106
108
108
106
111
101
94
96
92
99
103
122
126
129
140
125
121
113
97
104
112
130
120
124
126
114
113
107
107
98
113
122
114
133
133
123
126
129
130
138
129
137
142
132
120
109
108
101
98
113
117
131
129
135
121
119
133
113
127
125
133
139
140
139
139
138
118
131
128
114
125
126
134
132
139
120
112
127
121
117
135
148
161
154
169
167
159
159
155
166
168
167
173
175
165
146
151
133
125
130
133
134
139
157
156
155
169
171
169
169
175
171
181
183
173
177
162
156
160
148
151
155
160
152
155
157
151
155
161
169
161
163
168
165
170
170
163
159
173
170
163
162
172
165
166
165
158
162
164
162
173
174
167
172
181
172
161
162
154
154
150
154
155
153
171
158
164
149
161
162
154
173
166
165
167
180
164
161
167
164
160
161
160
158
156
161
159
158
160
158
151
162
152
157
157
154
166
168
168
169
180
180
174
172
174
169
166
169
171
169
173
164
166
166
160
157
151
157
154
153
163
156
156
171
166
170
169
171
167
172
171
163
161
162
164
160
161
169
170
178
177
182
182
176
178
166
161
166
162
165
171
165
163
160
161
153
163
160
160
174
179
181
175
177
173
165
163
158
166
167
171
182
175
166
162
156
155
159
156
170
180
184
185
181
185
174
174
179
179
175
183
183
179
186
181
171
182
179
169
176
186
176
184
188
176
187
187
182
184
189
190
199
209
207
204
197
200
189
193
180
176
194
192
185
184
189
185
181
178
178
175
176
183
186
191
189
191
198
193
191
184
182
195
196
191
199
203
201
201
194
192
190
193
