-9
-8
-7
-6
-5
-6
-6
-6
-6
-7
-7
-7
-6
-6
-7
-8
-7
-7
-7
-6
-6
-7
-7
-7
-6
-5
-7
-7
-8
-6
-5
-6
-6
-7
-6
-7
-8
-9
-10
-10
-11
-10
-7
-6
-5
-6
-7
-7
-7
-9
-9
-9
-9
-7
-6
-5
-5
-6
-6
-6
-7
-7
-7
-7
-8
-8
-6
-7
-7
-8
-7
-9
-8
-7
-7
-8
-6
-6
-6
-6
-7
-7
-5
-6
-5
-6
-7
-7
-5
-4
-3
-5
-7
-8
-9
-5
-3
-2
-2
-5
-6
-7
-5
-4
-3
-5
-8
-8
-8
-8
-5
-5
-6
-7
-7
-7
-5
-3
-2
-3
-4
-7
-8
-5
-5
-4
-6
-7
-6
-4
-3
-3
-5
-7
-6
-7
-7
-5
-5
-4
-4
-4
-5
-3
-2
-2
-5
-5
-4
-2
-3
-4
-5
-5
-5
-5
-6
-5
-5
-4
-3
-3
-3
-3
-5
-5
-6
-5
-6
-5
-5
-7
-7
-6
-5
-7
-7
-8
-8
-7
-6
-6
-5
-6
-6
-7
-8
-7
-7
-6
-6
-6
-5
-6
-6
-6
-8
-7
-9
-8
-7
-5
-6
-5
-6
-6
-6
-5
-6
-8
-9
-10
-9
-8
-8
-6
-5
-6
-6
-7
-8
-11
-12
-10
-8
-7
-7
-6
-8
-8
-8
-7
-7
-8
-7
-8
-7
-6
-5
-7
-7
-8
-8
-7
-7
-4
-4
-5
-6
-8
-9
-9
-8
-8
-8
-8
-8
-10
-8
-7
-7
-7
-8
-8
-6
-6
-3
-3
-4
-5
-5
-3
-2
-3
-7
-8
-7
-7
-5
-6
-5
-6
-6
-6
-5
-3
-2
-4
-4
-4
-2
-1
-2
-1
-1
0
0
0
-1
-3
-4
-4
-4
-4
-5
-5
-5
-5
-4
-5
-6
-6
-6
-6
-5
-5
-4
-3
-4
-3
-2
1
0
1
1
1
0
0
0
-2
-1
0
1
1
2
1
1
1
1
-1
0
0
0
3
3
3
2
2
3
4
3
2
1
0
0
0
1
2
3
2
0
2
2
4
2
0
0
2
3
2
1
-1
-2
-1
1
0
3
3
2
1
-1
-1
1
1
2
1
0
1
1
1
2
0
-1
-2
-3
-1
-1
-1
-1
-1
0
1
2
1
1
-2
-3
-2
-3
-2
-3
-4
-3
-4
-4
-3
-3
0
-1
-3
-4
-3
-3
-4
-3
-3
-3
-3
-4
-4
-5
-3
-3
-6
-6
-6
-7
-5
-5
-6
-6
-7
-8
-7
-6
-4
-3
-5
-5
-7
-8
-9
-6
-7
-8
-8
-9
-8
-6
-6
-5
-6
-6
-7
-7
-7
-4
-4
-4
-4
-5
-6
-6
-6
-7
-5
-7
-9
-10
-9
-8
-7
-7
-7
-7
-8
-7
-6
-5
-5
-8
-9
-10
-8
-7
-8
-6
-8
-9
-9
-10
-7
-6
-7
-9
-11
-11
-11
-9
-10
-11
-10
-11
-10
-9
-8
-10
-10
-10
-9
-8
-8
-9
-10
-10
-12
-11
-12
-12
-13
-13
-13
-12
-10
-10
-10
-12
-12
-11
-10
-9
-9
-8
-10
-11
-11
-10
-10
-11
-12
-15
-15
-12
-12
-11
-12
-14
-14
-14
-11
-11
-12
-13
-13
-12
-11
-10
-9
-9
-12
-13
-12
-10
-9
-9
-9
-9
-9
-10
-10
-10
-12
-13
-12
-9
-6
-6
-8
-9
-11
-11
-8
-7
-8
-9
-8
-8
-7
-6
-3
-3
-4
-6
-9
-8
-7
-7
-5
-6
-5
-4
-4
-6
-7
-8
-9
-8
-6
-6
-6
-5
-6
-8
-7
-7
-6
-6
-6
-7
-7
-5
-5
-4
-5
-6
-9
-9
-8
-8
-7
-7
-8
-9
-11
-9
-7
-5
-6
-7
-9
-9
-9
-6
-4
-4
-6
-6
-5
-5
-3
-3
-4
-7
-7
-7
-5
-3
-3
-4
-5
-4
-2
-2
-2
-2
-3
-5
-6
-5
-5
-3
-3
-3
-5
-7
-7
-5
-3
-3
-5
-7
-7
-8
-6
-6
-7
-8
-7
-7
-6
-4
-5
-7
-6
-8
-7
-6
-5
-4
-3
-4
-5
-4
-6
-4
-4
-4
-6
-6
-7
-5
-5
-6
-7
-7
-8
-7
-7
-5
-4
-5
-6
-7
-7
-7
-10
-10
-10
-10
-8
-7
-5
-7
-8
-9
-10
-10
-9
-10
-10
-11
-12
-11
-10
-10
-11
-10
-11
-12
-12
-12
-14
-12
-12
-10
-10
-11
-12
-11
-10
-9
-9
-10
-10
-11
-9
-8
-8
-9
-9
-11
-11
-11
-10
-11
-13
-15
-16
-14
-10
-9
-9
-11
-12
-11
-11
-11
-11
-12
-12
-10
-10
-9
-9
-11
-12
-12
-11
-12
-12
-12
-13
-13
-13
-11
-11
-13
-13
-13
-11
-10
-9
-9
-12
-12
-12
-11
-11
-10
-11
-12
-12
-10
-9
-10
-10
-12
-12
-9
-8
-7
-6
-6
-8
-9
-8
-7
-7
-7
-8
-8
-7
-7
-7
-6
-8
-11
-10
-10
-7
-6
-6
-7
-8
-10
-11
-9
-8
-8
-8
-8
-8
-6
-5
-5
-6
-8
-9
-10
-6
-4
-4
-5
-5
-5
-7
-8
-8
-8
-8
-8
-8
-8
-6
-5
-4
-6
-7
-8
-8
-9
-8
-7
-7
-5
-3
-2
-3
-3
-5
-5
-4
-3
-2
-2
-3
-4
-4
-4
-3
-3
-3
-4
-6
-5
-8
-7
-6
-6
-6
-6
-7
-7
-7
-4
-2
-4
-5
-6
-7
-4
-3
-2
-1
-4
-4
-3
-2
-1
-3
-7
-7
-8
-7
-6
-5
-6
-8
-8
-8
-8
-7
-7
-8
-8
-8
-8
-7
-7
-8
-11
-10
-8
-6
-5
-6
-8
-10
-10
-9
-10
-10
-10
-12
-13
-12
-11
-11
-11
-14
-14
-14
-12
-11
-11
-12
-13
-13
-13
-12
-11
-11
-13
-15
-15
-15
-13
-12
-14
-15
-16
-16
-15
-13
-14
-15
-16
-17
-15
-15
-14
-13
-13
-15
-16
-17
-17
-16
-15
-15
-13
-14
-15
-15
-15
-15
-14
-15
-15
-16
-17
-17
-18
-19
-17
-16
-15
-14
-15
-16
-16
-16
-17
-15
-16
-15
-15
-13
-12
-13
-14
-15
-15
-16
-15
-15
-16
-16
-16
-17
-18
-19
-20
-20
-19
-18
-16
-17
-15
-15
-16
-17
-19
-20
-21
-18
-16
-14
-15
-17
-17
-17
-18
-19
-21
-22
-22
-19
-18
-17
-19
-19
-20
-19
-18
-17
-16
-17
-17
-17
-17
-16
-16
-18
-18
-17
-16
-17
-17
-17
-18
-17
-16
-16
-17
-18
-19
-19
-18
-18
-19
-18
-18
-18
-18
-18
-19
-21
-22
-20
-18
-17
-17
-20
-20
-20
-18
-17
-18
-19
-20
-21
-19
-18
-19
-21
-22
-24
-22
-19
-18
-17
-17
-18
-18
-17
-16
-16
-18
-19
-19
-19
-18
-17
-17
-18
-17
-18
-19
-16
-17
-17
-19
-20
-20
-20
-19
-19
-21
-21
-20
-18
-17
-17
-16
-16
-17
-18
-19
-18
-17
-17
-18
-16
-16
-16
-18
-18
-18
-18
-17
-16
-15
-15
-15
-16
-17
-15
-14
-12
-12
-16
-18
-16
-15
-14
-14
-14
-15
-17
-18
-17
-17
-17
-17
-18
-18
-15
-14
-14
-15
-16
-19
-18
-17
-16
-16
-17
-18
-20
-18
-16
-18
-15
-14
-15
-15
-15
-16
-17
-17
-17
-16
-16
-15
-16
-17
-16
-17
-18
-16
-17
-16
-17
-17
-17
-16
-16
-16
-15
-14
-14
-15
-15
-15
-15
-14
-14
-16
-14
-14
-13
-10
-11
-10
-11
-12
-12
-13
-10
-9
-10
-9
-11
-10
-8
-8
-8
-7
-10
-10
-11
-10
-10
-8
-8
-8
-10
-10
-9
-9
-10
-9
-7
-8
-5
-6
-5
-6
-6
-7
-8
-7
-7
-6
-7
-6
-6
-5
-3
-3
-4
-4
-7
-8
-8
-8
-6
-5
-4
-5
-6
-9
-9
-7
-6
-5
-6
-7
-6
-5
-5
-5
-6
-6
-8
-9
-8
-8
-7
-7
-7
-7
-7
-8
-7
-6
-8
-7
-6
-5
-4
-4
-5
-6
-5
-5
-3
-3
-4
-4
-5
-6
-4
-3
-4
-6
-8
-8
-6
-5
-5
-5
-6
-6
-5
-5
-3
-3
-5
-4
-4
-4
-2
-1
-2
-3
-5
-4
-4
-2
-1
-1
-2
-3
-3
-3
-2
-3
-3
-4
-4
-4
-5
-6
-6
-5
-5
-6
-5
-6
-4
-3
-2
-2
-3
-2
-2
-3
-2
-2
-2
-3
-3
-3
-2
-2
-3
-5
-5
-4
-4
-4
-5
-6
-5
-4
-4
-5
-5
-5
-6
-6
-5
-4
-3
-5
-7
-8
-8
-5
-4
-5
-5
-7
-7
-7
-8
-9
-10
-12
-14
-12
-10
-8
-8
-9
-11
-13
-13
-12
-11
-9
-11
-11
-11
-9
-8
-8
-8
-8
-9
-11
-12
-13
-12
-12
-13
-13
-13
-14
-13
-12
-12
-12
-13
-14
-12
-12
-10
-11
-11
-11
-11
-11
-11
-11
-13
-12
-13
-11
-10
-9
-10
-11
-10
-10
-10
-10
-10
-13
-14
-13
-12
-10
-9
-8
-9
-11
-11
-10
-11
-11
-13
-15
-16
-14
-13
-12
-13
-13
-14
-15
-15
-14
-14
-14
-13
-13
-12
-12
-14
-16
-15
-15
-15
-15
-14
-14
-14
-15
-12
-13
-14
-14
-16
-16
-15
-14
-13
-12
-13
-14
-15
-16
-16
-15
-14
-13
-14
-15
-15
-15
-12
-13
-14
-15
-14
-14
-14
-15
-15
-15
-14
-15
-15
-15
-16
-15
-15
-15
-13
-13
-13
-14
-14
-14
-12
-11
-11
-13
-12
-14
-15
-14
-13
-11
-10
-12
-11
-11
-10
-10
-12
-12
-10
-9
-8
-8
-10
-8
-9
-8
-8
-8
-9
-8
-8
-8
-9
-10
-9
-9
-7
-8
-7
-6
-6
-6
-6
-5
-7
-8
-8
-9
-7
-5
-4
-6
-6
-7
-6
-6
-6
-7
-6
-5
-4
-3
-3
-2
-4
-5
-6
-5
-4
-4
-3
-5
-5
-7
-5
-5
-4
-4
-5
-6
-6
-4
-4
-3
-4
-5
-5
-3
-1
-2
-4
-5
-6
-4
-5
-4
-4
-6
-8
-8
-6
-6
-7
-6
-7
-6
-7
-8
-8
-8
-7
-7
-6
-6
-7
-7
-8
-8
-7
-7
-6
-5
-5
-5
-8
-9
-9
-9
-8
-8
-8
-10
-10
-10
-9
-9
-10
-11
-12
-11
-11
-11
-9
-9
-9
-9
-10
-8
-8
-9
-10
-8
-6
-6
-6
-6
-6
-6
-7
-8
-9
-9
-11
-9
-9
-9
-9
-8
-10
-10
-8
-8
-6
-7
-8
-9
-6
-6
-5
-5
-6
-6
-6
-6
-5
-6
-7
-8
-9
-9
-9
-8
-8
-10
-12
-11
-10
-10
-9
-10
-11
-11
-10
-8
-9
-8
-8
-9
-8
-9
-8
-7
-5
-6
-8
-10
-8
-7
-5
-5
-6
-8
-8
-9
-8
-7
-7
-6
-7
-7
-8
-8
-7
-8
-8
-7
-8
-6
-7
-6
-6
-7
-8
-8
-10
-10
-8
-8
-9
-10
-9
-8
-8
-7
-9
-9
-11
-11
-10
-9
-8
-8
-9
-9
-8
-8
-6
-5
-7
-7
-7
-7
-6
-6
-5
-6
-6
-5
-5
-5
-4
-3
-4
-5
-7
-6
-5
-3
-2
-2
-4
-5
-6
-5
-4
-4
-3
-5
-5
-3
-1
0
0
-3
-4
-5
-5
-4
-3
-5
-4
-5
-3
-2
-3
-3
-4
-3
-5
-5
-5
-4
-2
-1
0
1
0
-2
-3
-2
-2
-1
-2
-2
0
0
2
2
0
-2
-1
-2
-1
1
0
-2
-1
-1
-1
1
-1
-2
-2
-1
0
0
-1
-2
0
1
3
4
3
2
1
0
-1
-1
0
0
-2
-3
-1
0
2
2
0
-2
-1
1
1
2
2
1
4
3
3
4
3
3
3
4
4
3
3
2
2
0
-2
-1
-1
0
1
0
0
0
1
0
0
0
2
2
1
1
2
1
2
1
0
0
1
0
1
2
2
3
2
3
3
2
2
0
-1
0
0
2
1
0
0
-2
-2
-1
0
-1
-2
-3
-2
-1
1
-1
-3
-4
-3
0
1
1
0
-1
0
1
2
3
2
0
-2
-2
-1
0
-1
-3
-4
-3
-1
-2
-2
-2
-2
-2
-2
-2
-2
-3
-4
-4
-4
-3
-2
-1
-2
-3
-5
-4
-4
-3
-3
-3
-5
-4
-3
-3
-3
-3
-3
-3
-3
-4
-5
-5
-4
-4
-3
-4
-7
-7
-7
-5
-6
-7
-6
-6
-7
-4
-3
-4
-3
-4
-5
-6
-7
-6
-6
-6
-6
-6
-6
-7
-8
-8
-9
-8
-8
-9
-8
-8
-6
-5
-5
-6
-7
-7
-8
-8
-5
-5
-5
-6
-6
-7
-6
-6
-8
-8
-9
-10
-9
-7
-7
-8
-8
-9
-8
-8
-8
-8
-8
-9
-8
-8
-8
-7
-8
-8
-6
-5
-4
-4
-5
-6
-7
-7
-7
-6
-5
-5
-4
-4
-5
-7
-6
-6
-6
-6
-6
-6
-6
-5
-4
-4
-5
-6
-8
-7
-6
-4
-4
-3
-2
-3
-3
-3
-3
-2
-3
-4
-4
-5
-4
-5
-6
-6
-7
-7
-7
-7
-6
-6
-7
-8
-9
-8
-8
-8
-8
-7
-5
-4
-4
-4
-4
-5
-6
-6
-6
-5
-4
-4
-3
-5
-5
-6
-7
-6
-7
-9
-9
-7
-6
-5
-7
-8
-9
-8
-7
-5
-4
-4
-5
-5
-5
-6
-5
-6
-6
-7
-7
-8
-7
-6
-6
-6
-7
-8
-8
-10
-10
-9
-8
-8
-8
-9
-9
-9
-9
-8
-7
-6
-7
-8
-9
-9
-7
-9
-8
-9
-9
-8
-9
-10
-10
-10
-10
-10
-9
-8
-8
-8
-8
-8
-8
-9
-9
-8
-7
-7
-6
-7
-9
-10
-10
-9
-10
-10
-11
-10
-10
-10
-10
-11
-12
-12
-12
-11
-11
-11
-12
-10
-11
-10
-7
-7
-8
-9
-9
-8
-9
-7
-10
-9
-9
-9
-9
-9
-9
-10
-10
-11
-11
-11
-10
-9
-10
-11
-10
-10
-11
-10
-10
-10
-9
-8
-8
-10
-11
-12
-11
-8
-8
-8
-10
-12
-13
-15
-13
-14
-15
-14
-15
-14
-12
-12
-13
-14
-14
-14
-13
-11
-10
-9
-11
-12
-12
-13
-12
-11
-10
-11
-11
-12
-12
-11
-11
-11
-12
-13
-13
-15
-13
-11
-10
-9
-8
-9
-12
-13
-13
-11
-9
-8
-8
-9
-11
-9
-8
-9
-10
-11
-11
-12
-11
-9
-7
-7
-8
-8
-9
-8
-7
-7
-9
-10
-9
-9
-7
-7
-9
-9
-9
-10
-9
-10
-10
-9
-9
-9
-11
-11
-12
-12
-11
-11
-10
-10
-11
-10
-7
-6
-6
-6
-8
-9
-11
-11
-9
-7
-7
-6
-7
-7
-7
-8
-8
-9
-10
-10
-8
-7
-7
-8
-7
-8
-9
-9
-9
-8
-6
-5
-5
-6
-7
-6
-4
-3
-4
-5
-6
-7
-6
-6
-6
-6
-7
-8
-8
-6
-5
-4
-5
-7
-8
-9
-8
-7
-6
-7
-8
-6
-6
-4
-5
-6
-5
-5
-5
-7
-6
-4
-4
-3
-5
-5
-4
-3
-3
-4
-2
-4
-3
-5
-4
-5
-4
-4
-3
-2
-3
-2
-3
-4
-6
-5
-4
-3
-3
-4
-3
-3
-2
-1
-2
-3
-2
-3
-3
-3
1
1
-1
-2
-1
-1
-1
-1
-2
-2
-3
-2
0
1
2
2
-1
-1
-1
0
-1
0
0
1
1
3
3
2
1
1
0
-1
0
1
1
2
2
2
2
1
1
0
0
0
-1
0
2
2
2
0
-1
-2
-2
0
0
3
2
2
2
1
1
2
0
0
1
1
2
2
2
0
-1
-2
-3
-1
1
1
1
0
0
-1
-1
-1
-1
-2
-3
-4
-2
-3
-2
-2
-2
-2
-4
-3
-2
-3
-3
-3
-2
-2
0
0
-1
-3
-4
-3
-1
-1
-1
-1
1
0
0
-1
-2
-3
-2
-2
0
2
2
0
0
-1
-1
0
1
-1
-3
-2
0
0
0
0
-1
-1
-1
0
1
1
0
0
0
-2
-2
-1
-1
-1
-3
-2
0
1
1
-1
-2
-3
0
-1
-1
-3
-4
-4
-3
0
1
0
-1
-2
-4
-2
-3
-3
-2
-2
-2
-1
-1
-1
-1
0
2
1
-1
-1
-1
-2
-1
-1
1
-2
-2
-3
-3
-3
-3
-2
-1
0
-1
0
-1
-2
-2
-1
0
2
2
2
2
3
1
0
-1
-1
0
1
0
-1
1
1
1
2
0
-3
-3
-2
0
0
-1
-1
-1
1
3
0
-1
-2
-2
-1
-1
1
3
3
1
-1
-1
2
2
2
1
1
1
3
3
2
2
0
0
0
1
2
1
2
1
1
-1
0
0
-2
-1
0
1
2
1
-1
-1
0
1
1
1
2
2
2
0
0
1
1
1
0
-2
-4
-3
-2
0
-1
0
-1
-1
-1
0
0
0
-1
-2
-2
-1
-1
-1
-1
-1
1
1
0
-3
-5
-4
-4
-4
-4
-5
-7
-5
-4
-4
-4
-3
-4
-5
-3
-2
-2
-3
-4
-6
-5
-5
-3
-5
-4
-5
-7
-6
-6
-6
-5
-7
-8
-9
-9
-8
-8
-8
-9
-9
-11
-11
-10
-10
-9
-10
-10
-11
-10
-10
-11
-9
-8
-8
-9
-10
-9
-9
-8
-8
-6
-5
-6
-7
-6
-5
-5
-6
-7
-10
-11
-10
-7
-6
-7
-9
-10
-9
-9
-8
-8
-9
-10
-11
-11
-9
-7
-7
-8
-10
-12
-11
-9
-7
-8
-10
-13
-14
-13
-12
-12
-13
-15
-15
-14
-12
-11
-11
-12
-13
-13
-10
-9
-9
-11
-11
-11
-11
-10
-11
-11
-12
-12
-12
-12
-12
-12
-15
-16
-13
-11
-12
-12
-13
-13
-12
-11
-9
-10
-10
-10
-10
-10
-10
-11
-11
-13
-13
-12
-13
-14
-12
-12
-12
-12
-12
-10
-10
-8
-9
-10
-11
-10
-10
-9
-10
-10
-9
-9
-9
-11
-13
-15
-14
-13
-13
-13
-15
-14
-14
-12
-10
-9
-10
-11
-10
-11
-10
-9
-9
-10
-10
-10
-9
-9
-8
-8
-11
-12
-11
-10
-9
-9
-9
-9
-11
-11
-10
-10
-11
-12
-13
-12
-10
-12
-12
-12
-13
-13
-13
-14
-14
-13
-13
-14
-15
-14
-14
-14
-13
-14
-13
-11
-11
-11
-11
-13
-13
-13
-14
-13
-14
-13
-14
-13
-13
-12
-12
-13
-13
-13
-13
-13
-13
-13
-11
-12
-13
-11
-11
-11
-12
-14
-14
-13
-12
-13
-13
-12
-13
-12
-11
-12
-12
-13
-13
-13
-12
-12
-12
-11
-12
-13
-14
-12
-12
-11
-10
-9
-9
-9
-10
-12
-12
-11
-10
-10
-9
-8
-9
-10
-11
-12
-12
-13
-12
-13
-12
-12
-11
-10
-9
-8
-10
-10
-10
-10
-12
-11
-10
-10
-9
-9
-7
-8
-8
-8
-8
-8
-8
-9
-10
-9
-8
-6
-6
-5
-5
-5
-6
-7
-6
-6
-5
-4
-5
-5
-5
-5
-7
-9
-7
-7
-7
-6
-7
-6
-7
-7
-7
-7
-6
-5
-6
-6
-7
-7
-7
-7
-6
-6
-7
-7
-6
-5
-6
-4
-3
-4
-5
-5
-6
-6
-6
-6
-6
-7
-6
-5
-6
-7
-7
-7
-7
-6
-6
-6
-5
-4
-4
-5
-4
-5
-3
-4
-4
-5
-5
-4
-4
-5
-5
-6
-5
-5
-6
-7
-6
-5
-4
-4
-3
-3
-4
-3
-3
-3
-2
-2
-2
-3
-3
-2
-1
-1
-2
-4
-4
-3
-4
-2
-2
0
0
0
-1
-4
-4
-2
-1
0
-1
-1
-2
-1
-1
-1
-1
-1
-3
-3
-4
-3
-2
-3
-3
-3
-3
-5
-3
-3
-3
-3
-2
-2
-3
-3
-3
-2
-3
-4
-6
-6
-5
-4
-3
-3
-4
-3
-2
-1
-2
-4
-5
-7
-7
-6
-4
-2
-3
-4
-4
-3
-2
-2
-2
-5
-5
-5
-4
-2
-3
-3
-4
-5
-5
-4
-4
-4
-5
-6
-6
-6
-6
-5
-6
-7
-7
-6
-6
-6
-6
-7
-6
-6
-7
-6
-6
-7
-7
-7
-7
-7
-6
-7
-7
-6
-5
-5
-5
-6
-6
-6
-5
-6
-6
-7
-8
-8
-8
-6
-7
-7
-7
-9
-10
-10
-8
-7
-8
-10
-10
-9
-8
-8
-9
-9
-9
-8
-9
-9
-9
-9
-11
-11
-12
-11
-11
-10
-8
-8
-8
-8
-7
-7
-7
-8
-7
-7
-6
-6
-7
-6
-6
-5
-6
-7
-7
-8
-7
-8
-7
-7
-6
-6
-4
-3
-2
-2
-3
-5
-6
-7
-6
-5
-4
-4
-5
-4
-5
-5
-7
-8
-9
-10
-7
-8
-9
-8
-8
-7
-8
-8
-8
-8
-8
-7
-6
-4
-6
-5
-6
-7
-6
-6
-5
-6
-6
-5
-4
-6
-5
-7
-6
-6
-7
-5
-6
-4
-5
-3
-2
-2
-4
-6
-5
-3
-2
-2
-2
-1
-1
-2
-4
-5
-6
-5
-4
-6
-4
-3
-1
-1
-2
-2
-3
-3
-4
-5
-3
-3
-4
-5
-5
-4
-1
-1
-2
-2
-2
-2
1
0
-1
-1
-2
-2
-3
-2
-3
-3
-3
-2
-1
0
1
0
-1
-1
-1
-1
-1
0
-1
0
-1
-1
-2
-4
-3
-4
-4
-5
-4
-3
-3
-3
-5
-4
-5
-6
-7
-6
-4
-4
-4
-3
-3
-5
-6
-8
-7
-6
-6
-6
-5
-6
-5
-6
-6
-7
-6
-5
-6
-6
-6
-5
-5
-5
-5
-5
-4
-5
-4
-5
-6
-6
-6
-6
-4
-6
-6
-6
-8
-8
-7
-6
-6
-6
-8
-10
-10
-9
-8
-7
-9
-9
-10
-12
-11
-12
-11
-12
-12
-12
-11
-10
-10
-11
-12
-13
-12
-12
-11
-10
-10
-11
-13
-13
-13
-11
-10
-11
-13
-14
-13
-13
-15
-16
-14
-15
-14
-13
-13
-13
-14
-13
-13
-14
-13
-14
-15
-15
-14
-14
-12
-10
-12
-12
-11
-12
-12
-13
-13
-13
-12
-10
-8
-5
-6
-8
-10
-12
-11
-10
-9
-9
-9
-10
-9
-9
-9
-11
-13
-13
-13
-13
-11
-8
-8
-8
-9
-9
-10
-10
-12
-12
-13
-11
-7
-7
-8
-10
-10
-10
-10
-8
-7
-7
-6
-8
-8
-7
-7
-7
-8
-9
-9
-9
-9
-7
-6
-7
-7
-7
-8
-8
-9
-9
-9
-10
-11
-9
-7
-5
-4
-6
-7
-7
-7
-7
-6
-7
-8
-9
-8
-7
-5
-5
-6
-8
-8
-8
-4
-4
-6
-6
-7
-7
-6
-6
-7
-6
-6
-5
-5
-4
-4
-5
-6
-6
-7
-7
-6
-5
-6
-5
-5
-4
-3
-5
-6
-6
-6
-5
-4
-3
-5
-5
-5
-5
-4
-5
-4
-4
-4
-4
-4
-4
-4
-4
-4
-3
-3
-1
-2
-3
-4
-5
-5
-4
-3
-3
-3
-2
-2
-3
-3
-3
-3
-4
-3
-3
-4
-3
-4
-5
-5
-4
-3
-3
-3
-4
-4
-5
-5
-4
-3
-2
-3
-2
-2
-3
-2
-3
-3
-2
-3
-3
-4
-4
-4
-3
-4
-4
-2
-2
-1
-2
-3
-3
-2
-1
-1
-2
-3
-3
-1
-1
1
1
-1
-1
-3
-3
-4
-2
-3
-3
-3
-4
-1
-1
-1
-5
-6
-5
-3
-1
0
-2
-2
-2
-4
-1
-1
0
0
0
1
-1
-2
-2
-1
-1
0
-1
-2
-2
-3
-2
-3
-2
-2
-2
-3
-1
-1
1
0
-2
-3
-1
0
-1
0
0
0
1
2
1
1
1
0
1
0
1
1
0
0
0
1
1
1
-1
0
2
0
1
-1
0
1
1
2
2
1
1
1
1
2
2
4
3
3
3
3
4
3
2
3
2
4
3
4
3
1
3
2
2
1
2
4
5
7
4
3
3
3
6
5
6
5
6
6
5
6
6
6
6
5
4
4
4
4
5
5
3
3
3
3
2
1
-1
1
3
3
4
5
4
4
5
6
5
4
4
4
4
4
5
4
4
4
4
5
5
5
3
2
0
1
3
3
3
3
2
4
4
5
5
3
1
1
1
1
0
0
0
0
0
-2
-2
-1
-2
0
-2
-3
-2
-3
-2
-2
-2
-2
-1
-1
-3
-1
-1
-1
-1
-1
-2
-2
-2
-2
0
0
-1
-2
-2
-3
-2
-2
-4
-6
-9
-9
-7
-5
-4
-4
-5
-5
-4
-3
-2
-3
-5
-6
-6
-5
-4
-2
-4
-6
-6
-6
-6
-8
-10
-12
-11
-11
-9
-8
-7
-7
-8
-10
-11
-10
-9
-9
-9
-8
-8
-8
-9
-10
-8
-10
-10
-12
-13
-13
-11
-11
-10
-11
-13
-14
-14
-12
-12
-13
-15
-16
-16
-15
-13
-14
-16
-17
-17
-18
-16
-15
-17
-18
-17
-15
-14
-14
-15
-15
-16
-13
-12
-12
-13
-16
-17
-16
-15
-15
-16
-19
-20
-21
-20
-19
-17
-17
-18
-19
-20
-20
-19
-18
-19
-17
-15
-15
-15
-14
-14
-13
-13
-13
-14
-15
-13
-13
-13
-13
-14
-16
-17
-17
-16
-14
-14
-14
-15
-13
-14
-12
-13
-14
-16
-17
-15
-14
-10
-11
-10
-11
-12
-14
-12
-11
-10
-11
-12
-14
-15
-14
-13
-12
-12
-13
-14
-13
-14
-15
-15
-14
-13
-12
-12
-11
-14
-15
-16
-18
-16
-16
-16
-17
-17
-17
-17
-15
-13
-14
-15
-16
-16
-15
-13
-12
-11
-12
-13
-13
-12
-12
-14
-16
-15
-16
-15
-11
-11
-10
-11
-12
-12
-12
-9
-9
-12
-12
-12
-10
-9
-9
-10
-11
-11
-13
-12
-12
-13
-13
-15
-15
-15
-13
-12
-13
-13
-12
-11
-9
-9
-9
-12
-12
-13
-11
-9
-9
-10
-11
-11
-13
-13
-13
-13
-15
-14
-15
-13
-14
-13
-12
-13
-12
-11
-10
-10
-10
-11
-11
-11
-11
-11
-13
-15
-15
-13
-13
-14
-15
-14
-16
-16
-16
-17
-15
-14
-12
-12
-11
-12
-11
-10
-11
-11
-14
-15
-15
-14
-12
-11
-10
-11
-12
-14
-15
-14
-14
-15
-16
-17
-16
-15
-15
-14
-14
-14
-14
-14
-14
-13
-13
-14
-14
-15
-14
-14
-12
-12
-11
-12
-13
-13
-12
-12
-12
-11
-11
-9
-11
-11
-12
-13
-12
-11
-11
-11
-10
-10
-10
-9
-8
-10
-9
-11
-10
-10
-8
-7
-7
-7
-9
-10
-10
-9
-9
-9
-9
-9
-8
-7
-6
-6
-7
-8
-9
-9
-8
-8
-8
-9
-7
-8
-6
-6
-7
-9
-9
-8
-7
-6
-7
-6
-7
-8
-7
-7
-9
-11
-11
-11
-10
-9
-8
-9
-11
-10
-9
-8
-7
-8
-8
-8
-8
-8
-7
-7
-7
-8
-7
-6
-6
-5
-5
-4
-4
-3
-3
-4
-5
-6
-6
-7
-7
-5
-5
-4
-3
-5
-4
-4
-5
-4
-4
-4
-4
-4
-4
-4
-2
-3
-3
-5
-5
-5
-5
-4
-3
-4
-3
-2
-2
-2
-2
-2
-3
-2
-1
0
-1
1
1
2
2
3
3
4
3
2
3
2
1
3
3
2
4
4
3
3
2
2
4
4
3
3
3
3
5
5
4
5
4
4
5
5
7
6
6
6
5
5
7
8
6
6
7
7
6
6
7
8
7
7
8
9
9
9
7
5
6
7
7
6
5
6
7
6
7
6
5
4
3
3
5
6
5
6
5
5
7
6
5
3
4
3
3
4
4
2
2
1
0
1
1
1
2
4
3
3
1
1
1
3
5
3
3
3
3
5
4
5
3
2
3
4
3
3
2
2
3
4
3
1
3
2
2
1
0
0
2
1
2
0
2
1
2
3
3
4
5
4
3
1
1
1
0
1
2
2
1
-1
-2
-1
-2
-1
-3
-3
-4
-2
0
0
0
-2
-1
-2
-3
-3
-3
-2
-1
0
0
0
2
0
0
-2
-3
-2
-1
-2
-3
-3
-1
1
3
2
0
-2
-4
-6
-5
-3
-1
0
1
0
0
-1
1
1
0
-1
-1
-1
-1
-2
-2
-3
-2
-3
-3
-4
-3
-3
-2
-1
0
0
1
-3
-4
-3
-1
0
1
1
1
1
2
1
1
-1
-1
1
1
1
0
0
-1
0
-1
-1
-3
-2
-3
-3
-3
-2
-1
-2
-2
-3
-2
-1
0
-1
-1
-1
1
-1
-4
-5
-5
-5
-4
-3
-2
-1
-1
-3
-3
-4
-4
-3
-5
-6
-5
-4
-4
-3
-4
-3
-3
-3
-3
-3
-2
-1
-3
-4
-5
-4
-3
-3
-5
-5
-5
-4
-3
-3
-5
-4
-5
-5
-3
-5
-5
-6
-6
-4
-2
-1
-1
0
-1
1
1
0
-1
-1
-2
-2
1
0
1
0
-1
-2
0
-1
-1
-2
-2
-2
0
0
1
1
0
-1
-1
-2
-1
0
-2
0
0
-1
1
-1
-1
-1
-3
-4
-3
-3
-2
-2
-1
-2
-2
-1
0
1
0
-1
-2
-3
-2
-3
-1
0
-1
0
-1
-1
0
-1
-3
-2
-1
0
0
-1
-2
-2
-1
-1
-1
1
1
0
0
0
-1
0
0
0
0
1
0
0
1
1
0
1
1
2
2
2
1
0
1
1
0
-1
-1
0
1
2
0
1
0
-1
-1
-1
1
1
0
0
-1
0
2
3
3
1
-1
-2
-1
0
1
2
1
0
1
1
0
-1
-2
-4
-2
-2
-1
1
0
1
1
0
-1
-2
-2
-2
0
3
2
3
1
2
2
3
2
2
0
2
0
1
1
2
2
0
-1
-1
1
2
2
3
1
0
0
-1
0
1
1
1
-1
-1
-2
-1
-1
-2
-2
-2
-2
-1
2
3
4
2
1
1
1
3
2
1
0
0
0
0
1
0
-1
-4
-5
-4
-2
-2
-3
-4
-3
-2
-1
-2
-2
-3
-2
-3
-3
-1
-1
0
1
1
0
1
1
0
-1
0
0
-1
1
0
1
2
2
2
2
2
0
1
0
0
1
2
1
1
0
0
0
1
1
-1
-1
0
0
1
0
-2
-2
-4
-4
-4
-3
-2
-2
0
0
0
-1
-2
-6
-6
-4
-2
0
0
0
-1
-1
0
0
-1
-1
-3
-3
-1
1
2
2
-2
-4
-3
-2
2
2
1
0
1
2
3
4
1
0
0
0
2
3
2
-1
-2
-4
-3
-1
-3
-2
-2
-2
-1
1
2
1
1
0
-1
1
1
1
1
2
3
3
3
4
3
2
2
2
2
3
4
3
3
3
2
1
1
0
2
2
2
3
3
3
3
1
1
1
1
2
1
1
-1
-2
-2
-2
-2
-2
-1
-1
-2
-2
-1
-2
-2
-2
-4
-4
-3
-2
-2
-2
-3
-3
-3
-4
-2
-2
-2
-3
-2
-1
-1
-4
-5
-4
-5
-2
-2
-2
-4
-6
-6
-4
-3
-3
-2
-2
-3
-2
-2
-1
-2
-2
-3
-3
-3
0
-1
-1
-2
-2
-3
-3
-4
-4
-5
-6
-5
-5
-5
-6
-4
-4
-5
-5
-6
-5
-6
-6
-7
-5
-6
-5
-5
-5
-6
-6
-6
-7
-7
-8
-7
-7
-8
-7
-7
-7
-7
-8
-8
-8
-9
-9
-9
-8
-7
-7
-7
-7
-8
-8
-9
-8
-8
-7
-8
-9
-9
-10
-9
-9
-9
-9
-10
-11
-11
-11
-12
-12
-13
-13
-11
-10
-9
-9
-10
-10
-10
-10
-11
-11
-12
-12
-13
-13
-12
-13
-12
-13
-13
-12
-12
-14
-15
-14
-14
-14
-13
-14
-15
-15
-15
-13
-13
-13
-13
-16
-16
-15
-15
-15
-14
-14
-16
-17
-18
-18
-18
-17
-16
-16
-16
-16
-17
-18
-18
-18
-17
-15
-14
-14
-16
-15
-16
-16
-17
-19
-20
-20
-22
-20
-18
-19
-19
-20
-23
-24
-24
-25
-25
-24
-23
-23
-23
-24
-24
-24
-24
-25
-25
-26
-25
-25
-24
-25
-25
-26
-28
-29
-28
-26
-26
-25
-26
-28
-29
-29
-26
-26
-26
-27
-28
-27
-27
-25
-25
-26
-26
-27
-26
-24
-24
-24
-25
-27
-28
-28
-27
-27
-27
-29
-30
-28
-28
-28
-28
-29
-30
-30
-30
-29
-30
-30
-31
-32
-33
-32
-31
-30
-31
-30
-30
-30
-31
-31
-30
-31
-33
-33
-34
-31
-29
-29
-30
-30
-31
-31
-30
-28
-27
-29
-31
-30
-30
-27
-26
-26
-26
-27
-28
-31
-30
-28
-26
-26
-26
-25
-26
-26
-25
-26
-26
-28
-28
-27
-27
-25
-25
-26
-27
-27
-27
-26
-27
-28
-28
-27
-27
-26
-24
-26
-25
-26
-25
-26
-27
-28
-28
-26
-26
-25
-25
-24
-25
-24
-23
-23
-22
-22
-23
-21
-19
-19
-17
-18
-20
-22
-20
-18
-17
-17
-18
-19
-19
-19
-19
-18
-20
-21
-22
-21
-20
-20
-21
-24
-24
-23
-20
-19
-17
-18
-19
-19
-20
-18
-18
-16
-15
-14
-13
-14
-14
-12
-12
-13
-13
-13
-10
-12
-13
-14
-15
-14
-14
-13
-15
-16
-17
-16
-13
-12
-13
-12
-13
-14
-12
-12
-12
-12
-12
-14
-14
-15
-14
-13
-12
-12
-12
-11
-9
-9
-6
-6
-10
-11
-12
-11
-11
-10
-11
-11
-13
-14
-15
-14
-14
-12
-10
-11
-11
-12
-11
-10
-11
-12
-12
-14
-15
-15
-15
-16
-15
-15
-14
-16
-18
-17
-15
-15
-17
-17
-19
-17
-15
-12
-12
-13
-16
-17
-17
-16
-15
-15
-15
-16
-16
-16
-18
-18
-17
-18
-17
-20
-20
-19
-17
-16
-16
-17
-18
-19
-21
-23
-23
-22
-21
-21
-20
-23
-24
-25
-24
-22
-23
-24
-26
-26
-25
-22
-22
-21
-23
-24
-23
-22
-20
-19
-20
-20
-22
-20
-19
-21
-22
-23
-22
-24
-24
-26
-24
-23
-22
-24
-24
-25
-23
-23
-24
-23
-22
-22
-20
-21
-21
-23
-20
-20
-21
-23
-20
-19
-18
-18
-21
-21
-20
-20
-19
-19
-21
-23
-24
-23
-19
-18
-18
-21
-23
-23
-21
-20
-20
-21
-22
-21
-18
-19
-20
-19
-20
-21
-21
-23
-19
-19
-19
-22
-22
-22
-20
-18
-17
-18
-19
-18
-14
-14
-16
-15
-16
-15
-16
-16
-15
-16
-15
-15
-13
-14
-13
-15
-15
-16
-17
-17
-13
-11
-13
-13
-11
-7
-5
-7
-12
-11
-10
-5
-8
-5
-2
-2
-1
-1
-3
-4
-4
-4
-5
-6
-6
-3
-3
-3
-4
-5
-4
-3
-1
-4
-2
-3
1
0
0
1
1
0
1
3
4
1
2
0
2
1
3
2
3
0
0
-4
-1
-2
-2
-5
-2
-2
1
1
3
-2
-2
-4
2
2
4
3
4
5
7
7
4
5
0
5
2
6
5
9
7
9
6
5
7
8
11
3
7
6
15
12
12
9
12
8
11
7
9
11
9
9
4
6
6
11
9
8
4
6
7
6
5
5
7
3
5
3
9
6
7
3
5
4
7
6
5
5
5
5
6
4
4
4
3
4
5
3
5
3
6
0
-2
-4
3
4
3
-1
1
-1
1
2
3
2
-1
0
2
1
2
3
1
2
0
2
4
7
4
2
-1
3
-1
1
-2
3
1
2
1
2
1
5
1
-1
-2
-4
-5
-1
-7
-1
-7
-1
-8
-4
-11
-2
-9
-4
-11
-8
-6
-4
-4
-4
-5
-5
-5
-6
-4
-3
-5
-2
-5
-1
-3
0
-6
-4
-9
-6
-8
-6
-6
-6
-8
-4
-9
-7
-5
-8
-11
-10
-8
-5
-12
-6
-6
-7
-13
-9
-9
-10
-14
-13
-9
-14
-12
-13
-1
-17
-14
-13
-10
-15
-9
-12
-14
-11
-11
-9
-18
-12
-13
-7
-12
-13
-15
-9
-14
-12
-8
-12
-13
-12
-10
-17
-12
-14
-8
-16
-12
-15
-13
-16
-12
-14
-14
-13
-16
-14
-15
-9
-14
-11
-18
-13
-14
-11
-16
-16
-16
-14
-12
-14
-13
-15
-14
-16
-15
-16
-13
-13
-14
-16
-16
-15
-17
-14
-16
-20
-19
-16
-19
-17
-16
-17
-20
-19
-16
-19
-15
-14
-14
-17
-16
-20
-14
-16
-15
-18
-16
-19
-11
-23
-14
-11
-8
-19
-14
-15
-11
-13
-16
-16
-15
-12
-13
-11
-18
-13
-11
-16
-14
-9
-15
-14
-9
-9
-10
-10
-9
-7
-6
-7
-10
-11
-9
-8
-5
-12
-6
-11
-7
-8
-6
-8
-7
-1
-6
-10
-12
-5
-9
-8
-14
-10
-8
-11
-10
-15
-17
-12
-17
-16
-13
-16
-17
-17
-18
-20
-19
-17
-20
-25
-15
-15
-23
-20
-17
-17
-18
-23
-23
-19
-16
-14
-24
-22
-22
-24
-25
-27
-27
-19
-19
-23
-21
-18
-15
-17
-15
-19
-18
-15
-16
-21
-13
-9
-18
-12
-15
-12
-14
-6
-17
-11
-7
-13
-21
-6
4
-13
-16
-7
-2
-3
-5
-8
-9
5
-6
-5
-9
0
-6
-8
-7
-4
-2
-8
3
-12
-10
-11
-6
-2
-12
-16
-22
4
-16
-27
-9
-4
-40
-24
-8
-14
-48
-32
-1
-27
-54
-36
-16
-33
-63
-36
-32
-52
-56
-36
-52
-55
-55
-38
-54
-70
-50
-37
-51
-68
-61
-30
-43
-66
-40
-33
-45
-43
-25
-29
-40
-25
-20
-15
-21
-19
0
-1
-1
9
1
25
10
17
46
28
14
52
58
40
32
73
63
49
73
52
64
89
47
59
90
48
75
72
44
69
67
50
59
25
63
48
8
41
29
13
-33
31
20
-103
17
-29
-88
-33
-82
-83
-74
-163
-103
-92
-192
-184
-131
-187
-228
-199
-236
-226
-257
-243
-270
-301
-233
-312
-312
-241
-317
-318
-250
-305
-272
-253
-263
-236
-212
-198
-190
-153
-91
-112
-65
2
2
33
105
124
161
217
246
271
320
361
382
405
438
455
460
490
488
471
484
480
463
430
412
411
371
341
369
279
276
237
231
231
97
155
111
55
91
-59
41
30
-113
-138
-12
-96
-261
-121
-153
-286
-244
-270
-283
-353
-382
-309
-470
-438
-420
-492
-546
-503
-498
-590
-630
-494
-633
-613
-487
-575
-631
-574
-463
-491
-529
-475
-402
-385
-345
-397
-284
-159
-185
-177
-129
-39
20
26
77
139
192
203
212
243
333
347
353
367
383
416
413
418
431
444
438
433
380
399
412
392
362
329
337
325
278
261
282
271
289
238
187
261
295
222
257
249
285
265
301
187
362
359
191
256
389
307
239
231
369
289
105
275
330
-16
147
248
82
-89
76
70
-214
1
-170
-169
-367
-116
-366
-548
-314
-541
-608
-475
-816
-723
-686
-779
-778
-631
-808
-955
-811
-748
-747
-730
-751
-769
-563
-629
-702
-585
-290
-305
-401
-356
-266
-53
12
-42
76
223
225
186
235
371
537
485
444
468
538
600
568
592
631
635
558
532
511
564
587
505
452
391
378
359
308
269
251
218
137
79
77
163
125
52
51
131
57
136
145
154
251
157
217
304
280
368
350
451
433
342
579
422
475
628
354
483
521
351
523
424
303
273
393
148
7
441
-71
-129
155
-330
-87
-250
-333
-365
-524
-504
-677
-664
-798
-834
-976
-967
-1037
-1089
-887
-974
-1172
-1152
-1122
-1060
-899
-937
-1019
-976
-709
-771
-912
-558
-334
-350
-381
-376
-179
77
161
110
316
371
445
423
466
670
815
800
714
717
780
911
872
853
870
825
793
685
659
717
728
612
478
378
370
353
256
211
114
67
-10
-124
-122
-72
-70
-115
-215
-170
-169
-78
82
108
2
66
356
358
454
446
477
664
752
794
620
839
1088
749
780
964
812
988
882
681
790
672
695
411
443
354
190
115
-184
-175
-145
-424
-516
-537
-702
-772
-1154
-863
-1273
-1497
-1272
-1611
-1755
-1667
-1616
-1734
-1626
-1528
-1770
-1976
-1630
-1248
-1320
-1333
-1462
-1133
-741
-820
-945
-509
-41
-51
-129
-221
286
806
732
646
814
1004
1191
1108
1095
1413
1495
1454
1316
1166
1354
1424
1361
1257
1059
975
980
789
682
641
539
499
201
-8
-40
-12
-98
-260
-428
-457
-414
-528
-410
-382
-231
-183
-150
-149
-34
225
472
525
483
686
766
1006
1045
1159
1308
1383
1340
1358
1405
1551
1685
1513
1297
1311
1366
1083
1068
798
663
531
169
235
-199
-512
-436
-522
-1282
-1194
-1267
-1561
-1763
-1992
-2018
-2512
-2439
-2906
-2761
-2819
-3185
-2819
-2726
-2555
-2623
-2561
-2888
-2275
-1409
-1610
-1581
-1658
-880
-345
-301
-427
196
931
1135
912
761
1626
2091
2270
2125
1963
2260
2474
2343
2343
2373
2244
2365
1929
1608
1510
1430
1491
1137
593
270
169
-18
-133
-542
-656
-739
-938
-905
-1121
-1194
-1222
-1075
-989
-851
-883
-726
-537
-217
33
242
494
682
1019
1199
1466
1701
2018
2143
2379
2288
2402
2516
2651
2608
2370
2323
2148
2076
1809
1483
1266
994
715
293
-3
-374
-623
-1044
-1341
-1703
-2057
-2417
-2710
-2968
-3482
-3767
-3864
-4264
-4533
-4656
-4590
-4445
-4492
-4689
-3748
-2855
-3253
-3330
-3435
-1916
-513
-762
-1079
-393
689
1546
1483
1236
2764
3410
3440
3216
2887
3792
4485
4238
4082
3568
3132
3416
3053
2782
2412
1770
1563
1056
229
-192
-462
-621
-889
-1768
-2331
-2540
-2648
-2085
-2376
-2625
-2890
-2953
-2104
-1955
-1820
-1551
-1005
-287
3
-37
688
1677
2342
2961
2601
2979
3580
3987
4522
4323
4137
4224
4106
3933
3726
3345
3319
2989
2292
1702
1245
993
667
59
-594
-1268
-1635
-2243
-2487
-3079
-3502
-4056
-4340
-4843
-5104
-5600
-5655
-5766
-6110
-6088
-6456
-5616
-5719
-5256
-5377
-4329
-2921
-1753
-1790
-2151
-1309
425
2332
2315
2243
2762
4062
4887
4636
4755
5540
6161
6054
5120
4264
4467
4501
4456
3607
2239
1250
608
151
-310
-1110
-1967
-2442
-3101
-3718
-4204
-4638
-4419
-4251
-4309
-4514
-4517
-3659
-3376
-2658
-2816
-1624
-507
38
568
1058
2254
3376
4072
4216
5028
5595
6209
6440
6088
6107
6222
6049
5713
4971
4098
3788
3225
2748
2008
1256
626
210
-363
-945
-1370
-2036
-2276
-2717
-3117
-3505
-3775
-4246
-4164
-4749
-4821
-5101
-5206
-5490
-5209
-5731
-5391
-5593
-5549
-5160
-4971
-4275
-3478
-3351
-1881
-480
590
622
13
1192
3802
4822
4677
3979
4333
5709
5828
5272
5362
5143
5285
4476
3089
2442
1857
1445
1226
-32
-1326
-2494
-3306
-3276
-3412
-4044
-4410
-4724
-4891
-4731
-4807
-4236
-3372
-2824
-2263
-1969
-1454
-643
578
1626
2443
2906
3205
4076
4729
5286
5760
5842
5888
5853
5570
5450
5086
4786
4538
3930
3155
2373
1859
1495
1189
555
73
-418
-742
-912
-1108
-1127
-1272
-1563
-1741
-1972
-2174
-2139
-2145
-2331
-2313
-3195
-3171
-3471
-3731
-3564
-4106
-4349
-4548
-5144
-5331
-5106
-5252
-4318
-3605
-3666
-2296
-1698
-164
657
16
633
2660
4132
4998
4123
3583
4842
5397
5424
5196
4437
4347
4046
2896
2155
1319
515
422
-499
-1505
-2601
-3600
-3733
-3560
-3784
-3997
-4299
-4385
-3978
-3530
-2899
-2135
-1406
-876
-216
311
967
1899
2657
3537
4095
4451
4596
4706
4893
5247
5496
5122
4745
4144
3898
3536
3166
2786
2312
1942
1277
902
338
88
-34
-135
-161
-371
-599
-655
-528
-395
-369
-670
-937
-1213
-1299
-1487
-1583
-2129
-2531
-3131
-3522
-3938
-4397
-5019
-5207
-5638
-5904
-6034
-6665
-5717
-5242
-3741
-2722
-1528
-458
167
448
1075
3315
4770
5977
5474
5226
5560
5802
5819
5710
5366
4835
3908
2374
1309
304
-248
-867
-1586
-2729
-3691
-4622
-4977
-4883
-4717
-4246
-4079
-3864
-3624
-2913
-1902
-671
398
1138
1855
2340
3054
3835
4559
5087
5428
5482
5436
5066
4658
4379
4131
3865
3298
2601
1783
1210
806
766
558
397
79
-141
-249
-301
-132
137
568
869
1084
1017
1020
1212
1138
1239
831
345
-47
-616
-835
-1560
-2346
-3267
-3914
-4622
-5317
-6289
-7072
-7400
-7737
-7479
-7422
-6740
-5714
-4883
-2681
-432
704
1341
733
2726
5818
7294
7739
6760
6602
7454
7218
6648
6067
4922
4395
3057
1335
-48
-1495
-2470
-2891
-3803
-4607
-5517
-6448
-6328
-5788
-5001
-4090
-3655
-3057
-1870
-593
752
1852
2649
3981
5005
5709
6022
5910
6154
6260
6288
5927
5077
4164
3309
2590
1886
1092
444
-153
-554
-856
-1121
-1183
-1147
-692
-190
162
339
514
1070
1833
2587
3150
3169
3312
3188
2981
2879
2172
1929
916
205
-796
-1903
-2796
-3925
-4634
-5723
-6513
-7703
-8779
-9414
-9206
-8686
-8141
-7666
-6919
-5091
-2716
465
2188
2985
3090
4628
7420
9447
9905
9243
8829
8819
8355
7129
5858
4306
3321
1886
10
-1978
-3973
-5137
-5691
-5991
-6568
-7208
-7566
-7113
-6127
-4830
-3499
-2207
-848
741
2450
4008
5302
6161
7097
7894
8254
8347
7748
7027
6285
5454
4668
3602
2087
804
-410
-1339
-1985
-2617
-2836
-2765
-2722
-2222
-1850
-1221
-251
771
1919
2806
3314
3932
4646
5391
6032
5964
5738
5279
4695
3893
2887
1776
643
-490
-1890
-3074
-4386
-5600
-6583
-7859
-8632
-9513
-10072
-10359
-10214
-9530
-8491
-7129
-5900
-4243
-2265
1112
4651
6835
7320
6990
8511
10807
12058
11889
10681
9523
8574
6538
4661
2615
820
-571
-2289
-4074
-6015
-7822
-8807
-8786
-8294
-7628
-7164
-6522
-5347
-3750
-1770
315
2265
4183
6098
7779
8922
9460
9575
9617
9514
9156
8514
7015
4982
2947
1400
393
-859
-2227
-3467
-4621
-5004
-5429
-5109
-4441
-3564
-2216
-1064
467
1866
3312
4744
6183
7412
8187
8489
8604
8544
8306
7669
6678
5428
3931
2787
1298
-28
-1597
-2994
-4196
-5188
-6392
-7063
-8124
-8521
-9282
-9378
-9401
-9226
-8525
-7969
-6382
-5189
-3902
-2625
-936
1157
4094
7275
9351
10124
9052
8686
9712
10419
10177
8844
6802
5515
3266
895
-979
-2861
-3759
-4662
-5683
-6510
-7784
-8499
-8050
-6963
-5228
-3630
-2433
-937
552
2186
4088
5632
7001
8423
9368
9827
9402
8363
7450
6688
5875
4619
2846
666
-1107
-2281
-3255
-3949
-4674
-4957
-4691
-4709
-4528
-3812
-2516
-294
1568
3175
4671
5897
7343
8473
9218
9752
9791
9501
9017
7992
6821
5478
4153
2895
1704
409
-770
-2017
-3139
-4087
-4923
-5484
-5980
-6313
-6706
-6937
-7430
-7246
-7163
-6479
-6023
-5179
-4369
-3462
-2821
-2141
-776
211
2220
4039
7127
8772
8596
6939
6170
7144
7852
7510
6121
4573
3125
1428
-627
-2004
-3367
-3752
-3892
-4111
-4688
-5757
-6217
-5641
-4151
-2403
-869
220
1317
2333
3579
4753
5593
6445
7403
8074
8005
7001
5513
4266
3211
2465
1710
479
-1070
-2591
-3478
-4136
-4570
-4876
-4201
-2869
-2077
-1619
-1497
-270
1817
3969
5946
7106
8064
8892
9340
9531
9132
8604
8136
7583
6645
5104
3188
1605
623
-54
-605
-1425
-2155
-2786
-3362
-3820
-4327
-4583
-4618
-4548
-4274
-4489
-4895
-5035
-5397
-4252
-4102
-2955
-3006
-3414
-3341
-3332
-1738
-581
48
2292
4954
7344
7452
4617
4409
5346
6520
7119
5722
4769
3526
1596
363
-1051
-2262
-2501
-2687
-2353
-2887
-4367
-5097
-5038
-3898
-1998
-670
415
1228
1694
2795
3688
4196
5020
5929
6838
7001
6003
4580
3213
2214
1693
1353
403
-827
-2122
-2896
-3129
-3809
-4016
-3884
-2688
-1262
-727
-183
196
1585
3613
5411
7081
7901
8662
9048
9140
8709
8002
7277
6667
6043
4920
3257
1539
263
-518
-979
-1426
-1911
-2339
-2613
-2612
-2939
-3215
-3609
-3369
-2924
-2533
-3153
-3143
-3999
-3340
-3562
-3369
-2896
-3456
-2835
-3685
-3373
-3312
-2709
-1619
194
3052
5974
6401
4998
3503
4008
5482
6140
6013
5194
4576
3401
1701
-102
-1598
-2203
-1796
-1403
-1681
-2965
-4304
-4739
-4141
-2908
-1571
-521
563
1487
2203
2692
2806
3224
4329
5584
6392
6050
4811
3464
2356
1715
1297
756
-42
-698
-1268
-1877
-2673
-3447
-3348
-2568
-1192
-267
39
295
863
2412
3904
5364
6433
7410
8185
8615
8074
7121
6203
5744
5664
4994
3855
2265
955
105
-578
-1034
-1377
-1510
-1317
-1236
-1252
-1682
-2103
-2118
-1849
-1312
-1495
-1753
-2435
-2769
-2810
-2891
-3111
-3386
-3527
-3799
-3695
-4540
-4607
-4506
-3937
-2084
-606
2733
5082
5440
4581
3623
4696
6005
6189
6317
5934
5385
4419
2212
485
-986
-1666
-1290
-1408
-2060
-3266
-4630
-5020
-4757
-4004
-2879
-1833
-489
779
1590
2060
2283
3028
4369
5733
6552
6482
5757
4715
3717
2882
2169
1516
740
83
-339
-1180
-2146
-3232
-3636
-3016
-2136
-1374
-981
-561
96
1304
2267
3567
4808
6111
7540
8132
8070
7366
6343
6036
5688
5362
4673
3371
2418
1264
338
-457
-1144
-1299
-1227
-979
-1075
-1286
-1701
-1806
-1608
-1389
-1302
-1285
-1606
-1639
-1993
-2325
-2418
-2737
-2620
-2961
-3351
-3992
-4675
-5091
-5515
-5022
-4113
-2416
854
3613
5238
4768
3144
4133
5094
5936
6532
6139
6462
5602
3677
1721
-681
-1738
-1660
-1633
-1644
-3045
-4506
-5247
-5708
-5183
-4332
-3334
-1628
66
1353
2181
2355
2792
4113
5693
6967
7476
7197
6412
5434
4154
2877
1744
814
446
-54
-862
-2182
-3556
-4169
-4052
-3489
-3005
-2667
-1793
-751
326
1203
1894
3300
4721
6562
7720
8239
8256
7680
7112
6344
5695
4931
4307
3557
2541
1225
-138
-1160
-1719
-1765
-1476
-1226
-1081
-997
-1077
-886
-802
-597
-285
-93
182
145
-356
-998
-1280
-1569
-1868
-2593
-3098
-4174
-4584
-5832
-6128
-6531
-6619
-5787
-5239
-2638
1328
3667
4768
3317
3434
5299
5672
6621
6621
6601
7267
5923
4166
1380
-1132
-1206
-1104
-1358
-2272
-3749
-4441
-5027
-5304
-5081
-4731
-3702
-1574
466
1612
2016
2251
3320
4763
5875
6947
7338
6985
6670
5655
4383
2740
1352
916
515
-34
-810
-2002
-2944
-3800
-3863
-3995
-3726
-3250
-1956
-511
584
1386
2143
3193
4597
6107
7093
7654
7604
7546
7092
6107
5138
4303
3927
3441
2601
1584
581
-298
-649
-785
-662
-422
-123
144
253
225
-41
-69
-275
101
140
296
101
-349
-825
-1512
-2364
-2605
-3424
-3840
-4495
-5713
-5814
-6672
-7107
-6602
-6745
-5046
-4389
-1648
2123
4103
5267
4150
5046
5816
5774
6920
6666
6416
6689
5360
4165
935
-1007
-1016
-1292
-1615
-2670
-3121
-3595
-4490
-4500
-4392
-4298
-3329
-1473
558
1741
2006
2550
3620
4336
5420
6268
6694
6305
6132
5624
3978
2425
1136
942
684
-25
-647
-1420
-2368
-2897
-3286
-3030
-2925
-2078
-795
-20
899
1275
2160
3097
4258
5278
6367
6618
6759
6505
6021
5645
5137
4683
4457
3950
3203
2530
1683
1083
791
640
829
949
839
784
571
294
13
-351
-165
-175
-221
-234
-910
-1302
-1854
-2322
-2568
-2520
-3070
-2948
-3444
-4348
-4560
-5243
-5410
-5377
-5266
-4869
-4013
-4029
-2893
-269
1469
3771
3893
4424
5148
4885
5492
5684
4947
5505
5187
4871
3525
1185
548
243
-251
-700
-1265
-1723
-1844
-2136
-2501
-2798
-3117
-2441
-1297
-603
-83
257
1214
2057
2669
3015
3327
3821
4260
4424
4170
3724
3262
2802
2618
2100
1555
1251
912
603
155
-349
-752
-934
-597
-395
318
618
1126
1817
2513
3287
3458
4109
4396
4823
5132
4920
4997
4608
4538
4364
4002
3651
3239
3142
2716
2327
1965
1611
1592
1174
884
461
25
2
-170
-238
-458
-953
-877
-1104
-1315
-1382
-1525
-1432
-1391
-1537
-1994
-2233
-2729
-2754
-2955
-3147
-3865
-4112
-4323
-3930
-3567
-3382
-2406
-1247
66
1219
1519
2150
2740
3164
3903
4444
4287
4551
4937
4569
4056
2921
2335
2003
1416
1041
706
286
1
-236
-605
-953
-1304
-1022
-500
-146
58
574
967
1380
1605
1752
2237
2504
2702
3115
3148
2838
2880
2775
2659
2437
2400
2501
2046
2130
1768
1392
1554
1255
1468
1505
1836
1980
2308
2680
2687
3237
3370
3581
3991
4091
4591
4822
4920
4834
4716
4742
4507
4525
4250
4294
4151
4144
4079
3746
3645
3343
3307
3094
2652
2474
2305
2272
2303
1977
1822
1478
1346
1135
907
756
322
224
203
-67
-27
-82
-565
-394
-693
-903
-1372
-1865
-2514
-3090
-3253
-3640
-3873
-3810
-3392
-2965
-2342
-1924
-1022
-414
-53
655
1064
1548
2121
2631
3452
3320
3573
3765
3172
2664
1670
1300
193
-472
-1659
-2774
-2958
-3762
-3674
-3483
-3470
-3297
-3184
-2865
-2894
-2896
-2627
-2541
-2266
-2550
-2057
-1907
-1684
-1589
-1596
-1141
-1576
-1481
-1877
-1923
-2200
-2478
-2457
-2796
-2888
-3137
-2966
-2978
-3079
-3101
-2808
-2556
-2840
-2876
-2719
-2730
-2503
-2183
-1721
-1047
-486
393
627
802
733
987
1216
993
1389
1792
1932
1740
853
26
-444
-948
-1459
-1565
-1550
-1537
-1283
-1060
-714
-405
-402
-125
-558
-355
-952
-1067
-983
-1894
-1826
-1674
-2232
-2401
-2688
-3097
-3995
-4395
-4156
-4552
-4649
-4391
-4269
-4478
-3906
-3959
-4040
-3736
-4300
-4448
-3915
-4270
-4242
-4235
-4285
-4422
-4297
-4274
-3866
-3444
-3287
-2992
-2765
-2897
-3067
-2705
-2913
-2967
-2969
-2705
-2546
-2086
-2095
-2020
-2102
-1921
-1698
-1754
-1602
-1631
-1678
-1854
-1838
-2000
-2274
-2080
-1965
-1794
-1800
-1432
-1417
-937
-828
-600
-559
-478
-96
101
341
445
515
816
1083
962
1155
986
1109
1459
1485
1265
1860
1694
1636
2042
1480
1446
1876
1697
1301
1911
1195
1082
1550
1245
1314
1668
1230
1518
2003
1100
1378
2159
675
1308
1922
-181
1212
1113
169
1010
696
487
459
1164
936
174
1675
804
1304
1679
1536
642
967
1017
-257
915
480
-332
1104
-87
-478
596
-621
-1198
-3
-696
-1061
83
-603
-418
-251
-209
-641
-142
-235
-373
371
-118
3
-130
-334
-201
-747
-700
-521
-294
-832
-341
-889
-1387
-22
-737
-1268
843
-930
-674
396
-984
-540
-145
-484
419
-12
-174
366
561
-192
394
721
73
269
1049
191
153
351
84
-186
473
-229
2
506
-278
378
450
190
812
1200
516
761
1651
731
813
1690
1383
116
1900
1642
-49
1420
1597
-278
838
1646
-408
557
943
-619
96
1100
-272
-477
1066
-121
-608
1645
-747
291
824
-855
830
113
-911
990
267
-242
254
459
-983
-177
817
-1539
682
668
-728
185
1179
-1125
-182
1727
-1075
206
1194
-570
-265
702
-701
605
-764
445
-520
-137
133
340
-328
1021
-81
277
845
188
259
489
414
-485
314
910
-1026
1405
519
-573
1498
397
-610
877
1065
-459
869
698
641
181
712
1493
-65
1471
1399
226
985
1484
-639
1845
901
-852
1285
-125
155
-626
495
-308
-143
219
-773
299
-297
-143
73
-101
-549
641
273
773
-207
1148
153
-316
940
-753
44
430
-732
334
48
-751
-1
389
-648
316
553
-593
1333
751
-1045
1764
746
-701
1629
87
452
496
238
243
-193
220
-419
579
838
-884
393
868
-1142
172
675
-52
92
1307
-34
275
1332
282
331
1698
511
334
1449
932
-632
1491
502
-753
1283
-383
-566
-58
820
-1399
916
605
-1235
1186
996
-842
716
1545
-192
1473
703
1106
1433
-801
2530
-81
-514
2496
-256
-384
1394
-135
84
432
795
-927
287
1227
-1283
1453
364
326
422
1116
28
458
1589
-490
1049
1417
-139
450
1181
-130
-578
2097
-1073
697
1003
-204
378
638
519
-802
2203
-1332
845
2070
-1216
1323
1713
-617
647
1419
-317
195
1671
-451
1234
82
421
41
829
-615
541
792
-1148
228
1340
-1836
1402
539
-223
-57
762
1173
-796
1629
1236
-745
1202
1385
-868
2189
121
-125
1985
-506
681
1390
-257
388
1296
104
-796
2171
-542
-345
2422
-1271
407
2106
-1677
1973
626
-569
2160
-25
917
-301
3332
-2492
2928
893
-627
2052
-21
1573
57
491
1027
584
-1063
2388
168
-1364
3132
-1743
610
1116
-173
190
1273
668
-866
2516
-436
821
1413
903
255
1724
-365
1535
319
714
1153
414
1126
269
1097
876
156
1471
554
179
1847
-919
1742
741
-211
1475
458
254
768
824
686
131
2100
-722
1751
-218
818
633
-426
1886
-184
-499
2007
-1322
1289
-224
424
671
140
1004
-228
1615
216
183
2437
-2004
3294
-1449
2145
816
-302
2624
-1732
3625
-2006
1869
1326
-2109
3234
-847
-107
1859
-608
-207
1584
271
-1904
3591
-812
-585
2011
859
-851
2153
472
1092
-434
2116
748
-756
3278
-1197
1252
1175
-426
1227
367
585
37
845
186
666
-265
1186
-7
-570
2037
-768
403
1460
156
607
1678
-563
1849
814
537
833
1694
-261
1405
1316
-146
2092
-56
715
1004
-122
1456
-334
1882
-1052
2643
-646
539
1740
-1246
2135
46
1132
-116
1792
-82
534
864
426
880
353
1234
595
-335
1363
490
-1146
2269
-351
106
1671
-112
655
2171
-1520
2047
1684
-1598
2518
1621
-788
1982
1530
39
1271
1278
170
669
1418
-745
1847
229
1027
149
309
1611
-1273
722
1651
-649
1257
749
625
536
1872
-525
2465
-14
1601
864
1101
1029
14
2650
-347
347
2474
-873
1081
1880
498
-336
2635
1120
-1803
4902
-1703
1114
2458
-560
1892
85
2200
745
1057
1552
843
1039
1542
75
1405
1798
-815
2603
333
-453
3396
-1321
1599
1800
-53
1305
1553
-226
2493
322
1067
2061
204
1711
1095
508
1733
274
1125
1299
943
1163
231
1530
485
474
1109
629
1479
20
955
2320
-293
818
2531
-96
1109
2065
472
-19
2982
-1057
1776
1450
4
899
1963
-462
828
1288
767
-300
2911
-295
625
2026
-684
1736
1802
-110
1592
2004
-662
2051
1659
-464
2396
196
1856
-453
2653
-76
252
2650
-777
1666
1725
-319
1686
424
1421
22
2357
620
1326
1462
1393
837
1089
2311
-143
2749
242
1858
895
535
1724
872
557
363
2563
-1120
1298
2021
-1464
2257
569
39
1769
255
1632
108
1746
1638
-792
4037
-1451
2182
1638
-600
2897
332
624
1460
1914
-1418
2676
1422
-1880
3284
46
-767
2949
-1081
1950
495
1134
558
891
2373
-1127
3025
54
1480
107
3427
-761
3170
-451
2793
-847
2515
505
14
3228
-767
1032
2354
-966
1256
972
-312
1987
212
24
2597
101
-655
2890
-106
-779
2624
-77
356
1022
1449
-607
1041
1276
-1077
1844
800
-251
708
1811
-988
1345
1459
-753
1599
925
766
147
2006
1019
-489
3695
-296
332
3918
-624
739
3038
315
-485
4239
-1502
1375
2808
-1462
2127
1744
-995
2198
857
795
556
2162
-277
1479
1595
465
1434
2231
-269
2295
1371
-394
3459
-905
2741
1004
427
2146
238
876
1299
279
1451
666
409
2177
-286
874
1564
131
1272
704
1390
1009
484
1884
639
1501
220
2856
-623
2616
520
1404
1193
1045
1691
181
1318
1690
312
1515
978
1417
842
968
2366
-964
2892
519
693
1594
1301
804
1921
794
1025
1265
1254
98
2295
647
1347
1131
1016
1834
-401
2777
632
252
3103
99
1237
3107
-722
3429
518
241
4396
-1724
2683
2742
-319
1737
2730
314
862
2959
-153
1173
2408
36
2048
1671
488
2245
1242
612
2241
1033
1669
1151
2440
326
2170
1808
657
2283
1808
711
2400
962
1845
992
1288
2378
209
1553
1704
1358
769
1339
2985
-848
2936
1425
1080
1230
2412
764
2134
1623
1402
1783
1966
923
2345
231
3172
-8
2571
1512
1558
915
1986
1140
1898
97
2943
893
403
2267
2024
-1180
3987
495
260
3618
-1075
2302
1658
-354
2024
1147
992
684
2283
610
1153
2270
205
1653
1960
-465
2137
2510
-1263
3666
-610
2644
1071
571
3068
-288
2174
1308
1603
589
1979
1332
1132
1387
1585
551
1618
1389
1125
-70
3650
-472
1240
2614
220
1476
2151
156
2090
1109
1716
584
2273
648
1406
1609
443
2666
-200
1661
1875
-130
2060
1438
376
2068
755
1673
336
1806
965
1285
1289
1230
2318
-494
2843
1207
202
2809
1007
752
2287
1645
80
2580
1417
127
3065
430
2210
402
2592
185
2405
8
2566
1029
812
2214
675
1612
746
1215
1516
259
2012
1047
563
2235
-544
3057
186
1837
1305
1459
823
2546
21
1516
1956
1323
467
2440
1637
-92
2375
2421
-786
2345
2719
-822
2458
2736
-1000
2753
1884
-5
1720
2296
-93
2576
1477
507
2951
470
947
3641
-1002
2992
1184
1131
561
3317
-916
2989
1278
668
2299
1317
972
1263
2775
-334
2006
2348
-187
2344
1076
1641
476
3070
279
1385
2471
89
1759
1655
741
1540
887
2535
-885
3636
-578
1721
1346
1665
202
2349
1934
-777
3118
1207
302
2065
2499
-754
3305
849
1117
2075
669
2728
368
2320
618
1477
2265
-537
3614
-507
1961
1915
203
1926
1005
1736
-640
3946
191
-127
4393
-155
264
4008
-749
1549
2556
-70
2412
1156
927
2395
752
755
2856
-258
2441
2001
357
1768
2001
-230
2200
1070
1387
425
3645
-837
2520
1971
-600
2991
13
1616
1342
546
1891
599
1221
1292
954
238
2177
636
-267
4149
-1020
1036
3358
-573
787
2958
34
831
2381
361
1416
1451
581
2142
561
817
2334
87
1279
931
971
1162
402
1882
-239
1805
156
1508
255
1855
547
288
3396
-1477
2415
1634
-1310
4178
-1583
2765
2203
-1392
2868
1361
-485
1073
2994
-603
1230
2442
282
941
1891
498
373
1945
771
767
1526
1615
17
2266
1407
-132
3035
-230
2121
639
2138
-356
2498
1532
-485
3351
17
852
1588
1919
-771
2840
164
1254
1870
374
1860
1306
440
2466
496
1447
1155
981
1806
599
1145
1777
1584
420
1530
1996
-678
2862
564
1773
625
1731
1715
-524
2289
1453
-198
1481
2840
-699
1680
2654
-551
1752
1867
185
1339
1779
542
1577
914
342
2131
158
1077
2155
808
396
2946
-457
2281
1038
457
2859
-516
1933
1981
48
1509
2191
-408
2659
482
1260
1064
1231
1371
160
2022
842
279
1566
1201
968
434
2972
-971
3626
217
872
1747
2059
-525
2615
1778
-785
3640
-16
427
2917
-550
192
3764
-1526
1097
3885
-1653
2258
1434
1117
240
3003
487
1599
1874
1609
1405
1604
2325
289
2053
2207
-140
2968
65
3416
-1227
3262
600
306
1330
2207
-393
1495
2803
-1044
1896
2001
-348
2635
824
2298
751
1599
1877
738
1763
1126
1557
1338
753
2129
1092
645
2037
974
649
1680
1071
874
2173
419
1088
2175
374
1372
2297
105
1422
2643
-239
2153
2450
381
1390
2402
1459
164
2584
1732
-59
2086
1904
539
1625
2549
-338
2546
1893
-723
3575
760
351
3395
-454
2676
1429
1078
1881
1799
1329
883
2506
196
1762
1843
1231
1677
1218
1831
511
2703
541
1185
1897
639
1052
1789
778
1340
1384
2223
-499
3077
375
725
2595
567
1331
1130
1092
439
2236
-275
2394
287
1682
287
2718
-1061
2381
969
61
1989
1266
129
1196
2685
-1121
2534
762
1118
320
2669
214
1106
1644
962
1174
851
1734
446
1492
542
699
2300
-34
1276
1863
128
1106
1390
266
1096
1624
605
1166
2625
-447
1456
2176
273
528
2034
1012
272
1770
1145
1016
-153
2533
-906
1370
1396
-936
2530
510
336
1915
598
858
385
2192
-978
3112
-916
2105
858
1102
622
1567
173
1271
1176
522
1761
1027
646
2162
-43
1874
55
3154
-1285
3216
153
811
1841
1243
559
2120
406
1818
1187
1563
291
2944
-320
2135
1786
326
1814
1242
2220
-160
2022
2552
-1778
4211
-371
2101
1584
283
3816
-910
1275
3649
-2222
3510
2125
-1828
4587
464
-964
4111
-492
954
2726
-1147
3692
-859
1703
2267
155
1126
1988
162
815
2481
-460
2721
-268
2994
335
1290
960
1704
543
893
2473
-554
2408
403
1351
1079
1500
1035
636
2439
261
1531
1128
1561
49
2575
576
-120
3395
-872
1704
1126
1571
15
1784
490
785
1446
-443
3456
-1494
2124
1092
326
117
2467
-605
1780
1673
-1062
2173
281
432
1427
649
802
1115
470
1468
630
-9
2809
-911
2386
-406
1665
44
1820
108
1181
2367
-1039
2992
-639
1680
1377
180
1499
2536
-844
1855
2400
-452
1411
2044
-381
2754
-502
2432
373
1483
615
2526
-702
2916
-572
2121
1095
427
2505
-146
2577
-839
3240
-465
761
3248
-696
2328
1591
637
1103
1765
465
1511
647
2458
133
1921
1297
1532
500
1300
2271
-339
2283
1940
-249
2827
890
1227
560
2377
-63
1864
1078
1282
1047
2580
-1240
3501
418
229
1926
2134
-959
2442
2532
-2121
3924
265
-81
1995
1565
-415
2714
789
1010
562
2217
-37
689
3629
-1264
1997
2128
-3
481
2614
-350
1289
1593
553
987
1945
477
1462
1114
359
2110
-772
2862
-568
2024
683
1700
370
1693
956
804
1336
1399
370
2192
-908
2241
1138
-352
1904
2388
-1098
2296
607
2225
-1808
2797
1539
-1012
2191
1434
-951
2988
-160
1242
1331
1371
129
1676
575
1415
734
1964
44
1993
330
249
2800
-1358
1886
2228
-759
1648
2064
-356
796
2472
-853
1660
1679
-493
2390
677
935
246
2756
-826
1368
1245
938
-50
3144
-1210
2874
641
183
1197
1942
-1064
3291
-596
2425
-195
2491
376
1046
1930
567
1669
511
2229
131
1468
1979
-511
2418
1086
199
2061
817
487
1633
1356
592
1314
2045
-10
1777
1836
-504
2663
1147
-805
4005
-782
537
3075
-833
2567
964
866
613
2343
322
571
2277
761
275
2476
1704
-1256
3398
1321
-1544
4365
-741
1232
1274
1784
853
36
2350
794
-216
2027
1834
-1106
2843
915
-290
2123
1139
-149
2093
1045
-515
3114
505
297
1847
1491
497
735
3213
-1006
1295
2998
-1183
1812
2387
-268
1711
1703
425
645
2263
230
1749
689
2100
-61
1835
404
2679
-684
2565
1368
591
1398
1157
1302
1054
282
2912
112
775
2343
-29
1425
985
2084
-665
3627
-399
1159
1095
1822
-406
1785
1503
1550
-897
3348
852
-500
1868
2759
-1644
2753
1958
-656
1841
1620
134
696
2183
181
745
2212
168
907
2015
659
892
1421
948
643
2283
-439
1698
1550
10
2301
462
1458
266
2215
-239
1839
1013
445
1476
1303
708
1299
235
2629
29
795
2932
-275
1350
1215
1749
-181
2770
98
2784
-295
1675
1786
387
1124
2266
-571
2909
495
1195
1928
1532
-595
3845
-330
928
2063
921
1398
1154
1536
1813
49
1913
1993
-454
2805
1691
-774
3835
833
-883
4099
431
-9
2006
2490
-1261
2789
1910
-96
1917
2179
-687
3206
668
792
2338
1032
1035
1022
1759
1540
99
2136
2004
-574
1775
2775
-661
1720
2390
-123
1445
2129
327
1912
1031
2114
165
2768
535
1226
2265
533
1805
753
2070
1062
1282
1454
2046
-121
2902
-563
3587
-367
1844
2655
326
565
2397
94
1249
2420
-199
2496
1306
279
1709
994
1814
297
2455
2042
-825
2551
1436
-347
2157
1486
-403
3325
-74
1260
1895
803
739
1828
114
1209
470
1164
1010
354
1495
415
1129
501
1516
526
1112
1588
756
1036
1257
421
1320
564
1548
-615
2088
-508
1117
952
-362
1693
658
-338
2625
-434
990
1399
97
389
978
-681
1244
-451
739
-41
490
142
6
915
-416
1030
-567
695
-270
132
-64
511
-64
-526
607
-663
430
-709
589
391
-619
1227
809
-965
3354
-1312
1616
1714
415
615
2411
1134
223
3078
869
1569
1643
1985
824
2142
141
3174
-385
2215
789
1059
1135
236
1680
-257
1474
636
1148
1070
2375
-215
3127
1346
1267
2302
1992
1778
2153
1747
1666
880
3214
-321
2508
1519
1713
598
2305
1525
31
2822
-874
3397
-260
1143
1778
1303
161
2086
1083
353
1310
1485
-284
2729
-619
2351
946
10
2209
197
-19
2541
-177
1209
1862
252
1264
880
960
1059
531
1586
1077
526
968
1741
-408
1238
769
737
299
301
1349
599
-384
1698
893
-723
1792
839
-332
2329
256
620
1309
1749
-1449
3905
-679
1302
1440
1135
705
2619
138
1959
1862
366
1501
3097
-580
1777
3632
246
865
4226
-231
1804
2898
1444
2395
2079
1544
2268
1430
809
1823
2164
-826
3490
269
1197
707
1786
-72
1981
1294
1322
895
2406
293
2289
763
2443
702
2510
71
2646
895
557
2103
1582
790
1081
2487
765
954
2040
1580
468
2833
709
1706
1296
1739
1664
1236
2094
1685
1349
1371
2984
929
1914
3269
589
3269
2033
997
3503
1684
1157
3578
1639
1303
3662
1689
778
3713
1373
755
2921
1392
1336
1317
2081
2414
-266
3007
2337
-184
2897
1664
981
1275
3223
42
1295
3472
283
843
3495
731
526
4010
34
2679
1952
1339
2547
1682
1876
1792
1487
2101
1884
1998
1428
2720
826
1689
3224
29
3632
1324
1462
1514
3184
314
1937
3123
997
1327
3755
1429
1810
3477
1780
2044
2226
3671
921
2915
3817
2648
2113
3925
3811
1443
3398
4620
1548
3666
3461
2684
3163
3062
2698
3131
2450
2884
2381
3381
2481
964
5318
1123
1868
3901
2244
1714
3363
3164
976
4650
1883
2377
4300
3190
1888
4960
3419
2339
4152
4102
2580
4529
3620
2688
3497
2696
2618
1431
3549
1455
1040
2660
2099
1126
1308
2854
1282
1249
2345
1004
1045
1830
1331
672
1107
1845
255
881
2229
21
1059
991
891
938
-224
912
504
177
416
425
-818
798
-693
29
331
-233
-494
697
384
-703
-705
2189
-1840
-532
1185
-1177
-472
1120
-876
255
166
-246
60
707
280
-360
-239
2051
-1239
-619
2745
-597
-486
1808
524
-1390
2372
392
-321
1275
373
145
330
967
-122
-354
1435
-110
-253
154
1159
-812
604
801
418
-701
1417
1090
-786
874
268
-2
-898
1066
122
-509
151
702
-524
-232
-48
407
-952
644
-529
-427
335
-776
58
218
-635
10
-689
189
-66
109
-1076
1116
-202
-1240
737
-294
193
-593
865
-486
121
-978
959
-26
-776
542
225
-488
427
559
125
-48
969
-760
709
601
-359
1152
366
263
-235
1251
-261
529
259
903
-70
481
40
371
634
139
924
643
236
736
759
697
1004
886
391
1254
1211
-91
1627
800
698
596
1335
591
706
1560
781
744
1141
1414
57
1318
1120
1280
385
1866
742
1191
1510
1320
688
2122
950
1436
932
2399
847
879
2042
1312
3
1570
1224
-351
1760
1579
304
1252
2603
123
1335
1906
903
969
815
1877
573
421
1975
620
156
1916
-688
1624
1942
-381
1464
2462
658
1325
3067
1222
1678
1377
1115
1914
871
329
1720
1328
-186
823
597
964
209
915
815
1280
-808
1681
493
324
1681
275
1458
1641
-208
1602
1770
-1103
1533
1825
188
952
1670
358
597
834
1300
590
871
883
1049
437
561
436
945
892
-78
1137
277
39
634
701
-381
114
794
-551
644
431
-486
388
375
431
-929
299
397
-544
-207
1371
-734
-912
769
900
-2251
1821
-1368
-490
1282
-1247
-320
691
138
-1642
1021
806
-1677
709
810
-443
554
-228
714
720
73
313
1428
207
392
717
636
1263
-270
978
975
1132
113
1187
1718
773
-278
2034
794
-217
1156
1252
694
1052
639
2052
1238
1777
1008
1960
929
56
874
953
-865
113
152
-516
-607
198
-855
319
1361
-493
510
2905
804
-421
3049
1028
-471
1277
1235
-362
550
761
-464
1211
-138
327
1167
886
68
938
1988
333
241
2739
1239
-29
4265
946
1608
3152
2983
1417
3265
2964
2606
1867
4627
1823
2270
3979
1664
2391
3126
1939
2109
2504
1999
1823
2058
2005
1415
2370
972
2164
1700
2103
1099
2216
2095
1205
1622
3122
1292
1398
3315
1068
2242
2137
676
2751
2316
919
2421
1852
1042
1449
1581
709
1948
443
1676
1414
-412
1731
249
-860
1694
-552
-1062
962
629
-1125
127
83
-1165
-1335
466
-1006
-1091
152
-840
-972
-1008
210
-1609
-758
-324
-656
-1327
-509
-336
-1088
-749
-1187
-729
-526
-705
-724
-1013
14
-1652
-1552
12
-1025
-1554
-806
504
-1406
-968
-513
-1643
-622
-322
-1777
-1191
292
-1712
-845
-334
-987
-1628
-643
-570
-921
-1749
-60
-634
-1562
-361
-1029
-990
-1547
-246
-623
-1695
-1278
136
-1172
-1680
-688
-365
-2021
-479
-414
-1413
-327
-784
-709
-1940
-27
36
-2456
-142
826
-2117
-1802
578
-708
-2503
-368
180
-1259
-1694
149
-1248
-1216
-911
-779
-1599
-629
-1018
-1656
-446
-995
-1285
-1425
-252
-685
-1404
-754
-113
-1366
-655
-527
-1097
-640
-1097
-181
-1096
-14
-1513
-1188
209
-942
-2696
83
38
-2698
-366
339
-1865
-1815
528
-1419
-1718
-503
-126
-991
-707
119
-1572
-312
-320
-1490
-1249
990
-784
-1630
126
175
-1515
-896
-315
-238
-374
-1296
-770
473
-1211
-1859
369
-392
-1178
-968
555
-1662
-454
9
-1558
-177
-440
-1213
-326
747
-1772
-573
49
-257
-1160
-630
395
-179
-1119
-444
-377
-487
-1673
-127
144
-561
-1090
-197
-74
-712
-1346
-448
-74
-921
-485
-442
-710
-274
-884
-1013
-755
-457
-794
-697
-21
-978
-697
-1155
-382
-816
-618
-1015
-322
-77
-1214
-641
-157
-768
-1562
316
-509
-1087
-80
35
-916
-607
-90
-1439
-563
177
-923
-810
-415
41
-1112
-1050
55
-532
-435
-396
-59
-328
-804
-581
-297
-756
-374
-331
-482
-493
74
-233
-1289
-221
743
-1145
-687
626
252
-882
267
199
-713
-596
-121
-48
104
-458
-179
206
-353
-253
-583
317
-396
-176
646
-61
-289
-262
-6
-130
-342
116
-753
-96
166
-142
-659
166
72
-314
-488
65
-455
-211
196
257
-156
-417
-20
-267
-896
564
247
-534
-166
804
-431
-926
156
118
-575
-9
501
-338
-539
202
-100
-500
-23
2
-242
82
213
-598
160
547
109
114
583
309
138
263
689
838
191
848
812
620
980
-3
461
935
353
386
658
837
757
760
449
715
1080
-329
870
1437
11
291
1409
511
508
758
698
572
485
486
301
1205
765
526
618
833
1242
789
815
930
739
1244
1128
597
859
968
1018
848
442
920
884
398
750
1186
82
-148
1028
665
-98
452
109
-264
-356
-531
-496
-241
1166
2035
3414
3075
2124
1054
683
787
650
272
436
3
-421
-383
-797
-608
-848
-539
-884
-317
-390
-434
-236
240
134
223
429
-447
-76
-20
-247
-446
-78
-141
-218
109
-153
-118
-270
233
575
-17
97
657
8
213
319
-124
-173
140
255
119
151
412
543
522
145
74
479
468
381
395
755
603
316
592
818
363
286
1163
330
629
589
524
787
410
699
354
744
891
658
433
504
785
684
1005
243
607
355
650
820
442
734
824
858
723
699
414
471
544
1155
446
540
479
592
824
696
3
413
1085
734
347
552
821
346
536
716
680
281
436
600
577
417
109
114
538
147
96
292
-13
416
3
586
129
-119
159
83
195
241
-43
-40
43
207
125
-206
-4
-161
25
422
-12
-61
22
43
-27
-149
-63
-218
-2
207
179
-434
-119
-185
-330
-129
5
-305
-510
225
-126
-564
-672
-204
-168
-709
-348
-323
-29
-259
-513
-123
101
-671
-606
101
-190
-218
-363
54
187
-210
-658
76
-134
-554
68
22
-141
-70
-243
-33
45
-259
-232
158
-107
-79
41
-56
-332
55
231
104
74
193
223
191
313
374
-191
277
452
170
303
133
85
360
127
369
106
87
487
161
202
211
535
256
271
613
426
250
435
483
433
406
101
515
676
511
250
559
423
178
405
418
353
479
546
475
765
465
411
640
823
378
517
837
794
496
582
732
427
559
771
483
585
871
323
434
631
774
228
578
735
338
530
486
369
509
422
221
416
570
450
499
818
667
625
375
490
678
514
529
648
779
527
445
478
566
441
436
727
508
621
613
474
633
423
535
401
671
761
405
540
443
789
566
388
843
710
604
603
771
598
619
725
656
513
976
729
719
1032
780
519
530
827
607
528
730
633
399
681
747
296
516
776
565
423
701
753
737
715
688
667
439
589
699
672
546
848
752
770
665
641
812
530
778
691
621
684
658
721
861
702
734
640
784
659
723
719
608
657
735
643
686
648
622
824
692
595
507
782
682
648
1014
586
483
761
846
797
678
603
748
954
592
711
741
824
938
675
861
769
768
814
877
713
664
841
734
938
836
894
803
733
820
847
800
755
833
707
986
634
665
862
902
745
600
856
867
832
668
1073
814
554
829
667
764
760
682
406
751
824
360
575
862
516
592
893
652
486
706
799
419
633
677
576
879
1065
638
625
842
832
523
765
866
809
972
963
812
749
751
768
899
902
629
634
875
765
767
635
509
743
991
825
712
881
892
750
787
832
560
659
937
1081
888
705
915
768
786
850
642
762
973
995
887
881
841
697
768
1000
786
766
861
841
831
798
579
583
779
807
778
838
799
715
809
690
787
701
644
854
908
810
694
739
811
639
702
822
657
842
754
721
681
884
809
779
954
956
795
837
1124
702
906
1015
977
980
1162
997
929
1126
947
876
960
1039
786
788
890
907
834
900
1002
931
813
804
730
726
849
896
930
875
1043
798
657
970
825
784
856
985
819
801
920
836
936
803
882
906
766
915
907
681
843
834
924
940
871
786
759
894
911
919
975
992
869
826
928
801
940
1009
1049
1068
957
930
758
900
895
857
850
1028
1007
812
847
889
892
738
849
973
847
922
966
941
946
1014
815
955
956
859
864
1015
1100
990
963
951
954
856
890
856
961
925
887
999
816
851
832
961
906
863
935
914
906
894
774
830
865
845
913
937
987
847
907
931
840
863
954
1040
1110
1010
949
918
934
813
941
1010
1023
1049
959
943
1005
937
900
1003
1001
1042
1046
1084
945
1018
934
1013
1142
939
926
920
1069
914
930
1024
998
1139
1007
1006
898
929
934
972
1096
951
941
992
926
1036
871
917
995
903
930
863
859
904
936
873
1005
1084
946
887
964
926
769
841
978
1052
1016
929
1045
1117
1019
949
953
1103
1037
995
1095
1095
1065
1052
1112
1097
1157
1032
970
1081
1006
951
981
1128
1057
1039
1125
1050
984
919
1051
979
1004
1095
1085
1068
1063
1150
995
920
1048
999
963
1001
1104
1159
1138
1105
1071
1095
1038
931
935
1121
1095
1035
1112
1160
1074
1012
1103
1069
1010
1027
1091
1069
1110
987
984
1039
1087
1045
1044
1120
997
1078
1063
1043
987
976
1178
1200
1071
1039
1133
1171
1121
1072
1050
1097
1086
1127
1076
1124
1054
1066
1140
1108
1076
1070
1133
1116
1109
1123
1109
1144
1154
1177
1120
1117
1172
1146
1175
1154
1202
1167
1117
1144
1122
1120
1130
1179
1122
1083
1130
1130
1036
1044
1057
1015
1073
1078
1103
1066
1113
1121
1046
1125
1163
1077
1110
1213
1179
1141
1169
1251
1163
1103
1145
1118
1118
1183
1217
1138
1167
1179
1123
1153
1182
1165
1157
1223
1222
1106
1160
1188
1143
1173
1203
1179
1185
1161
1240
1216
1209
1203
1129
1217
1218
1146
1157
1225
1226
1113
1132
1161
1124
1163
1158
1224
1185
1221
1213
1161
1168
1097
1035
1110
1183
1157
1179
1175
1197
1119
1057
1078
1104
1204
1224
1213
1256
1255
1167
1101
1124
1112
1091
1175
1190
1254
1266
1198
1252
1255
1217
1165
1179
1232
1211
1171
1217
1197
1216
1170
1162
1196
1164
1202
1165
1231
1215
1168
1143
1122
1162
1135
1080
1244
1267
1200
1190
1166
1096
1076
1132
1140
1203
1229
1207
1266
1232
1173
1136
1167
1219
1167
1242
1259
1247
1230
1218
1211
1113
1115
1166
1202
1185
1295
1279
1227
1261
1216
1242
1178
1181
1219
1259
1262
1208
1201
1224
1210
1196
1218
1264
1208
1223
1241
1168
1164
1131
1144
1198
1227
1180
1169
1200
1230
1129
1140
1178
1122
1187
1265
1271
1247
1214
1229
1169
1145
1184
1164
1192
1237
1229
1188
1227
1200
1187
1211
1197
1160
1177
1165
1214
1143
1128
1214
1139
1121
1165
1148
1169
1176
1158
1184
1214
1204
1180
1200
1192
1152
1122
1172
1194
1145
1083
1178
1189
1108
1158
1193
1192
1155
1177
1168
1120
1169
1190
1184
1237
1218
1218
1186
1153
1124
1094
1132
1151
1189
1246
1226
1176
1202
1187
1109
1124
1169
1153
1121
1159
1168
1167
1180
1200
1176
1155
1134
1131
1120
1048
1124
1135
1141
1190
1192
1159
1131
1080
1072
1081
1062
1060
1178
1179
1116
1139
1112
1153
1099
1023
1085
1074
1082
1110
1111
1121
1110
1094
1065
1071
1086
1070
1107
1182
1176
1135
1087
1136
1110
1076
1118
1141
1098
1120
1124
1081
1088
1083
1069
1062
1088
1064
1086
1105
1106
1099
1037
1040
1044
1034
1070
1114
1118
1070
1124
1090
1082
1090
1094
1136
1119
1112
1102
1106
1116
1100
1127
1144
1101
1082
1077
1073
1062
1074
1097
1124
1090
1069
1076
1025
1015
1088
1069
1104
1134
1129
1107
1099
1091
1062
1088
1116
1118
1124
1118
1094
1091
1064
1060
1008
1024
1049
1062
1054
1042
1049
1038
1009
969
974
1011
1001
1014
1051
1054
1036
1015
1040
1036
1027
1022
1019
1061
1041
1023
1020
1023
1032
1037
1042
1035
1040
1010
1015
1008
981
986
972
993
993
1002
1023
1026
1039
1046
1016
988
997
1015
1015
1007
994
1011
1051
1043
1039
1064
1032
1001
967
941
914
929
969
1012
1045
1063
1037
978
994
981
953
956
1010
1034
1053
1042
1019
1029
996
956
941
939
944
935
977
1010
1012
989
977
992
963
944
956
947
957
972
943
971
973
955
949
964
923
905
927
925
938
968
935
943
947
909
879
869
893
879
882
905
910
857
863
909
872
878
878
873
888
889
900
919
950
924
878
905
879
873
880
901
902
891
901
886
887
914
899
893
903
916
912
905
900
885
891
862
847
853
874
867
870
890
878
849
838
861
865
853
881
914
921
909
898
894
865
863
842
847
869
854
876
878
875
872
864
868
853
852
869
863
861
851
830
851
819
822
849
842
825
854
878
849
801
818
824
819
843
826
861
866
861
843
827
841
790
800
817
775
786
792
793
795
789
788
754
761
776
770
760
774
787
784
787
769
765
764
749
745
771
786
770
770
781
794
764
748
759
774
754
731
732
745
742
725
724
726
728
716
712
727
732
721
720
727
731
725
719
719
729
724
707
729
731
730
726
738
741
723
739
727
723
716
726
732
745
744
734
726
696
683
657
685
717
715
723
726
719
701
675
679
683
694
698
704
706
686
683
682
687
707
699
696
693
680
671
657
645
667
696
702
705
679
679
660
644
634
648
667
658
681
686
672
676
658
656
663
650
656
678
689
693
686
670
658
633
637
628
609
609
621
638
649
651
664
666
638
630
625
602
600
607
628
652
657
656
677
682
656
632
615
628
619
625
661
689
686
691
671
672
671
643
633
657
687
690
678
690
690
665
648
649
642
631
636
639
651
644
630
631
629
615
605
602
597
595
586
579
576
572
585
581
584
613
604
588
604
584
564
550
549
561
572
572
575
580
581
575
559
552
556
546
538
552
549
560
564
552
561
557
551
534
544
552
556
553
555
566
550
547
545
546
553
553
541
536
518
508
511
521
532
533
533
556
550
533
527
511
516
515
510
521
538
545
537
545
534
506
501
499
507
490
505
510
513
514
510
505
493
486
487
484
478
482
494
506
508
501
495
488
483
490
492
492
493
484
490
501
482
474
475
496
493
478
479
482
473
473
462
458
461
467
467
471
469
461
472
475
466
460
465
460
464
452
445
451
446
450
453
456
456
450
453
446
422
422
425
422
428
425
428
428
430
425
425
429
424
423
410
407
410
411
418
418
415
420
422
417
412
402
395
381
386
389
378
393
408
406
399
384
382
383
382
381
381
387
386
387
381
369
373
366
367
372
372
373
371
376
378
376
379
383
385
386
383
378
383
385
386
380
385
384
372
371
370
359
352
354
350
356
356
355
349
348
354
348
346
349
347
345
348
349
351
349
357
363
362
366
363
354
346
344
338
332
337
341
342
341
342
345
342
336
329
326
317
317
318
316
329
335
339
340
338
326
320
320
317
317
318
318
320
326
333
329
327
327
311
299
292
289
294
300
313
320
327
332
324
315
301
292
291
285
286
290
291
297
300
298
292
280
268
255
244
240
241
256
273
275
274
288
290
276
265
260
259
258
264
271
283
290
289
290
286
279
273
261
264
261
261
269
271
279
275
272
272
260
251
248
248
251
259
267
268
278
279
271
260
247
246
244
238
247
255
261
264
257
252
240
230
217
215
216
223
230
240
241
243
235
229
221
218
220
213
219
221
221
220
213
211
200
194
193
199
206
202
210
220
224
218
222
216
205
196
192
196
197
202
215
217
219
213
203
201
190
179
177
179
183
185
197
202
201
200
197
189
182
184
183
181
190
191
194
195
191
188
178
170
158
153
151
151
150
155
157
158
160
162
154
144
140
142
138
139
149
158
164
166
164
152
147
139
135
132
134
141
145
148
153
148
142
138
131
121
119
124
126
131
138
136
136
136
127
120
118
115
112
108
122
127
127
130
118
111
102
98
92
90
100
100
102
101
101
99
97
97
93
86
84
88
97
104
112
114
117
114
109
102
89
83
84
85
94
96
94
89
87
75
68
65
65
68
70
76
81
84
87
85
83
75
71
72
71
77
75
77
77
75
73
64
55
50
45
43
40
40
43
43
44
42
37
34
32
29
24
29
33
36
39
43
45
47
43
41
37
34
28
30
30
32
35
37
31
22
18
17
10
14
13
13
19
20
19
24
27
25
24
27
31
29
30
29
23
19
18
13
18
22
22
23
24
20
12
7
5
-3
-2
-2
-5
-1
0
0
-1
2
1
2
6
7
10
10
9
10
11
9
2
-6
-9
-14
-18
-16
-18
-14
-18
-20
-21
-23
-26
-26
-29
-28
-24
-26
-22
-18
-17
-22
-24
-22
-29
-32
-34
-31
-33
-34
-32
-31
-31
-33
-37
-38
-33
-38
-42
-33
-35
-33
-31
-32
-39
-42
-46
-45
-46
-49
-51
-51
-51
-48
-52
-53
-52
-57
-57
-59
-62
-62
-61
-67
-71
-73
-70
-69
-71
-70
-71
-69
-73
-77
-77
-76
-70
-71
-75
-75
-78
-80
-84
-87
-89
-89
-86
-81
-77
-77
-78
-78
-79
-77
-80
-87
-84
-90
-98
-105
-104
-105
-101
-99
-98
-95
-90
-92
-99
-102
-106
-109
-110
-104
-99
-94
-89
-90
-91
-94
-94
-95
-94
-99
-102
-105
-104
-103
-103
-105
-107
-107
-109
-111
-111
-115
-118
-117
-118
-119
-115
-115
-116
-117
-122
-127
-128
-126
-119
-120
-117
-116
-115
-115
-118
-122
-125
-133
-135
-137
-131
-129
-131
-131
-131
-132
-136
-137
-138
-134
-130
-132
-133
-128
-129
-133
-137
-138
-142
-145
-146
-144
-142
-140
-140
-142
-140
-141
-145
-147
-150
-149
-148
-146
-145
-147
-146
-145
-147
-150
-150
-146
-146
-143
-146
-148
-147
-150
-149
-154
-156
-156
-152
-151
-150
-151
-153
-158
-161
-167
-171
-177
-178
-177
-179
-183
-180
-173
-172
-175
-173
-175
-179
-179
-178
-176
-174
-173
-167
-168
-164
-164
-170
-172
-177
-183
-184
-181
-181
-182
-181
-182
-186
-190
-187
-189
-191
-192
-193
-192
-193
-190
-191
-191
-193
-195
-197
-195
-195
-198
-193
-190
-191
-189
-189
-191
-195
-197
-198
-202
-204
-203
-201
-200
-201
-202
-202
-199
-200
-203
-205
-210
-214
-216
-215
-213
-217
-217
-214
-211
-212
-212
-210
-215
-217
-220
-220
-220
-219
-218
-221
-217
-214
-216
-216
-217
-219
-224
-227
-230
-233
-229
-230
-230
-231
-231
-234
-238
-238
-242
-243
-239
-241
-239
-240
-236
-238
-238
-234
-238
-238
-235
-232
-228
-226
-221
-223
-227
-228
-227
-224
-226
-227
-230
-234
-235
-241
-242
-244
-248
-249
-248
-249
-252
-251
-253
-255
-257
-256
-254
-250
-248
-246
-242
-242
-241
-243
-244
-245
-243
-242
-243
-242
-241
-244
-245
-254
-263
-268
-271
-274
-274
-272
-270
-267
-266
-266
-268
-273
-273
-277
-276
-279
-278
-275
-271
-272
-271
-271
-275
-279
-282
-284
-284
-284
-284
-281
-277
-277
-281
-283
-286
-290
-293
-291
-289
-282
-278
-276
-274
-280
-284
-289
-291
-293
-298
-299
-295
-295
-290
-288
-289
-291
-290
-293
-297
-294
-294
-292
-294
-293
-288
-280
-279
-278
-279
-284
-287
-290
-291
-293
-296
-293
-293
-297
-296
-300
-305
-310
-312
-314
-312
-308
-306
-308
-307
-309
-311
-309
-304
-305
-307
-302
-301
-296
-294
-298
-304
-306
-311
-315
-317
-317
-318
-322
-321
-319
-322
-320
-318
-320
-323
-327
-327
-327
-329
-330
-330
-332
-333
-330
-329
-328
-328
-330
-328
-324
-325
-328
-327
-328
-334
-332
-331
-335
-335
-332
-331
-333
-333
-331
-332
-332
-333
-337
-338
-340
-342
-343
-342
-338
-339
-337
-337
-339
-343
-344
-345
-348
-346
-344
-343
-342
-340
-335
-333
-332
-335
-332
-334
-341
-345
-347
-350
-351
-350
-351
-348
-347
-347
-347
-350
-354
-356
-353
-354
-356
-357
-357
-355
-355
-356
-358
-360
-361
-361
-361
-361
-361
-360
-359
-362
-366
-363
-361
-362
-363
-362
-365
-366
-366
-366
-369
-371
-373
-377
-377
-372
-373
-374
-374
-378
-379
-377
-373
-375
-377
-376
-376
-373
-372
-372
-370
-374
-375
-381
-381
-380
-378
-379
-378
-374
-373
-373
-380
-382
-386
-386
-386
-389
-388
-384
-384
-388
-389
-393
-397
-395
-393
-393
-392
-388
-385
-384
-381
-384
-383
-384
-385
-385
-387
-384
-380
-380
-382
-384
-385
-386
-387
-391
-394
-396
-397
-398
-398
-399
-397
-398
-399
-397
-398
-397
-394
-396
-397
-396
-392
-393
-394
-397
-399
-402
-399
-398
-399
-402
-403
-404
-405
-410
-414
-415
-417
-416
-416
-414
-409
-407
-408
-408
-410
-409
-414
-413
-415
-416
-416
-416
-413
-415
-416
-418
-420
-425
-427
-427
-426
-429
-428
-427
-425
-424
-424
-425
-422
-423
-425
-428
-428
-430
-431
-429
-431
-431
-433
-432
-431
-434
-433
-432
-433
-434
-434
-434
-433
-435
-437
-440
-443
-443
-439
-438
-434
-432
-433
-432
-434
-434
-434
-435
-437
-438
-438
-439
-445
-446
-445
-445
-445
-445
-446
-445
-444
-446
-447
-448
-447
-448
-449
-448
-449
-447
-447
-450
-450
-451
-454
-455
-453
-454
-455
-454
-454
-451
-453
-455
-457
-459
-460
-460
-462
-461
-456
-453
-456
-459
-462
-464
-460
-461
-462
-464
-465
-464
-465
-464
-466
-465
-465
-466
-468
-469
-469
-470
-470
-470
-468
-466
-464
-465
-467
-467
-466
-470
-470
-471
-470
-470
-471
-473
-471
-470
-472
-471
-471
-472
-475
-477
-479
-477
-477
-478
-480
-481
-480
-476
