4
2
0
-1
-3
-1
2
4
4
4
2
4
6
6
6
7
7
7
8
7
7
5
3
4
1
2
2
1
2
2
1
4
7
8
7
4
2
2
3
2
1
2
1
3
2
1
-1
-3
-1
-3
-4
-4
-4
-4
-4
-2
-2
-1
-2
-3
-2
1
4
3
0
-1
-1
0
-1
0
-2
-3
-4
-4
-5
-3
0
0
-1
-3
-5
-4
-3
-4
-5
-3
-1
-2
-2
-2
-2
-3
-1
-2
-1
-2
-4
-4
-4
-3
-1
-2
-2
-1
0
1
0
-3
-3
-2
-4
-2
-3
-3
-1
-2
1
-1
-5
-8
-6
-3
-2
-2
-2
-3
1
1
-1
-2
-2
-1
0
0
0
1
-1
1
3
3
2
-3
-3
1
5
6
3
2
1
4
8
8
8
6
4
2
4
5
7
6
4
2
0
0
0
1
1
3
2
1
3
2
2
2
1
3
3
1
2
4
6
8
6
3
0
2
2
3
4
2
1
1
2
4
3
2
5
7
5
4
1
2
2
3
3
5
4
4
6
6
5
3
1
-1
-2
-2
-3
-4
-2
-2
-2
-1
0
-1
-1
2
3
5
5
3
1
0
0
0
-1
1
3
5
3
4
4
3
5
4
3
3
1
-1
-1
0
-1
3
2
4
4
3
3
0
0
1
3
4
4
3
2
2
-1
0
2
4
5
3
3
3
6
4
3
3
2
3
3
4
7
6
7
5
2
4
3
2
3
0
-2
0
-1
1
2
4
5
4
4
3
3
3
1
0
1
2
4
3
2
3
2
0
3
1
-1
-1
-3
-1
3
3
2
3
2
3
3
2
1
-1
0
1
3
5
6
6
5
5
5
5
4
3
3
2
3
3
1
0
-1
0
4
6
4
0
-1
-1
0
-1
-3
-1
-1
1
2
3
3
3
2
1
1
1
1
0
0
2
2
4
4
3
1
2
5
5
1
-2
-3
-1
4
4
0
3
3
1
3
2
2
4
4
5
4
3
1
3
5
8
8
6
4
4
6
7
10
8
5
3
4
5
6
4
2
1
3
4
2
-1
-2
-2
-2
2
5
6
4
1
3
4
5
7
6
5
5
6
3
5
7
6
4
3
2
2
3
4
5
3
2
2
4
8
10
8
4
2
3
4
5
4
6
8
11
10
8
7
4
3
4
5
4
4
0
1
4
7
7
5
3
4
3
4
5
4
3
3
4
5
7
9
9
10
9
7
7
5
3
3
5
3
4
4
2
4
7
7
7
6
4
4
7
8
7
6
7
8
9
11
11
11
9
7
5
7
9
9
8
7
6
7
9
9
8
8
7
9
10
7
6
6
6
7
7
11
12
12
12
11
11
9
10
9
10
12
10
10
10
10
9
8
6
5
5
6
9
11
10
7
5
5
5
7
7
8
10
10
8
6
6
6
6
6
6
6
3
3
3
4
5
5
3
3
3
6
9
11
8
6
2
0
2
5
8
7
8
9
7
7
7
5
6
5
4
3
2
3
5
5
4
4
2
1
3
3
3
3
1
0
1
0
-1
0
1
3
3
2
2
2
1
2
1
0
1
4
4
2
1
2
2
2
0
-1
-1
-2
-1
1
3
1
-2
-2
-2
0
0
0
-2
-5
-6
-7
-6
-4
-4
-4
-4
-4
-6
-7
-6
-3
-1
-4
-5
-5
-4
-3
-3
-4
-4
-3
-3
-2
-2
-1
2
1
-1
-1
-3
-4
-5
-4
-3
-3
-1
-3
-2
0
1
-3
-5
-6
-5
-4
-2
-3
-5
-5
-5
-5
-3
-2
-4
-4
-4
-2
-3
-3
-4
-8
-10
-10
-7
-4
-3
-7
-9
-9
-6
-4
-4
-4
-8
-9
-7
-2
0
-4
-9
-10
-9
-8
-8
-8
-8
-8
-9
-10
-10
-10
-9
-10
-10
-10
-9
-7
-7
-8
-7
-6
-7
-8
-9
-10
-9
-10
-10
-9
-9
-9
-11
-11
-12
-11
-10
-13
-12
-13
-11
-11
-14
-15
-15
-14
-12
-10
-11
-13
-11
-10
-10
-9
-9
-11
-9
-12
-15
-14
-13
-12
-10
-11
-12
-12
-16
-16
-14
-14
-11
-11
-12
-12
-12
-11
-11
-12
-13
-12
-11
-9
-9
-8
-8
-9
-10
-14
-14
-14
-14
-13
-12
-11
-10
-10
-11
-9
-9
-10
-13
-15
-14
-14
-13
-14
-13
-13
-14
-18
-18
-18
-15
-13
-10
-8
-11
-10
-13
-14
-13
-11
-9
-9
-12
-13
-12
-11
-12
-13
-14
-15
-16
-15
-13
-12
-11
-11
-11
-10
-10
-12
-11
-11
-13
-12
-11
-8
-6
-6
-9
-11
-11
-12
-13
-12
-11
-11
-12
-12
-12
-11
-10
-10
-11
-10
-7
-3
-3
-6
-8
-6
-4
-1
-5
-7
-10
-10
-7
-6
-6
-9
-11
-11
-10
-10
-10
-11
-11
-10
-8
-4
-3
-3
-5
-6
-5
-5
-3
-2
-4
-6
-5
-2
1
-1
-4
-8
-7
-4
-2
-2
-3
-5
-7
-4
-2
0
1
-1
-4
-2
0
0
-1
-2
-4
-6
-6
-5
-3
-3
-3
0
-2
-3
-4
-5
-8
-5
-1
0
0
-2
-4
-6
-3
-5
-6
-6
-7
-6
-3
-1
-1
-3
-3
-2
2
4
3
-1
-6
-4
-2
-1
0
-2
-5
-6
-6
-7
-5
-1
-3
-4
-6
-4
-3
-2
-3
-4
-3
-1
1
2
-1
-1
-4
-3
-1
-1
1
-1
-1
-1
0
-1
-1
-3
-4
-3
-5
-5
-4
-1
-1
-1
-1
-4
-3
-1
-3
-4
-5
-7
-5
-4
-2
0
-1
-1
0
0
0
-1
-1
-2
-2
-2
-2
-2
-2
-1
-1
0
1
0
-1
-5
-7
-6
-4
-4
-3
-2
-2
-1
3
6
5
2
-3
-7
-5
-2
0
-1
-3
-3
-2
-1
-2
-2
-4
-3
-2
1
3
1
-1
-3
-2
1
2
3
3
1
2
0
1
0
0
1
1
1
1
1
1
-1
-2
-2
1
1
2
1
-2
-3
-2
-3
-2
-1
2
4
2
0
-1
-3
-3
-3
-3
-1
0
1
0
0
1
-1
-3
-7
-7
-3
0
2
2
1
-1
-3
-1
0
3
2
0
1
2
3
3
2
1
1
1
0
-1
-1
-1
0
0
2
0
0
1
1
3
3
1
1
2
4
3
3
3
3
4
5
4
3
1
2
3
3
5
6
4
4
3
3
5
6
8
8
7
5
3
3
3
2
2
3
2
4
4
5
4
3
2
3
3
4
4
5
7
5
4
4
3
2
2
1
2
3
3
3
2
1
1
1
2
3
4
6
6
8
7
5
4
3
4
3
1
0
-1
1
1
2
-1
-5
-4
-3
0
1
1
0
0
-1
1
-1
-1
-3
-3
-2
0
4
6
6
2
1
1
2
1
-1
-2
-2
1
5
6
5
4
3
2
3
1
0
-4
-3
-1
0
2
0
-3
-1
0
1
2
0
-1
0
1
-1
-2
-3
-4
-5
-4
-5
-3
0
2
1
0
-1
-3
-3
-1
-2
-3
-2
-1
-2
-2
-4
-3
-4
0
-1
-1
-3
-6
-9
-10
-10
-8
-5
-1
-2
-4
-8
-10
-11
-11
-10
-8
-9
-8
-7
-5
-6
-8
-8
-10
-9
-9
-9
-8
-8
-8
-7
-6
-9
-10
-8
-8
-7
-6
-9
-11
-10
-11
-12
-14
-13
-14
-12
-14
-14
-16
-15
-14
-13
-13
-14
-16
-18
-17
-16
-13
-16
-17
-18
-18
-17
-15
-17
-19
-21
-20
-18
-17
-14
-16
-20
-21
-19
-15
-12
-13
-15
-19
-18
-15
-14
-13
-16
-20
-20
-16
-14
-12
-11
-14
-17
-18
-17
-13
-13
-13
-17
-19
-17
-17
-15
-18
-17
-16
-17
-18
-17
-18
-20
-21
-22
-20
-18
-18
-19
-20
-19
-18
-17
-19
-17
-15
-16
-15
-10
-10
-9
-8
-11
-12
-13
-15
-17
-16
-14
-13
-10
-11
-13
-14
-15
-17
-16
-15
-17
-14
-14
-13
-13
-15
-16
-15
-14
-16
-17
-17
-16
-14
-12
-14
-14
-15
-14
-13
-12
-13
-13
-16
-13
-11
-11
-12
-12
-12
-10
-11
-13
-12
-12
-11
-9
-9
-12
-14
-14
-13
-11
-9
-10
-13
-14
-11
-8
-10
-13
-16
-18
-15
-13
-12
-11
-10
-9
-12
-14
-14
-12
-10
-8
-8
-9
-11
-8
-10
-11
-12
-13
-11
-8
-8
-10
-12
-12
-10
-11
-11
-9
-8
-9
-8
-9
-9
-8
-8
-10
-7
-6
-6
-7
-9
-9
-11
-11
-12
-11
-11
-11
-11
-12
-10
-10
-10
-9
-10
-12
-12
-10
-7
-5
-5
-7
-10
-10
-8
-8
-7
-11
-12
-13
-10
-8
-7
-7
-9
-11
-11
-10
-9
-8
-6
-4
-4
-3
-4
-5
-6
-7
-5
-3
-4
-5
-4
-5
-4
-4
-7
-9
-6
-5
-4
-4
-4
-4
-7
-8
-9
-9
-10
-8
-9
-10
-8
-7
-6
-6
-7
-9
-8
-5
-5
-3
-4
-7
-8
-6
-4
-4
-7
-10
-12
-8
-3
-2
-4
-7
-8
-9
-7
-6
-4
-2
-3
-4
-5
-6
-6
-6
-4
-3
-4
-5
-3
-2
0
-2
-5
-8
-9
-7
-4
-3
-4
-4
-3
-2
-2
-4
-4
-5
-4
-3
0
-1
-3
-4
-7
-6
-4
-2
-3
-2
0
-1
-1
-2
-4
-3
-4
-3
-3
0
-1
-4
-7
-6
-4
-3
-3
-3
-2
-2
-2
-1
1
3
2
1
1
1
0
-1
1
-2
-3
-3
-3
-1
-2
-2
-5
-6
-6
-6
0
2
1
-2
-4
-2
1
4
3
1
-1
0
1
2
1
-3
-4
-5
-5
-3
-4
-5
-7
-6
-6
-4
-2
-3
-3
-3
-5
-5
-5
-6
-7
-6
-7
-5
-3
-2
-4
-6
-6
-7
-6
-4
-3
-3
-4
-4
-4
-4
-6
-6
-7
-4
-2
0
-1
0
-2
-5
-7
-9
-7
-5
-2
-1
-2
-5
-5
-3
-1
-1
-3
-5
-6
-4
-2
-2
-2
-2
-5
-6
-5
-2
-1
-1
-1
-2
-2
-3
-5
-5
-4
-5
-3
-2
0
-1
-4
-6
-8
-6
-2
-2
-4
-7
-5
-6
-4
-3
-5
-5
-6
-7
-4
-4
-4
-5
-6
-4
-5
-5
-7
-8
-8
-3
-1
-1
-3
-8
-9
-7
-6
-6
-6
-5
-5
-3
-5
-6
-7
-4
-3
-4
-5
-7
-4
-6
-5
-5
-8
-11
-14
-11
-8
-5
-6
-10
-12
-11
-8
-6
-7
-8
-9
-9
-10
-8
-10
-8
-9
-11
-8
-8
-7
-6
-4
-7
-8
-9
-9
-9
-8
-6
-6
-8
-9
-11
-10
-9
-9
-11
-11
-10
-11
-9
-10
-10
-10
-12
-11
-11
-10
-10
-10
-10
-9
-6
-4
-4
-9
-10
-10
-7
-4
-2
-5
-7
-8
-9
-8
-9
-12
-12
-14
-13
-12
-11
-12
-10
-11
-9
-8
-9
-7
-6
-6
-7
-5
-8
-6
-5
-8
-10
-10
-10
-10
-6
-7
-9
-8
-9
-8
-8
-9
-10
-10
-9
-7
-7
-4
-3
-3
-4
-6
-8
-11
-11
-9
-7
-7
-10
-12
-15
-13
-10
-11
-10
-10
-9
-9
-11
-9
-9
-6
-6
-6
-9
-9
-9
-8
-7
-10
-11
-11
-13
-12
-12
-14
-13
-12
-11
-11
-11
-11
-12
-17
-17
-16
-13
-11
-12
-11
-12
-13
-13
-12
-10
-11
-12
-13
-11
-10
-9
-9
-9
-10
-10
-10
-12
-12
-15
-16
-14
-15
-16
-20
-20
-19
-14
-16
-14
-13
-12
-11
-13
-16
-17
-19
-20
-17
-14
-13
-15
-14
-14
-14
-16
-20
-23
-19
-13
-12
-15
-18
-20
-17
-16
-17
-17
-20
-18
-13
-13
-14
-18
-19
-20
-17
-16
-15
-15
-17
-16
-15
-15
-15
-15
-14
-14
-15
-13
-14
-15
-14
-15
-13
-16
-17
-17
-17
-15
-17
-20
-20
-18
-16
-15
-15
-15
-15
-17
-16
-16
-15
-12
-14
-14
-12
-12
-11
-13
-13
-13
-12
-10
-11
-11
-13
-16
-16
-16
-14
-16
-15
-16
-16
-16
-14
-14
-13
-13
-13
-12
-12
-10
-8
-8
-6
-5
-7
-9
-7
-7
-9
-9
-11
-12
-12
-13
-12
-12
-10
-11
-10
-10
-10
-11
-12
-11
-13
-11
-12
-12
-12
-14
-13
-12
-9
-7
-8
-9
-13
-14
-13
-11
-9
-10
-9
-10
-10
-10
-11
-10
-10
-8
-9
-8
-6
-6
-7
-9
-9
-9
-10
-10
-10
-9
-7
-7
-8
-7
-7
-8
-8
-8
-9
-7
-5
-4
-4
-4
-5
-5
-6
-8
-10
-11
-11
-8
-5
-5
-8
-9
-8
-9
-10
-11
-9
-10
-11
-11
-11
-8
-8
-9
-10
-7
-4
-2
-5
-9
-6
-9
-8
-7
-5
-6
-6
-7
-6
-5
-2
-5
-8
-8
-8
-9
-7
-8
-10
-9
-8
-5
-4
-5
-4
-4
-6
-7
-8
-7
-4
-5
-5
-6
-8
-7
-7
-6
-7
-9
-11
-13
-10
-8
-7
-7
-8
-9
-9
-10
-8
-7
-11
-12
-12
-7
-6
-5
-6
-8
-7
-7
-6
-5
-6
-8
-8
-8
-7
-7
-9
-11
-11
-10
-8
-9
-10
-10
-10
-6
-6
-5
-4
-6
-9
-7
-5
-6
-8
-9
-11
-8
-3
-5
-8
-13
-13
-12
-9
-6
-6
-7
-8
-6
-6
-5
-5
-7
-7
-3
-1
-1
-4
-6
-8
-6
-6
-6
-8
-10
-9
-6
-5
-7
-9
-9
-9
-8
-6
-7
-10
-9
-8
-7
-8
-9
-9
-9
-6
-6
-2
-3
-7
-10
-13
-9
-8
-7
-7
-9
-10
-9
-8
-8
-9
-8
-9
-11
-10
-8
-7
-5
-4
-6
-8
-9
-9
-10
-8
-6
-5
-8
-9
-12
-12
-9
-7
-4
-3
-3
-6
-7
-8
-8
-8
-8
-7
-7
-6
-7
-9
-8
-7
-5
-6
-8
-11
-10
-8
-7
-7
-6
-7
-7
-6
-8
-10
-10
-8
-5
-6
-8
-7
-6
-8
-7
-7
-8
-8
-10
-11
-11
-9
-9
-11
-11
-10
-9
-10
-9
-11
-11
-10
-11
-11
-10
-7
-7
-7
-10
-11
-9
-5
-3
-5
-8
-10
-9
-9
-8
-9
-12
-10
-10
-8
-7
-6
-6
-8
-9
-10
-8
-9
-10
-13
-13
-15
-14
-12
-11
-11
-11
-14
-14
-14
-15
-12
-13
-12
-12
-9
-10
-11
-12
-13
-13
-11
-9
-9
-12
-14
-14
-12
-10
-11
-14
-14
-14
-11
-9
-8
-9
-12
-13
-11
-11
-11
-11
-11
-9
-8
-10
-10
-10
-11
-9
-9
-9
-9
-9
-10
-11
-13
-12
-11
-13
-14
-16
-14
-12
-11
-12
-12
-13
-12
-12
-14
-13
-16
-14
-12
-10
-9
-10
-13
-13
-14
-14
-12
-12
-10
-12
-13
-12
-9
-10
-10
-12
-12
-12
-10
-9
-8
-6
-8
-10
-11
-9
-8
-6
-7
-9
-9
-12
-12
-12
-14
-12
-11
-11
-12
-12
-12
-11
-13
-13
-14
-12
-10
-12
-11
-12
-15
-16
-16
-14
-11
-9
-9
-11
-12
-13
-14
-14
-13
-12
-13
-15
-17
-17
-16
-16
-13
-13
-16
-15
-14
-14
-12
-11
-12
-12
-13
-11
-9
-10
-12
-15
-13
-14
-13
-13
-16
-20
-22
-20
-17
-14
-14
-15
-16
-15
-17
-17
-18
-19
-17
-15
-15
-15
-18
-20
-21
-22
-20
-20
-19
-20
-19
-19
-18
-17
-19
-17
-15
-15
-14
-18
-19
-18
-17
-18
-19
-21
-23
-23
-21
-19
-19
-18
-20
-21
-20
-22
-21
-21
-20
-19
-18
-18
-19
-18
-18
-19
-20
-21
-22
-22
-19
-19
-18
-19
-19
-21
-22
-22
-23
-23
-21
-19
-19
-20
-24
-23
-24
-22
-19
-17
-17
-17
-19
-22
-21
-21
-20
-22
-24
-25
-26
-25
-25
-26
-25
-23
-21
-21
-20
-20
-21
-22
-22
-23
-21
-21
-22
-22
-18
-16
-17
-20
-21
-19
-19
-21
-23
-24
-23
-22
-19
-18
-16
-16
-18
-17
-18
-19
-18
-20
-19
-19
-19
-21
-20
-21
-20
-19
-21
-21
-22
-21
-20
-21
-21
-22
-22
-21
-19
-18
-17
-18
-18
-18
-19
-18
-17
-16
-16
-16
-16
-18
-16
-16
-18
-20
-18
-16
-16
-16
-17
-16
-15
-17
-18
-18
-15
-13
-13
-11
-11
-13
-14
-16
-14
-13
-13
-13
-13
-14
-13
-13
-13
-12
-13
-12
-12
-13
-13
-13
-11
-11
-13
-15
-15
-13
-13
-12
-11
-12
-13
-12
-10
-11
-11
-10
-11
-11
-11
-14
-13
-14
-13
-13
-14
-14
-14
-14
-13
-13
-13
-13
-13
-13
-15
-17
-16
-16
-15
-12
-12
-12
-13
-11
-11
-10
-9
-11
-12
-12
-10
-10
-11
-13
-13
-12
-10
-12
-14
-16
-16
-17
-14
-13
-13
-12
-13
-12
-10
-11
-12
-10
-9
-7
-7
-9
-10
-11
-9
-7
-6
-7
-8
-8
-10
-10
-12
-13
-11
-11
-11
-11
-10
-10
-10
-11
-10
-10
-10
-9
-10
-10
-10
-11
-11
-10
-9
-7
-7
-9
-11
-11
-11
-9
-8
-11
-12
-13
-13
-11
-11
-8
-10
-10
-8
-9
-7
-8
-6
-8
-8
-9
-8
-8
-7
-8
-6
-3
-2
-4
-7
-9
-7
-6
-6
-6
-6
-6
-7
-5
-5
-5
-8
-9
-6
-5
-5
-7
-10
-12
-7
-4
-2
-4
-7
-10
-12
-8
-7
-6
-9
-10
-9
-8
-8
-8
-7
-7
-6
-7
-8
-8
-8
-7
-5
-2
-1
-2
-4
-8
-8
-8
-5
-3
-3
-7
-7
-6
-4
-4
-6
-8
-9
-8
-9
-7
-3
-3
-5
-6
-7
-6
-6
-7
-7
-8
-6
-5
-7
-8
-8
-8
-7
-7
-7
-7
-7
-6
-6
-4
-6
-5
-6
-7
-5
-2
0
-1
-3
-4
-4
-2
-1
-1
-4
-6
-6
-6
-4
-3
-5
-6
-9
-12
-10
-9
-7
-6
-5
-6
-7
-8
-9
-9
-5
-2
-3
-5
-8
-9
-9
-9
-9
-8
-9
-8
-8
-6
-6
-8
-10
-13
-11
-6
-4
-3
-7
-11
-12
-8
-6
-4
-4
-9
-12
-10
-7
-3
-4
-7
-9
-10
-9
-6
-7
-8
-12
-14
-15
-13
-12
-8
-8
-10
-10
-10
-7
-7
-7
-6
-8
-7
-7
-8
-7
-6
-7
-7
-8
-10
-10
-12
-12
-11
-9
-8
-11
-13
-15
-14
-11
-10
-9
-9
-10
-10
-9
-11
-12
-12
-9
-10
-10
-12
-14
-14
-10
-8
-7
-5
-7
-11
-12
-12
-12
-11
-12
-12
-11
-9
-8
-8
-12
-12
-13
-14
-13
-12
-12
-13
-12
-9
-8
-7
-7
-9
-9
-8
-8
-10
-12
-10
-11
-10
-11
-9
-10
-13
-12
-8
-6
-3
-3
-6
-6
-8
-8
-9
-8
-9
-10
-11
-12
-11
-10
-9
-12
-16
-17
-16
-16
-14
-12
-13
-11
-9
-8
-6
-6
-9
-10
-10
-11
-7
-7
-8
-9
-11
-14
-15
-15
-14
-14
-13
-14
-14
-12
-10
-12
-13
-14
-16
-14
-15
-12
-10
-12
-11
-14
-16
-14
-13
-15
-16
-16
-17
-15
-16
-17
-17
-17
-17
-17
-16
-16
-16
-17
-17
-15
-15
-15
-17
-18
-17
-14
-15
-15
-17
-19
-15
-14
-13
-14
-16
-18
-19
-20
-20
-20
-20
-18
-20
-19
-20
-20
-20
-18
-15
-16
-17
-18
-18
-15
-14
-15
-18
-22
-22
-20
-19
-17
-18
-21
-22
-24
-23
-21
-21
-19
-18
-18
-18
-19
-23
-25
-24
-22
-20
-18
-18
-19
-20
-20
-18
-18
-17
-19
-23
-23
-18
-16
-16
-18
-20
-21
-18
-18
-20
-19
-18
-18
-17
-15
-14
-17
-19
-21
-22
-20
-20
-18
-16
-13
-14
-17
-20
-21
-20
-19
-19
-18
-17
-17
-17
-18
-20
-19
-18
-18
-19
-18
-21
-20
-21
-19
-19
-21
-23
-24
-19
-17
-17
-18
-18
-16
-17
-17
-17
-17
-17
-18
-17
-18
-20
-19
-18
-16
-18
-21
-23
-22
-18
-15
-14
-15
-18
-18
-17
-16
-15
-16
-15
-15
-13
-13
-14
-16
-19
-19
-17
-17
-20
-21
-20
-18
-18
-19
-20
-23
-23
-21
-18
-15
-12
-13
-17
-16
-16
-14
-13
-14
-15
-17
-17
-18
-16
-17
-17
-15
-16
-14
-16
-16
-17
-18
-18
-15
-15
-15
-14
-15
-17
-15
-13
-12
-14
-17
-19
-18
-17
-17
-15
-15
-16
-16
-16
-16
-14
-16
-17
-15
-13
-12
-13
-12
-12
-12
-13
-13
-12
-12
-13
-11
-10
-10
-8
-11
-14
-14
-15
-15
-14
-12
-10
-10
-12
-15
-15
-14
-15
-13
-11
-11
-10
-12
-12
-13
-14
-13
-13
-11
-10
-9
-9
-10
-13
-15
-17
-17
-15
-14
-13
-8
-11
-12
-12
-14
-14
-13
-11
-12
-10
-10
-11
-12
-12
-12
-17
-18
-16
-16
-14
-13
-14
-17
-15
-14
-14
-13
-14
-15
-14
-13
-12
-11
-11
-11
-13
-15
-13
-14
-14
-13
-14
-15
-14
-14
-15
-15
-12
-14
-13
-11
-8
-8
-10
-9
-10
-10
-11
-14
-15
-15
-14
-11
-7
-6
-10
-12
-12
-13
-14
-14
-12
-8
-6
-7
-9
-9
-10
-12
-13
-11
-9
-10
-11
-11
-10
-10
-10
-12
-13
-13
-14
-12
-10
-12
-13
-12
-12
-9
-10
-11
-10
-11
-11
-10
-10
-8
-7
-8
-10
-12
-11
-13
-13
-13
-13
-13
-12
-11
-11
-11
-9
-10
-9
-8
-5
-4
-4
-5
-6
-6
-7
-6
-8
-9
-8
-8
-6
-4
-3
-6
-6
-6
-5
-3
-4
-7
-9
-9
-7
-7
-2
-1
-4
-6
-9
-6
-4
-4
-5
-6
-6
-3
-3
-5
-6
-8
-9
-8
-5
-2
-1
-2
-5
-8
-7
-7
-9
-8
-5
-2
-1
-2
-3
-4
-3
-4
-6
-8
-7
-6
-6
-5
-3
0
-1
0
-4
-4
-5
-3
-3
-2
-4
-6
-7
-5
-5
-3
-5
-6
-8
-9
-5
-3
0
2
-2
-6
-7
-6
-5
-7
-5
-6
-7
-9
-8
-7
-7
-6
-5
-6
-4
-6
-9
-9
-8
-4
-5
-8
-10
-12
-10
-8
-6
-9
-10
-10
-10
-8
-6
-8
-10
-9
-10
-7
-4
-5
-6
-10
-12
-14
-13
-12
-10
-7
-6
-7
-8
-9
-8
-5
-6
-8
-9
-10
-8
-6
-5
-7
-10
-10
-9
-8
-8
-7
-5
-7
-9
-11
-12
-10
-10
-9
-7
-9
-10
-11
-12
-10
-10
-13
-12
-10
-8
-8
-9
-9
-7
-4
-5
-8
-10
-12
-11
-9
-8
-8
-10
-15
-16
-14
-11
-9
-11
-12
-14
-12
-9
-8
-9
-11
-13
-12
-9
-9
-8
-8
-13
-14
-14
-13
-11
-11
-16
-17
-17
-14
-10
-12
-13
-15
-16
-16
-14
-12
-13
-14
-14
-12
-12
-13
-15
-15
-15
-13
-13
-15
-17
-15
-16
-16
-17
-18
-17
-17
-15
-14
-14
-15
-19
-18
-17
-17
-16
-18
-17
-15
-15
-15
-16
-15
-14
-14
-13
-15
-17
-18
-20
-19
-18
-18
-17
-18
-18
-17
-15
-14
-14
-15
-16
-18
-19
-18
-18
-15
-16
-17
-19
-18
-16
-16
-16
-17
-17
-17
-16
-17
-20
-20
-18
-19
-19
-19
-21
-21
-21
-18
-20
-19
-19
-16
-17
-18
-19
-20
-21
-21
-18
-16
-14
-11
-11
-11
-13
-12
-14
-16
-17
-17
-18
-19
-19
-19
-17
-16
-13
-15
-17
-18
-20
-16
-15
-14
-13
-15
-17
-20
-19
-16
-17
-17
-19
-18
-16
-15
-17
-18
-17
-20
-19
-19
-19
-18
-19
-16
-15
-16
-18
-19
-20
-20
-19
-19
-19
-19
-20
-20
-18
-17
-18
-19
-22
-22
-19
-17
-15
-14
-14
-15
-16
-15
-16
-16
-15
-15
-16
-15
-16
-18
-16
-15
-16
-17
-16
-15
-15
-13
-12
-13
-15
-16
-16
-15
-16
-18
-19
-14
-12
-12
-10
-12
-13
-14
-15
-14
-11
-11
-13
-13
-10
-10
-10
-8
-7
-9
-11
-13
-12
-12
-11
-11
-12
-13
-11
-12
-11
-11
-14
-14
-12
-8
-5
-4
-4
-6
-8
-9
-12
-10
-8
-8
-7
-5
-4
-6
-10
-11
-13
-12
-11
-9
-6
-6
-8
-10
-10
-10
-10
-8
-7
-7
-7
-7
-6
-4
-5
-9
-12
-13
-11
-7
-6
-5
-8
-11
-13
-13
-13
-13
-12
-10
-10
-10
-12
-13
-13
-11
-11
-10
-9
-9
-8
-6
-5
-6
-4
-5
-6
-7
-8
-7
-6
-5
-6
-7
-6
-6
-6
-7
-6
-7
-5
-3
-4
-4
-6
-6
-7
-5
-4
-4
-4
-5
-5
-3
-4
-5
-6
-9
-8
-7
-7
-6
-8
-12
-9
-6
-1
-2
-5
-8
-8
-5
-4
-3
-3
-4
-4
-3
-4
-2
-2
-4
-2
0
-3
-1
-3
-4
-4
-6
-6
-5
-5
-3
-3
-4
-5
-4
-4
-3
-3
-5
-6
-7
-4
-1
-1
-2
-4
-6
-8
-7
-7
-7
-7
-9
-7
-9
-8
-7
-10
-8
-6
-8
-8
-9
-9
-7
-7
-9
-9
-8
-9
-11
-10
-12
-11
-8
-10
-8
-6
-7
-8
-10
-9
-9
-7
-7
-9
-8
-10
-10
-7
-8
-9
-7
-8
-9
-9
-7
-6
-6
-6
-6
-7
-6
-7
-7
-8
-6
-5
-6
-6
-8
-11
-12
-10
-9
-8
-11
-13
-14
-13
-12
-11
-11
-10
-9
-9
-8
-9
-7
-6
-10
-12
-11
-10
-7
-5
-5
-8
-7
-6
-4
-6
-7
-6
-7
-8
-7
-8
-8
-7
-8
-10
-8
-8
-11
-13
-13
-9
-9
-9
-11
-11
-10
-10
-9
-9
-8
-11
-12
-12
-11
-9
-8
-6
-8
-9
-10
-7
-7
-10
-11
-11
-10
-7
-6
-9
-8
-7
-9
-12
-13
-11
-8
-8
-9
-10
-11
-11
-11
-11
-13
-14
-13
-12
-10
-9
-9
-10
-11
-12
-12
-13
-14
-12
-10
-10
-10
-14
-13
-12
-11
-10
-10
-10
-8
-8
-8
-10
-12
-13
-13
-13
-11
-12
-11
-8
-8
-8
-6
-5
-6
-5
-9
-11
-12
-11
-10
-8
-8
-12
-12
-11
-12
-11
-11
-10
-11
-12
-12
-9
-10
-8
-6
-8
-6
-7
-8
-6
-4
-4
-4
-6
-7
-8
-7
-7
-8
-6
-7
-8
-9
-10
-9
-7
-6
-7
-8
-8
-6
-4
-5
-8
-8
-10
-11
-9
-8
-6
-9
-12
-12
-12
-9
-9
-11
-12
-12
-13
-14
-12
-12
-12
-8
-7
-9
-8
-9
-10
-11
-9
-9
-10
-7
-8
-10
-12
-13
-11
-11
-9
-8
-8
-7
-9
-11
-8
-8
-8
-9
-9
-9
-7
-5
-5
-8
-10
-10
-11
-11
-10
-8
-9
-8
-10
-13
-11
-10
-10
-10
-11
-11
-8
-7
-8
-8
-11
-14
-13
-11
-9
-10
-13
-15
-16
-13
-11
-10
-11
-13
-14
-11
-10
-11
-11
-13
-13
-15
-16
-14
-12
-13
-13
-13
-12
-12
-9
-9
-11
-12
-12
-11
-11
-11
-13
-13
-13
-12
-12
-14
-15
-14
-13
-12
-10
-13
-14
-13
-12
-11
-12
-10
-9
-9
-9
-8
-8
-8
-11
-12
-10
-10
-9
-9
-9
-10
-10
-10
-11
-11
-11
-11
-13
-12
-11
-12
-12
-14
-14
-14
-14
-13
-14
-16
-14
-13
-15
-14
-16
-17
-17
-15
-14
-14
-15
-15
-16
-14
-14
-15
-17
-16
-15
-16
-15
-15
-13
-12
-13
-15
-17
-14
-12
-10
-10
-12
-15
-14
-14
-15
-15
-16
-18
-18
-16
-14
-14
-15
-15
-14
-13
-14
-15
-17
-18
-17
-13
-13
-12
-13
-15
-14
-14
-16
-16
-18
-17
-16
-14
-13
-12
-13
-15
-15
-16
-18
-16
-14
-14
-12
-10
-12
-12
-10
-11
-11
-13
-14
-13
-12
-10
-10
-9
-10
-11
-9
-9
-8
-7
-6
-6
-8
-11
-13
-12
-12
-11
-11
-10
-8
-8
-7
-7
-7
-9
-13
-12
-12
-10
-10
-12
-12
-12
-12
-11
-11
-11
-11
-11
-10
-9
-6
-5
-7
-10
-12
-12
-9
-8
-6
-7
-8
-8
-8
-7
-6
-8
-8
-7
-9
-8
-8
-9
-7
-8
-9
-10
-9
-8
-6
-4
-5
-7
-6
-8
-8
-6
-6
-7
-8
-8
-7
-5
-5
-5
-4
-6
-5
-4
-5
-7
-5
-6
-6
-4
-4
-5
-6
-7
-2
1
1
3
0
-1
1
1
-2
-3
-2
1
4
4
3
1
0
2
0
-1
0
-2
-1
0
-1
-2
-4
-5
-4
-2
-1
0
1
2
4
4
4
3
2
0
-2
-1
-3
-4
-2
-2
-1
-1
-1
-1
-1
1
0
-1
-4
-3
-2
1
0
2
3
0
-2
0
-1
-2
-3
-4
-1
-1
0
0
-1
-2
-2
-1
1
2
0
-2
-1
1
2
2
1
1
-1
0
-2
-2
-2
-3
-4
-1
2
1
2
0
-1
-3
-3
-2
1
4
2
-1
-5
-3
-2
-3
-3
-3
-5
-5
-5
-4
-3
-1
-3
-4
-4
-5
-3
0
2
-1
0
-4
-6
-7
-2
1
-1
-3
-4
-6
-6
-5
-5
-4
-5
-3
-4
-4
0
0
-2
-2
-2
-2
-3
-1
-2
-1
-3
-8
-9
-8
-5
-3
-5
-6
-5
-2
-1
-2
-4
-5
-5
-4
-4
-4
-2
-1
-1
0
-3
-6
-9
-9
-9
-9
-8
-8
-7
-6
-8
-8
-5
-5
-4
-5
-6
-4
-5
-1
-3
-5
-7
-9
-8
-5
-3
-4
-5
-6
-8
-10
-8
-6
-4
-4
-5
-5
-5
-4
-5
-5
-6
-1
-1
-2
-4
-6
-5
-5
-2
-2
-4
-6
-7
-6
-5
-2
-4
-8
-7
-5
-5
-3
-3
-5
-5
-4
-7
-10
-10
-12
-10
-5
-6
-6
-8
-10
-10
-7
-5
-3
-4
-5
-7
-8
-7
-7
-6
-7
-8
-7
-6
-4
-4
-5
-6
-6
-5
-4
-5
-7
-7
-6
-3
-3
-2
-1
-2
-1
1
-1
-3
-5
-7
-7
-5
-2
-1
-2
0
0
0
-1
0
-2
-4
-5
-4
-2
-1
1
2
0
-1
-4
-6
-6
-5
-4
-4
-3
-2
-1
1
0
-2
-4
-5
-3
-1
1
2
2
1
-2
-1
-1
1
-2
-6
-7
-8
-6
-6
-5
-4
-7
-7
-5
-3
1
0
-3
-4
-6
-3
-3
-6
-7
-7
-7
-8
-8
-8
-7
-5
-8
-10
-10
-7
-5
-5
-6
-7
-8
-10
-8
-4
-5
-5
-7
-8
-10
-10
-10
-10
-10
-10
-8
-6
-2
-5
-8
-10
-9
-8
-9
-9
-10
-10
-7
-6
-7
-10
-13
-12
-12
-9
-9
-9
-12
-13
-11
-8
-6
-7
-8
-8
-10
-9
-9
-11
-10
-10
-8
-8
-7
-9
-12
-14
-14
-14
-12
-12
-12
-12
-10
-9
-8
-7
-6
-7
-9
-9
-8
-10
-11
-10
-7
-6
-10
-11
-12
-10
-10
-11
-9
-10
-12
-11
-10
-8
-6
-7
-9
-8
-8
-10
-12
-15
-16
-13
-11
-11
-10
-12
-13
-14
-14
-12
-12
-12
-11
-12
-12
-10
-10
-11
-10
-9
-11
-13
-15
-15
-13
-11
-12
-11
-13
-16
-17
-17
-16
-15
-14
-13
-14
-14
-13
-11
-11
-10
-13
-16
-18
-15
-13
-12
-10
-12
-14
-13
-14
-14
-12
-12
-14
-12
-9
-8
-10
-12
-13
-13
-12
-10
-11
-13
-14
-14
-13
-12
-12
-11
-11
-10
-9
-10
-10
-10
-9
-9
-8
-9
-7
-8
-9
-12
-13
-9
-8
-6
-6
-7
-6
-7
-8
-9
-6
-6
-6
-8
-9
-10
-8
-8
-9
-11
-11
-10
-10
-11
-12
-13
-11
-9
-7
-7
-8
-10
-10
-9
-6
-5
-7
-8
-12
-11
-9
-8
-8
-10
-10
-12
-14
-15
-14
-10
-7
-9
-10
-13
-14
-11
-8
-6
-7
-9
-11
-11
-10
-8
-8
-9
-8
-9
-8
-6
-7
-8
-10
-11
-9
-8
-8
-8
-9
-11
-6
-5
-3
-3
-6
-8
-7
-8
-9
-8
-9
-9
-6
-3
-3
-4
-6
-6
-6
-6
-6
-5
-6
-6
-7
-8
-7
-5
-2
-3
-3
-4
-7
-5
-5
-5
-5
-5
-5
-5
-5
-5
-4
-5
-7
-7
-5
-2
0
0
-1
-2
-1
-1
-1
-1
-2
-5
-5
-4
-3
-2
-1
-1
-2
-1
-3
-3
-5
-2
0
0
-3
-5
-4
-1
2
2
-1
-4
-3
-1
-1
-3
-3
-4
-3
1
1
2
0
-2
-3
-3
1
2
3
5
3
3
1
1
-2
-3
-2
-2
-2
-2
-2
-3
-7
-5
-3
-3
-1
-2
-2
0
2
0
-1
-5
-7
-6
-2
2
-2
-6
-8
-6
-6
-3
-1
-3
-7
-9
-8
-5
-5
-2
-2
0
0
-1
-2
-2
-3
-4
-4
-7
-5
-2
0
1
0
1
-1
-1
-1
-2
-1
-2
-3
0
0
0
-1
-3
-3
-5
-4
-4
-3
-2
-3
-2
-6
-7
-7
-6
-3
-3
-4
-5
-7
-8
-6
-4
-4
-3
-6
-8
-8
-6
-8
-7
-6
-7
-6
-5
-4
-5
-6
-9
-10
-10
-9
-8
-6
-7
-8
-9
-8
-7
-8
-9
-10
-12
-11
-11
-10
-10
-11
-13
-14
-11
-9
-8
-10
-13
-14
-12
-9
-7
-8
-9
-11
-11
-10
-9
-10
-12
-12
-13
-11
-10
-9
-11
-12
-13
-13
-13
-12
-10
-9
-11
-13
-12
-9
-7
-7
-7
-9
-8
-8
-10
-10
-11
-12
-11
-11
-11
-13
-14
-11
-10
-10
-9
-11
-11
-11
-11
-11
-11
-12
-15
-13
-9
-7
-10
-14
-16
-17
-14
-12
-13
-13
-10
-9
-9
-9
-11
-10
-9
-8
-8
-10
-11
-12
-13
-13
-11
-12
-14
-15
-14
-15
-15
-14
-16
-13
-11
-10
-9
-11
-11
-11
-11
-8
-7
-10
-11
-13
-15
-14
-16
-16
-15
-17
-17
-15
-13
-12
-13
-14
-16
-16
-14
-12
-12
-10
-9
-8
-9
-11
-13
-15
-16
-15
-17
-15
-16
-17
-15
-15
-15
-17
-18
-16
-15
-16
-17
-18
-17
-17
-16
-15
-17
-18
-17
-18
-16
-12
-14
-14
-15
-17
-15
-13
-14
-16
-16
-15
-14
-14
-16
-18
-16
-15
-16
-19
-21
-21
-19
-19
-18
-18
-17
-16
-16
-16
-16
-16
-17
-19
-16
-15
-16
-16
-19
-21
-20
-19
-19
-16
-16
-19
-19
-19
-20
-19
-19
-15
-16
-17
-19
-21
-21
-18
-16
-15
-19
-20
-21
-18
-17
-20
-21
-23
-23
-21
-19
-18
-16
-18
-22
-23
-21
-23
-25
-27
-27
-25
-22
-20
-19
-20
-23
-25
-26
-24
-20
-21
-19
-21
-23
-24
-25
-24
-25
-26
-26
-24
-21
-20
-21
-22
-24
-24
-23
-21
-21
-21
-19
-16
-15
-18
-20
-23
-24
-23
-22
-22
-23
-20
-20
-22
-24
-27
-28
-27
-27
-26
-25
-24
-25
-26
-29
-30
-31
-30
-28
-21
-21
-20
-21
-23
-22
-23
-26
-28
-23
-22
-21
-22
-24
-28
-29
-28
-27
-26
-25
-25
-25
-24
-25
-25
-25
-25
-25
-23
-22
-21
-20
-22
-22
-23
-26
-28
-27
-28
-28
-29
-29
-26
-26
-28
-29
-30
-27
-26
-25
-25
-25
-26
-25
-22
-23
-23
-26
-27
-25
-24
-24
-23
-24
-26
-25
-26
-26
-28
-26
-26
-25
-23
-25
-27
-27
-28
-27
-22
-26
-32
-30
-30
-28
-29
-31
-28
-25
-23
-28
-31
-34
-32
-29
-25
-26
-27
-30
-31
-26
-27
-28
-26
-26
-25
-26
-28
-28
-27
-27
-25
-27
-27
-26
-26
-22
-23
-24
-24
-28
-27
-29
-28
-29
-30
-31
-31
-31
-27
-28
-27
-29
-32
-31
-30
-27
-24
-25
-23
-24
-24
-23
-23
-24
-27
-29
-28
-27
-25
-23
-23
-25
-24
-26
-25
-26
-28
-29
-30
-30
-26
-25
-24
-25
-27
-28
-28
-29
-27
-25
-24
-23
-26
-26
-27
-28
-31
-27
-24
-22
-22
-22
-22
-22
-22
-24
-22
-24
-24
-21
-18
-19
-22
-24
-26
-24
-22
-22
-23
-22
-21
-22
-23
-22
-22
-22
-21
-20
-16
-16
-21
-22
-23
-19
-11
-14
-15
-19
-20
-18
-17
-17
-19
-19
-17
-16
-20
-17
-17
-15
-14
-15
-18
-16
-16
-10
-13
-13
-14
-15
-14
-14
-21
-14
-16
-14
-13
-12
-6
-6
-7
-11
-17
-13
-10
-13
-12
-12
-11
-8
-5
-11
-10
-10
-8
-7
-9
-11
-12
-12
-11
-12
-10
-10
-14
-8
-15
-14
-11
-9
-7
-6
-10
-11
-11
-11
-8
-9
-13
-12
-14
-10
-7
-7
-10
-11
-11
-9
-10
-11
-8
-11
-8
-9
-7
-7
-9
-13
-10
-13
-9
-9
-4
-9
-13
-13
-10
-14
-10
-12
-11
-11
-14
-14
-12
-12
-10
-8
-9
-8
-14
-10
-13
-13
-13
-11
-12
-6
-12
-8
-11
-13
-9
-11
-9
-8
-11
-9
-6
-8
-4
-13
-13
-9
-14
-12
-9
-13
-3
-10
-11
-9
-12
-11
-11
-14
-7
-10
-9
-4
-12
-8
-9
-10
-5
-9
-13
-11
-15
-10
-10
-15
-15
-15
-18
-13
-12
-12
-7
-9
-10
-9
-12
-9
-6
-14
-5
-13
-9
-4
-10
-4
-3
-11
-5
-15
-15
-8
-17
-9
-11
-12
-2
-6
-6
-2
-8
-6
-6
-10
-2
-8
-8
-5
-9
-6
-8
-16
-10
-11
-12
-5
-11
-9
-8
-13
-8
-10
-9
-3
-9
-4
-3
-8
0
-3
-4
-1
-7
-6
0
-6
2
-1
-7
-2
-7
-2
1
-8
-3
-2
-8
1
-7
0
1
-4
-1
-2
-7
3
-2
1
-1
-10
-6
-4
-5
1
-7
-2
1
-1
-5
-7
-10
-2
-1
1
2
-5
-1
-1
2
2
2
-3
5
-3
4
-1
-1
3
0
2
-4
5
0
2
-1
-3
1
3
-2
-4
-2
-5
6
-3
1
-1
-1
0
4
-3
4
-3
-3
8
3
3
8
-5
-1
-5
-6
7
-2
1
3
-2
5
6
-5
7
-1
2
3
-2
4
6
3
3
0
-1
2
-4
5
2
0
-1
-3
1
3
-3
-1
0
3
0
-3
1
1
5
2
5
3
7
1
4
3
2
3
1
-4
3
3
4
6
-6
2
2
0
3
-7
3
7
1
5
3
5
11
-2
9
2
8
-3
-4
-5
5
0
2
-4
-6
7
-7
10
-13
0
-2
2
-4
-2
0
-9
11
-26
10
-19
-3
-7
-13
-4
-10
-10
-14
-7
-25
-1
-25
0
-19
-10
-10
-9
-3
-18
2
-8
-3
-6
-14
1
1
-8
-2
-3
-5
11
-21
6
5
0
27
-7
13
17
1
20
15
8
25
6
12
25
5
33
18
19
26
22
22
39
18
21
32
5
40
16
25
27
17
5
29
4
20
23
-11
26
0
9
17
0
-2
12
-22
6
2
-28
11
-41
-10
-12
-34
-22
-21
-51
-24
-49
-50
-16
-77
-36
-63
-61
-54
-65
-75
-45
-87
-61
-57
-96
-40
-106
-65
-77
-97
-72
-97
-84
-66
-88
-81
-55
-101
-51
-82
-61
-38
-64
-36
-38
-31
-6
2
-7
33
15
48
55
57
88
88
116
122
138
143
181
157
210
187
210
223
237
237
238
259
238
277
227
273
225
261
221
238
214
202
187
170
160
123
122
68
87
22
8
-36
-61
-80
-126
-157
-176
-215
-249
-272
-324
-324
-373
-394
-417
-454
-457
-494
-555
-526
-559
-572
-593
-611
-641
-596
-631
-593
-613
-560
-501
-569
-543
-447
-398
-362
-346
-356
-194
-180
-162
-94
-27
69
102
74
153
253
282
321
330
369
442
423
459
511
542
539
568
528
613
614
614
641
604
633
638
620
630
634
585
617
546
567
557
521
520
469
432
427
378
355
334
276
248
195
155
155
78
62
3
-62
-76
-6
-191
-136
-241
-263
-231
-385
-377
-360
-539
-449
-555
-747
-495
-762
-795
-703
-971
-892
-794
-957
-909
-770
-987
-807
-971
-971
-630
-716
-744
-716
-702
-483
-342
-616
-267
-195
-184
-79
-234
27
318
165
185
304
277
473
428
345
630
567
513
549
505
629
685
568
562
599
521
562
516
512
553
473
404
378
410
371
417
330
289
284
237
245
271
241
224
227
181
251
265
289
270
270
265
318
339
353
365
408
349
394
374
383
433
392
298
390
225
238
349
117
50
254
-77
-104
-20
-199
-231
-174
-493
-394
-418
-670
-615
-597
-832
-909
-855
-960
-1042
-937
-1006
-909
-1007
-1207
-990
-1011
-899
-868
-911
-1003
-686
-798
-639
-668
-465
-313
-405
-395
-246
-64
70
99
9
217
294
254
392
419
549
616
481
510
642
686
692
683
590
709
627
598
638
636
615
567
481
448
508
471
498
405
353
316
300
361
331
341
289
237
252
254
261
337
237
234
258
176
296
275
253
329
235
229
321
290
310
308
296
234
208
229
208
176
80
153
-32
19
41
-22
-239
-156
-98
-513
-224
-397
-622
-468
-568
-934
-655
-865
-1073
-830
-1003
-1132
-937
-861
-1295
-1109
-1074
-944
-964
-1047
-1010
-913
-828
-734
-808
-707
-367
-531
-456
-441
-273
-19
0
-112
50
176
202
282
288
431
569
476
436
536
659
681
697
607
660
708
651
632
686
689
643
612
495
575
602
565
525
478
393
450
418
349
441
377
280
293
222
273
366
186
211
223
187
253
221
199
345
240
140
306
265
254
250
297
208
248
188
256
174
123
191
49
57
36
45
54
-203
-109
-200
-257
-167
-542
-466
-335
-863
-778
-520
-1039
-979
-832
-1187
-1170
-783
-1106
-1259
-1062
-1357
-1064
-867
-1147
-1205
-951
-909
-876
-959
-822
-490
-551
-537
-577
-431
-81
-36
-131
-11
127
159
285
225
392
624
519
466
522
660
754
777
663
724
805
723
710
749
800
765
734
593
631
713
678
632
629
489
514
495
405
532
450
330
344
250
292
389
246
286
278
180
278
269
189
346
402
73
146
522
176
225
391
306
114
359
292
145
274
322
3
94
158
-63
192
17
-188
-165
-28
-386
-192
-329
-435
-486
-615
-880
-658
-745
-1047
-883
-1128
-1151
-906
-901
-1329
-1100
-1370
-940
-1032
-1191
-1107
-1069
-959
-772
-1077
-1013
-393
-568
-619
-562
-552
-77
-24
-198
-52
165
175
229
268
352
665
595
511
532
732
817
850
798
760
927
854
752
861
912
874
869
719
672
864
735
704
764
497
602
531
493
544
524
294
412
323
354
329
374
282
309
275
275
286
240
474
253
290
114
569
244
306
390
340
290
361
263
430
232
195
317
77
219
4
278
220
-269
-2
21
-145
-332
-80
-415
-373
-614
-600
-647
-875
-802
-1004
-929
-1331
-1126
-813
-1102
-1307
-1355
-1342
-966
-1114
-1296
-1176
-1055
-1055
-909
-1125
-853
-554
-579
-557
-699
-519
52
-18
-203
34
210
189
372
239
522
841
599
558
716
826
942
1013
830
951
1036
899
916
964
1006
983
904
711
763
899
805
759
746
517
535
569
446
614
518
351
328
427
329
409
487
223
405
221
380
330
250
609
345
227
332
552
392
378
566
412
188
488
428
315
214
411
276
-12
40
296
205
-240
253
-90
-531
248
-283
-359
-398
-243
-918
-517
-725
-1195
-627
-1002
-1307
-1056
-1074
-1027
-1156
-1123
-1671
-1117
-980
-1151
-1214
-1293
-970
-919
-948
-1221
-694
-408
-570
-556
-709
-198
156
-29
-48
102
363
398
464
341
751
914
752
716
732
1044
1143
1075
889
1061
1129
971
964
985
1042
1008
842
656
755
863
746
696
504
521
487
500
477
535
504
384
263
458
353
511
480
347
377
249
606
470
327
688
498
392
360
698
616
555
525
446
710
216
565
773
79
503
269
225
147
484
-23
215
149
-252
63
-32
-330
-309
-326
-589
-515
-941
-540
-1035
-1036
-1123
-1353
-1157
-1007
-1352
-1249
-1290
-2018
-844
-1014
-1533
-1266
-1093
-1237
-815
-1125
-1193
-324
-567
-643
-479
-588
21
262
13
10
333
447
549
527
577
1019
986
843
724
982
1283
1154
1162
1004
1090
1228
998
951
1111
1053
874
805
553
735
901
689
526
492
292
520
594
355
501
431
252
372
460
318
722
367
267
511
576
493
562
616
687
405
570
473
678
738
367
682
520
227
667
495
198
156
507
166
-64
219
120
152
-238
-110
-178
-44
-535
-526
-31
-1165
-964
-762
-943
-1291
-1328
-1227
-1477
-1522
-1142
-1195
-1678
-2121
-1103
-1060
-1587
-1330
-1486
-1083
-972
-1134
-1214
-771
-329
-588
-382
-799
-268
440
228
24
154
563
625
715
510
892
1307
972
903
932
1204
1410
1379
1029
1078
1268
1151
1035
1019
1020
1042
840
519
584
815
734
625
288
315
273
541
332
368
598
37
374
324
557
598
410
645
312
404
796
806
522
623
834
539
587
712
839
745
684
519
462
488
547
430
502
39
256
4
52
225
-259
-103
-753
-320
-354
-782
-887
-1206
-986
-1482
-1647
-1888
-1663
-1821
-2091
-1420
-1865
-2117
-2132
-2170
-1471
-1584
-1742
-1873
-1770
-1342
-1356
-1067
-1505
-822
-467
-636
-878
-910
163
381
130
-248
99
622
622
570
430
1037
1088
826
605
746
1318
1401
972
658
829
1026
1008
764
684
898
800
437
220
513
670
760
244
-53
47
344
500
18
242
95
-25
200
87
268
344
604
98
187
328
858
659
526
730
525
481
691
944
340
486
1100
19
38
373
218
97
-559
-273
-713
-1084
-943
-1077
-1091
-2003
-1771
-1519
-2305
-2350
-2825
-2064
-3105
-3128
-2910
-3262
-3298
-2954
-2324
-3603
-3180
-3750
-2606
-2632
-2808
-2892
-3179
-2194
-2122
-2299
-2061
-1531
-991
-1203
-1105
-1388
-263
300
126
-84
-60
500
789
733
639
1005
1210
1094
626
678
1073
1354
1028
538
451
497
576
388
148
132
171
-57
-382
-307
-340
-195
-316
-740
-572
-497
-236
-310
-364
-354
-132
84
-41
320
326
671
628
657
917
741
1477
1115
1214
1175
1278
1615
1026
1344
1439
767
1058
520
742
892
427
174
-347
108
-831
-444
-397
-1942
-1604
-1518
-2180
-2339
-3298
-2314
-2826
-3177
-2923
-2668
-2689
-2742
-2127
-3600
-2241
-1208
-1994
-1703
-1925
-1312
-196
-678
-661
266
871
840
935
629
1667
2684
2264
1975
2145
2422
3061
2807
2445
2864
3073
2791
2192
2265
2369
2553
2120
1488
1201
1131
1035
938
696
317
28
-177
-423
-388
-570
-370
-485
-759
-716
-642
-575
-108
-180
1
46
-75
261
636
735
960
894
903
1111
1385
1341
1384
1516
1328
1007
973
657
867
172
583
-332
-733
-708
-1033
-1729
-2105
-1996
-2949
-3033
-3746
-4091
-4425
-4497
-5041
-6005
-5221
-5424
-4948
-4537
-5361
-4704
-5325
-4523
-2911
-3165
-2899
-2903
-2253
-1262
-581
-968
-346
1297
1347
1512
1244
1502
3224
3689
3206
2792
2881
3460
3813
3366
2947
3122
3074
2472
2164
1929
1864
1868
886
142
-7
-106
-227
-685
-1442
-1580
-1412
-1742
-1921
-2179
-2081
-1444
-1686
-1701
-1820
-1299
-428
-404
-163
-297
389
959
1233
1219
1492
1815
2213
2198
2141
2184
2341
2265
2030
1537
1132
1146
804
278
319
-729
-1166
-1668
-2610
-2841
-3325
-5089
-3745
-6672
-5580
-7088
-7171
-6582
-7329
-6939
-5968
-6058
-6466
-6192
-6085
-3595
-2825
-2835
-3263
-2026
-806
961
708
904
2635
3608
3810
3419
3546
5373
6460
5824
5059
4740
5041
5652
4981
4722
4137
3534
2850
2207
1767
1588
1026
532
-530
-1194
-1786
-2016
-1696
-2036
-2158
-2704
-3147
-2886
-2476
-1905
-1200
-1237
-1148
-768
-214
806
1682
2203
2401
2782
2960
3455
4108
4508
4530
4529
3852
3735
3746
3443
3281
2632
1850
1142
594
-239
-539
-1706
-2267
-3474
-4605
-5310
-6730
-7048
-7631
-8779
-8765
-9151
-9016
-8388
-8192
-7256
-7077
-6397
-6797
-4826
-2940
-1857
-1337
-1274
151
2557
3725
3515
4360
5767
7212
7484
6734
6866
8077
9040
8119
7048
5913
5925
6009
5308
3758
2473
1708
1145
331
-948
-2073
-2212
-2488
-2885
-3976
-4621
-4294
-3908
-3511
-3496
-3586
-2939
-1438
-1129
132
937
1372
3090
3556
4290
5701
6177
6913
7485
7317
7493
7710
7719
7389
7015
6404
5560
5169
4321
3284
3015
1815
759
93
-1560
-2213
-3003
-4708
-5031
-7275
-7500
-8916
-9520
-9653
-10002
-10139
-9500
-10215
-8721
-6975
-5225
-4871
-4311
-4407
-868
2347
2958
3265
4239
6125
9047
9168
8203
10085
11695
12083
11177
9287
9366
10486
10000
8036
5907
4387
3730
2987
1227
-727
-1836
-2876
-3904
-5013
-6335
-6730
-6593
-6592
-6578
-6596
-6667
-5639
-4745
-3137
-1584
-775
1182
2032
4141
5824
7211
8351
9130
9672
10421
10675
10772
10526
10151
9628
8478
7744
6576
5858
5176
3858
2790
1480
316
-671
-1545
-2384
-3206
-4446
-5438
-7069
-7337
-8455
-9354
-9764
-10572
-10354
-10368
-11517
-10132
-10547
-7736
-7870
-5824
-2652
-2353
114
-995
875
5651
7916
8203
8463
8302
11315
12377
11356
11568
11854
12195
10449
8470
6804
6631
6152
4343
1789
-623
-2453
-3345
-4095
-5541
-6777
-7864
-8508
-8486
-8512
-8343
-7532
-6634
-5518
-4327
-3699
-2153
-309
1619
4126
6058
7854
9136
10318
11117
12491
12996
12767
12312
11395
10598
9849
8553
7315
6259
4837
3502
2075
934
244
-168
-814
-1589
-2486
-3533
-4270
-4455
-4472
-4731
-5223
-6680
-7147
-8319
-7862
-7825
-7648
-7795
-8635
-8538
-8249
-6709
-6200
-3877
-1162
317
1362
566
575
4900
7889
9327
9119
7905
8843
10447
10047
9180
9584
8936
8340
6454
3409
2533
2149
1356
84
-2393
-4733
-5825
-6232
-6561
-6731
-7063
-7267
-6781
-6506
-5932
-4516
-3052
-1294
299
1379
2527
3969
5220
6946
8707
10084
11111
11057
10863
10508
10510
10773
9755
8645
6929
5549
5057
3892
3182
2257
1183
497
-498
-945
-1117
-984
-796
-1089
-1592
-2196
-2845
-2608
-2325
-2376
-2870
-4216
-5485
-5589
-6054
-5573
-6788
-7174
-9074
-7982
-7573
-5442
-4477
-2641
-966
-259
504
-230
3191
6298
8495
8612
7910
8079
9083
8940
8818
9581
8959
7808
5613
3566
2472
1703
531
-334
-2136
-3934
-5472
-6226
-6564
-6269
-5808
-5404
-4984
-4665
-4068
-2533
-855
852
2332
3419
4571
5708
6760
7586
8679
9865
10814
11023
9803
8607
8212
8155
7938
6505
4858
3645
2968
2404
1693
1116
496
374
8
-396
-544
-379
392
691
299
-421
-1497
-1144
-951
-996
-1629
-3006
-4442
-4851
-5620
-6576
-6786
-8799
-9105
-9118
-8241
-5532
-5252
-2600
-2550
-392
784
892
4280
6063
9112
9880
8794
8505
8708
9382
10157
9454
8105
6335
4503
2969
1290
-151
-1492
-2392
-3802
-5265
-6741
-7486
-7466
-6452
-5521
-4724
-3939
-3273
-1807
-156
1717
3561
5277
6115
7658
9195
9474
9771
8505
9693
10918
10638
9369
6476
5462
5109
4317
3581
1658
843
633
1
-143
-1162
-801
-168
457
704
268
433
1230
1712
2208
966
491
-52
221
492
-1079
-2464
-5032
-4828
-6278
-6473
-8788
-10468
-10145
-9813
-7474
-6761
-4852
-2393
-1191
519
-12
3243
7345
9011
10739
8469
9909
10781
10071
10196
8719
8652
7298
4721
2514
387
-1012
-2213
-3559
-4969
-6650
-7458
-7986
-7630
-6945
-6132
-4967
-3332
-1705
200
1863
3120
5093
6895
8800
9704
9889
9938
9819
9992
9587
9464
8854
7471
6054
4157
3108
1990
1179
631
106
-288
-839
-879
-694
-106
525
1125
1721
2040
2495
3057
3368
3400
2679
2240
2028
1220
784
-904
-1356
-3996
-4422
-7868
-7746
-9969
-10942
-11750
-11847
-9917
-7577
-5435
-2759
-1048
313
1890
3386
7850
9997
12127
12148
12078
12455
11394
10601
9810
9312
7996
5654
2421
-106
-2478
-3689
-5166
-6107
-7513
-8191
-8733
-8401
-7768
-6362
-4776
-2476
-161
1988
3963
5476
7258
8967
10478
11481
11870
11588
10637
9664
8678
8139
7560
6145
4489
2673
1007
114
-879
-1043
-1101
-898
-843
-634
-37
715
1690
2823
3618
4540
4812
5447
5524
5475
4847
3874
3264
2176
1488
-278
-1552
-3686
-5609
-7499
-9823
-10925
-12386
-13260
-13245
-12283
-9500
-6892
-3423
-470
1408
3904
4345
8396
11741
14125
15286
14840
14332
13803
12140
10747
9541
7947
5811
2784
-670
-3608
-5844
-7344
-8059
-8875
-9524
-9549
-9092
-8083
-6411
-4284
-1802
1300
3912
6391
8669
10085
11541
12753
13470
13989
13615
12172
10319
8227
6862
5774
4762
2789
1022
-718
-1900
-2673
-3156
-2940
-2116
-1190
-339
629
1434
2806
4126
5644
6751
6996
7676
7509
7947
7001
5945
4776
3461
2454
684
-1150
-3124
-5264
-8193
-9865
-12609
-12471
-14000
-14188
-13958
-12034
-9026
-6131
-1435
1677
5234
6827
7766
12106
15001
16992
17023
15863
16015
14403
12360
9896
7230
5405
2812
-101
-3580
-6788
-8968
-10048
-10387
-10717
-10499
-9523
-8122
-6141
-3861
-1457
1953
5066
8164
10663
12451
13660
14376
14897
14824
14190
12837
11018
8925
6407
4070
2287
518
-779
-2107
-3151
-3833
-4514
-4081
-3178
-1729
-283
1246
3067
4726
6161
7446
8307
9068
9542
9785
9676
8812
7618
6295
4943
3366
1566
-481
-2218
-4251
-6352
-9169
-11866
-13629
-14621
-14600
-15046
-14415
-12389
-9395
-5303
-903
3691
7019
9630
10415
13335
16649
17834
18229
17626
16766
15282
12292
8810
6003
3733
1112
-1603
-5121
-8300
-10615
-11938
-11938
-11673
-10886
-9139
-7036
-4691
-2262
228
3713
7716
10905
13821
15221
15776
16020
15631
15436
14313
12574
10232
7649
4961
2101
-449
-2260
-3752
-4328
-4669
-5126
-5237
-4752
-3207
-1172
921
2962
5236
7505
9222
10238
10966
11244
11593
11739
11205
10144
8218
6615
5066
3112
1585
-857
-2579
-4843
-7138
-8885
-11444
-13602
-15098
-15770
-15266
-13767
-12430
-9434
-6895
-3370
1806
7198
11526
13686
13589
15771
17843
18264
18413
16890
15579
13870
10298
6592
2953
-163
-2519
-4805
-7434
-10339
-12211
-12725
-11791
-10752
-9302
-7169
-4472
-1577
1507
4517
7558
10725
13486
15771
17261
16661
15792
14692
13519
12221
9714
7066
4092
1480
-943
-3092
-5344
-7024
-7147
-6074
-4894
-3976
-3236
-1294
1423
4125
6793
8886
10962
12465
13588
13512
13043
11856
11426
10792
9523
7685
5193
3160
1374
-600
-1962
-4051
-5619
-7447
-9470
-11025
-13380
-14350
-15156
-13950
-13313
-10919
-9794
-6242
-2857
-155
5679
10080
14558
16441
15079
16509
17601
17621
17343
15404
13609
10958
6976
3146
-363
-3415
-5531
-6866
-8523
-10617
-11976
-12042
-10565
-9065
-7055
-3901
-864
2462
5143
7428
10305
12549
14699
16533
17259
16446
14646
12931
10536
8722
6601
4084
1636
-980
-3257
-4968
-6988
-8080
-7697
-5932
-3622
-1886
36
1565
4290
6788
9535
11986
13366
14671
14857
14696
13100
11567
10363
9277
8007
5998
3637
1635
-358
-2174
-3678
-4886
-6091
-7506
-8683
-10103
-11649
-12960
-13334
-12744
-10805
-10186
-7027
-6103
-1726
-322
2854
9176
12297
16615
15907
14644
16138
15744
15632
14270
12231
10216
7406
3798
-121
-3350
-6241
-7025
-7734
-8976
-9964
-10491
-9859
-8339
-7065
-4231
-953
2276
5763
7972
9748
11564
12936
14866
15979
15828
14489
12521
10343
7549
5712
3321
1080
-926
-3141
-4624
-6252
-7661
-8160
-7060
-5044
-2351
-1
2470
4521
7049
9338
11590
13291
14358
15333
15365
14383
12451
10346
8663
7277
5529
3773
1758
56
-1417
-3106
-4175
-5644
-5909
-6998
-7209
-8720
-9716
-10826
-10992
-10734
-8881
-8483
-6492
-5955
-2981
-224
2129
5118
9409
13882
15376
14562
12317
13819
13304
13089
11662
9844
7802
4560
1163
-1565
-4593
-6565
-6710
-6619
-7481
-8522
-9002
-7769
-6400
-4592
-1738
1505
4560
7027
8838
10035
11173
12029
13748
14562
14063
12749
10400
8197
5561
3257
1520
-269
-1686
-3139
-4476
-5647
-6919
-6809
-6055
-3996
-1400
1356
4381
6423
8544
10430
11768
13391
13984
14906
14653
13390
11654
8967
7187
5177
3729
2350
623
-490
-1914
-3136
-4522
-5669
-5701
-5876
-6274
-7034
-8287
-8733
-9396
-9423
-8483
-7955
-6343
-5809
-4095
-2060
-354
2495
5806
10836
12576
13255
11110
11307
11889
11372
11005
9589
8227
6131
3119
100
-2792
-5216
-5843
-5772
-6342
-7163
-7751
-7291
-6410
-5408
-3511
-732
2318
4836
6989
8041
9035
10097
11358
12717
12763
12137
10953
9121
6797
4275
2180
654
-732
-1785
-3115
-4318
-5414
-5828
-5657
-4868
-3248
-728
1829
4438
6133
7961
9905
11035
12588
13075
13727
13192
12279
10500
8354
6649
4737
3917
2341
982
-151
-1272
-2339
-3559
-4489
-4470
-4824
-4670
-5746
-6341
-7686
-8039
-7872
-8037
-6837
-7139
-5173
-4491
-4089
-2244
-811
2099
6656
10142
11789
12264
9900
11432
11214
10475
10285
8916
8640
6458
2941
115
-2924
-4599
-4731
-5229
-5643
-6120
-6585
-6118
-5910
-5493
-3391
-619
2300
4848
6442
7804
9044
10258
11371
11959
12022
12037
10997
9409
6719
4247
2407
1022
-261
-1316
-2500
-3443
-4159
-4622
-4658
-4254
-2331
34
2758
4953
6411
8443
9643
10810
11826
12394
12979
12934
11889
10231
8144
6175
4846
3605
2161
1120
62
-791
-2210
-3404
-4436
-4695
-4770
-4920
-5284
-5852
-7096
-7186
-7559
-7076
-7122
-6725
-5271
-4939
-3588
-3780
-1672
364
3886
8682
10120
11385
9440
10041
10407
9542
9182
8672
8368
6520
4072
1333
-1431
-3569
-4764
-4810
-5156
-5905
-5804
-5564
-5510
-5462
-4368
-2052
324
2763
4690
6012
7150
7965
9062
9589
9772
9878
9769
8906
7163
5112
3149
1546
434
-406
-1315
-2028
-2479
-2821
-3047
-3153
-2270
-699
1125
3264
5091
6671
7668
8232
9097
9495
10034
10113
10017
9253
7600
5901
4321
2967
1977
1240
831
192
-879
-1811
-2962
-3045
-3562
-3265
-3402
-3642
-4174
-4750
-5216
-5714
-6354
-5738
-6475
-5334
-6470
-4684
-3574
-3108
-1582
-176
6153
7337
9172
7225
7770
9210
8231
8877
8024
7394
6534
5263
3611
276
-1919
-2458
-2312
-3076
-3987
-4143
-3725
-3932
-4473
-4450
-3366
-2152
4
1896
2676
3485
4389
5861
6533
6952
7575
7884
8342
7537
6454
5315
3811
3448
2844
2002
890
547
147
-494
-611
-996
-501
363
1504
2959
3496
4160
4665
5574
5774
6109
6512
6897
6915
6452
5992
5500
4362
4074
3623
3423
2988
2466
2076
800
-10
-850
-1075
-1641
-2890
-3927
-5271
-6212
-7575
-8497
-9162
-9588
-8242
-8492
-7557
-7148
-6862
-4633
-3870
-1013
3432
5859
9753
9252
9915
10106
9576
9916
9527
9257
8587
7745
5580
2841
-342
-2303
-3029
-3894
-4469
-5043
-5151
-5504
-6325
-6630
-6333
-5299
-3013
-729
1687
2988
4303
5679
6410
7542
7990
9078
10204
9766
9753
8233
6700
5248
3956
2858
1710
1107
324
-112
-760
-1202
-1712
-1229
-661
308
1389
2073
3089
3944
4498
5523
6127
7138
7817
8037
8542
7812
7550
7015
6377
5883
5013
4044
2862
1819
391
-814
-1971
-3449
-3968
-5369
-6068
-7346
-8323
-9143
-9540
-8933
-8671
-7712
-6281
-6044
-3884
-3516
-1279
436
3413
6336
9014
9869
10741
10284
10152
9965
8926
8965
7582
6933
5648
3198
1118
-627
-2003
-3004
-3428
-3757
-3743
-3813
-3575
-3516
-3306
-2206
-639
826
2340
3382
4704
6027
6210
7807
8080
8465
9058
8989
8882
7535
7356
6157
5392
4404
3470
3372
2430
2507
1954
2177
2069
2302
3150
3508
4547
5293
6247
6688
7147
7680
8158
8691
9139
9095
9229
8895
8558
8213
7665
7302
6548
5742
4811
4175
3723
2661
1989
949
517
-751
-983
-2009
-2397
-2731
-2775
-2908
-3496
-4367
-4179
-4833
-4935
-4820
-4775
-2834
-3031
-861
583
2826
4777
5758
6377
6360
7065
7477
7906
8201
8090
8543
7757
6967
5819
4483
3778
3031
2409
1807
1356
1704
1625
1391
867
966
1261
1846
2576
2191
3296
4039
4907
5767
6522
6900
7665
8024
8467
8322
7720
6945
6539
5673
4448
3991
3957
3490
3754
3293
3383
3940
5887
7886
8493
9701
11009
12733
13164
13408
13288
12694
11611
10220
8357
6466
6807
8298
9358
9672
9467
7877
6151
5183
5211
6418
6998
6670
5639
4796
3896
3891
4819
4393
3626
2283
1889
884
-126
-1510
-2071
-2802
-3473
-4069
-4648
-4775
-5172
-3471
-3481
-2487
-2053
-879
-286
622
71
839
101
-340
-208
-1322
-632
-233
290
-308
-1150
-2109
-3509
-4885
-5686
-7184
-6009
-5999
-6089
-6300
-6230
-7560
-8981
-7979
-6655
-5651
-6656
-6696
-6130
-5233
-4777
-3371
-3412
-2351
-2003
-2481
-3252
-6077
-7837
-7943
-5531
-4833
-3681
-504
1821
2712
3461
4087
5088
5642
8313
8291
7511
6520
6930
8378
7072
6505
6193
5568
5114
4279
4212
2791
2456
2919
2427
1964
1351
1046
1409
2097
1634
1510
-536
-2926
-3432
-4010
-4533
-4815
-5430
-4656
-5450
-6364
-6062
-6712
-7765
-6981
-7430
-7889
-8290
-8746
-9409
-9736
-9912
-10381
-9314
-9300
-10612
-11598
-11986
-11105
-9491
-7763
-7025
-6550
-6161
-6091
-4668
-4899
-4801
-4085
-3618
-2844
-2910
-2484
-1592
-2087
-1400
-1195
-636
-837
-674
46
-97
-431
-986
-699
-992
-1029
-873
-852
-316
-156
-136
393
-60
-245
259
639
863
898
1761
1873
1838
2081
1706
1762
1853
1877
2006
1686
1648
1130
1494
946
934
1330
633
1357
1062
825
983
1130
445
70
1253
341
604
2331
574
561
1528
363
-44
949
-5
-273
882
767
-685
355
-829
-1284
-2372
-801
-1443
-2646
-1058
-2289
-2696
-3263
-2782
-3148
-3008
-2798
-2457
-2466
-2659
-1809
-1868
-2774
-1116
-2024
-2187
-1032
-1705
-1940
-1071
-945
-1861
-976
-1791
-1859
-1306
-1329
-1557
-1487
-1396
-1522
-1786
-1594
-1593
-1782
-1605
-275
-984
-661
-405
-878
-89
-462
-198
278
519
696
1141
1000
665
460
736
639
553
-18
953
1027
402
318
1191
123
958
345
1473
500
1383
1492
1628
1616
1481
2095
1993
2486
2440
2958
2806
1822
2652
2178
2491
2287
2052
2602
1404
2324
1345
1244
1136
891
1394
1260
1168
1300
1279
630
1543
746
892
1991
1854
2093
1936
2549
-209
2777
1686
806
2886
1162
1211
2260
386
823
1731
664
29
2125
-206
485
246
-18
90
-446
274
-952
-638
-256
-947
-233
-586
-775
-818
-717
-498
-1090
-90
-929
474
-1200
-67
-835
-119
-1276
-431
370
-1504
-767
185
-1531
-1076
56
-1244
-772
89
-2157
174
-453
-1445
298
-389
-994
102
-474
-290
639
-719
1201
677
-80
1346
1211
-222
1929
1074
642
1391
943
666
1452
1011
722
1530
566
1064
1682
746
1514
1449
1394
1783
778
2244
1112
2275
1033
1486
1113
1096
635
375
1428
-844
1213
1163
-218
1333
1022
-669
1239
8
189
49
1411
-1040
1180
-131
-223
1777
-862
1364
745
440
158
1964
545
320
926
754
48
1195
319
127
1009
381
-51
841
-11
-253
1375
-755
1484
-815
1755
-387
1695
497
1037
2020
1086
2178
1589
2590
1525
2554
1627
2735
1471
3056
1720
2926
1839
1941
2434
1629
1534
1750
1740
351
3177
1072
367
3452
140
1244
3142
1238
1979
2859
1699
1319
3006
1166
2355
1909
2355
918
2018
1177
812
1217
1567
613
-6
1724
-1007
532
619
-772
536
505
-249
615
1480
-1403
2109
624
651
1694
2877
990
1736
4295
-915
3549
1623
2150
2928
2667
2392
2767
2143
2229
2959
1890
2406
3498
818
3404
2300
1805
3522
1968
2923
2042
4056
1759
3887
3801
2315
3406
3642
2381
3036
4269
1450
4168
1561
2233
2296
1990
1304
1931
1734
738
2108
677
1632
1179
198
2543
1129
7
4080
-230
2638
1774
1975
2804
1967
2590
2332
3394
1120
4584
908
3222
2887
1056
3395
515
3527
-298
4090
-354
1973
1996
-122
2225
667
464
1302
1040
702
527
1748
577
-159
2755
-2215
1729
-1929
436
-2032
-491
-894
-2010
261
-1855
3
-892
-1073
1256
-3606
1988
-2181
787
-1074
1798
-587
669
2031
814
1323
2595
2055
852
4011
1269
2850
4084
2884
3291
4169
2186
3186
2049
3226
1725
2855
2802
2791
3083
6592
5433
8749
9019
5910
7643
6605
5509
5176
6965
3125
6298
5506
3562
6952
3294
5718
3501
4582
4065
3792
2856
3861
3482
1803
5834
2398
4441
3975
5046
2414
6020
3362
5359
5948
6914
7893
10911
9808
8620
10123
5854
8607
6551
5349
6945
2589
5234
3335
1510
3338
2522
745
2696
3486
189
3308
3525
1162
2703
3927
1973
2074
5831
250
5528
1807
3039
3813
1677
3279
2435
2732
1429
3859
536
2754
1646
1221
1814
1477
1561
1139
1815
2017
363
2960
427
2629
1579
1011
2701
71
1522
430
2305
-587
1924
1914
-835
2699
1302
79
2777
725
1925
585
2403
1450
20
4166
-869
2650
962
2224
-274
2633
1677
-383
4939
-1060
3316
1507
442
2595
616
2838
-763
4182
-1277
1328
1407
-197
196
1233
-847
358
302
-456
818
-455
1279
1053
666
2070
2025
-882
5095
-1576
2760
1749
477
2824
56
3932
-1420
3978
751
1682
1593
2349
2383
964
4819
59
4482
2309
2001
4806
790
4540
1976
3163
2973
2171
4693
2265
4960
2447
4241
2860
2506
4615
1619
3718
3242
1421
3908
1905
4077
1106
5150
614
3529
2393
3035
2489
4036
4883
2792
4590
5375
801
5653
1669
2126
5373
591
2944
3590
933
1898
3744
2666
1262
4015
2647
1746
4852
1355
4281
3681
2014
2519
1435
421
1325
1228
1656
1504
2643
1739
3152
1599
4235
772
6046
487
3232
3635
621
5156
951
4087
3580
2183
3941
2997
3463
2877
3420
5095
4024
2560
7091
2898
3115
5649
2717
3896
4494
2985
4780
2883
3992
4388
2048
5540
1809
3995
4889
1868
5706
2699
4071
3047
3779
2462
3825
2816
3271
3692
1853
4174
1696
3641
1852
3382
1721
3292
2284
2151
3467
2472
1820
5435
48
5584
947
4392
1825
3660
2791
1826
5086
242
4847
1490
2779
3166
1873
2851
2693
2689
1429
5323
602
4194
3545
1401
4364
3465
1442
5110
3233
1973
4983
2869
2127
4885
2070
2257
3564
1944
406
3869
-247
2221
1521
870
2856
726
1953
3032
376
3129
35
2617
229
2287
-1089
3919
-2133
2164
1956
-2673
2428
165
-925
2926
1547
823
2086
365
-632
529
673
-1131
1570
-517
251
706
315
2293
-80
2618
1683
1379
2370
3429
-517
5197
965
914
4539
1696
813
5803
640
2426
4781
1395
3562
4040
2524
3299
2677
4117
827
3644
4148
13
4408
3134
1052
2759
4414
-486
4650
2378
2160
2838
4424
2017
2795
4635
1970
1211
6520
-317
3686
3839
-323
4639
192
2737
1558
1549
1275
1889
79
2297
136
320
2074
69
209
3446
-400
2061
3130
227
2930
1488
1528
95
3357
-568
1170
1668
543
-395
1394
-58
-516
952
-41
806
293
542
941
-620
1586
-1158
1333
-336
1706
-512
1847
-1097
559
-509
67
-1185
731
-1528
608
-84
-2261
1071
-746
-1535
1754
-2408
-794
-881
384
-1498
1001
-738
-1925
702
-2628
260
-2414
1576
-2238
117
-313
-675
-250
-1007
1622
-2831
1850
-513
-181
312
1041
-909
1330
-297
-763
1292
-1548
2758
-2382
1714
1299
-1295
2417
1209
-285
2993
1410
1385
3257
1742
777
5350
522
3862
3780
3827
3690
5423
5279
4827
6288
5521
6239
6049
7191
6143
8184
7247
7379
7646
7885
8126
8179
9313
10195
11080
10617
12629
4932
7117
5448
3497
2759
5927
-49
3503
3869
805
2662
3748
2113
3172
6266
3484
4087
8565
2666
5981
7908
2224
6979
6308
3684
5178
7232
2056
5114
5891
2610
5796
7494
2487
7203
7076
3257
5745
6755
1465
7759
5324
4311
5896
6844
4742
7868
8056
5940
6716
7053
3960
6346
4131
4239
5408
2034
6218
872
4509
1415
3778
-335
4178
428
2323
-759
4750
-3671
3190
952
-2511
2281
-33
-2009
839
481
-4811
2351
-2449
-2887
220
-1712
-2705
104
-1690
-2346
-978
-715
-3062
20
-1528
-1004
-1157
-522
-486
-1991
967
-1646
-971
-2
-2124
414
-2819
-581
-1296
-1951
-451
-165
-1320
714
416
-2873
341
-2102
-1655
2261
-744
-84
4195
-316
4327
2325
1680
3762
3779
2102
4261
5440
2617
7437
3185
4432
1835
2907
-324
2412
-654
1143
1212
-7
213
2815
-2035
2563
547
1462
-801
3843
-980
2771
2524
2520
3216
3636
1967
2526
2363
1493
1256
889
1703
-455
1334
592
783
401
1363
393
386
1038
-513
2031
-488
1373
1455
660
1938
278
1772
-141
1958
-210
1764
-234
931
481
-1411
1831
-1572
848
400
1922
-1096
1149
1925
-2466
902
1120
-2257
228
1752
-4320
2123
-1507
-2500
686
-744
-3033
2313
-2540
265
-1595
1346
-2767
1526
463
-883
514
2265
-2454
1879
2861
-3154
4995
1406
-859
5586
663
1620
5392
2236
2871
5786
3975
2898
8342
2960
6708
6759
4648
6175
5146
5191
4091
6305
4934
4072
8023
5701
4347
9288
4686
3393
8394
4236
3318
7140
3751
3396
6434
3248
5770
5581
3928
2439
6367
572
4890
4088
2724
4518
3165
3845
3990
5784
5957
8345
7081
5825
5806
4051
4674
225
5885
-548
3294
1537
2921
-1465
3558
-2817
1057
-856
-1261
-2085
189
-4315
-1064
-3554
-3388
-4415
-2645
-5181
-1579
-4188
-1822
-3346
-3016
-3511
-1692
-6001
1021
-4137
-1941
462
-4806
-2679
-1184
-5819
-2177
-1981
-4838
-2210
-1348
-4954
-359
-2412
-3032
-1900
-1891
-4128
-2734
-2574
-3637
-1708
-1066
-2415
-436
-1558
-167
-1027
-1324
112
-991
-1399
800
-1528
844
-356
1014
-522
2093
-1502
2139
43
906
1654
1124
1777
2761
444
4351
1120
3509
4558
2589
4342
6167
3739
5190
6195
5387
3170
8573
2722
6732
5421
5228
3246
5117
2565
3330
2977
2934
1833
3692
3470
1383
3677
20
2527
3191
-1029
3364
2336
-694
2354
3402
-2548
4078
296
666
1227
1904
248
2023
1457
1196
996
2910
456
2782
1803
1915
2194
2690
2125
3509
2949
3302
3820
3840
3142
4879
4301
3506
6191
3157
6178
3984
4475
3350
3300
3110
406
4049
915
360
3384
-716
981
-203
1157
-73
5076
-236
5853
2241
571
3720
-16
390
-1334
-1174
-3481
-1275
-3215
-2471
-2515
-1910
-4457
-1596
-2301
-3760
-1350
-2831
-3392
-1204
-3326
-375
-446
-763
2186
1100
-233
2544
-948
705
945
-920
1120
-580
404
-356
-916
-29
-2332
-1088
-1193
-1494
-656
-1708
-131
-1333
-230
-1124
-199
-488
-422
197
-442
683
-773
2183
-624
2280
1206
527
3938
57
2270
3356
778
2454
3565
-38
4036
926
1668
2156
647
1475
600
1462
95
-327
1251
-1689
356
-1101
-493
-382
-1494
-263
-926
-1342
-1827
722
-3493
592
-2521
-934
-1056
-3148
252
-3737
203
-2826
-770
-1131
-1467
-1504
92
-1725
297
-1031
-472
-984
-938
-1790
-1865
-1091
-3089
-1889
-794
-3578
-971
-249
-3946
610
-1342
-2540
-403
509
-3688
1790
-441
-1113
1911
590
415
1232
1691
-1268
1762
-327
330
1923
2892
1290
4067
2105
1194
3121
1299
1394
1951
1632
517
889
433
1302
-1309
2922
-1523
281
1975
-1605
-208
2050
-1174
73
2192
-2332
1305
-2112
-61
-2223
-811
-2538
-543
-1274
-2595
596
-2226
-142
-1715
951
-3296
1659
-2309
419
-1583
1564
-1645
1393
1490
754
695
2952
619
614
3520
41
1272
2318
539
-6
2779
-1387
959
840
-721
459
975
-1198
2380
549
587
3973
678
3054
4532
534
3789
2215
1114
1353
2408
-201
736
1956
231
465
2682
351
1208
2654
645
1436
2327
2099
-628
4260
-191
961
1846
1564
-1187
2483
973
-1194
2572
-540
564
167
530
346
-352
173
1539
-1622
2021
731
-711
1930
-441
490
-501
166
-1820
278
-2577
28
-1949
-864
-1270
-1703
-1172
-2032
-1006
-1404
-2097
-359
-2184
-422
-1747
-1217
-646
-1463
-1218
-270
-1714
-846
215
-1222
-441
289
-569
-1246
1211
-1392
-1622
1304
-2567
-1060
-174
-1341
-2204
709
-2231
-1279
-189
-2219
-1092
-1685
-695
-2756
390
-1644
-433
-1160
660
-1845
813
804
-519
1850
1998
-925
3126
1025
613
1686
1139
740
210
1682
-271
403
561
1083
-1323
1327
-60
-1200
1483
-822
131
-790
762
-1894
612
-1033
-952
-170
-883
-669
-922
-501
-684
-1096
-209
-737
-1020
-382
-602
-1154
264
-1643
-306
-291
-1220
-533
216
-733
-173
-447
-12
-1117
490
-894
113
-695
-505
356
-1012
68
-262
-781
165
174
-710
762
-814
751
-771
999
443
-1009
1208
679
-1183
940
480
-698
847
-79
-426
1195
-1430
1856
-314
-548
1597
-1056
1185
-538
1837
-1501
2343
-404
585
325
2136
-1582
2177
573
-61
437
1843
-641
1182
307
1245
-841
1250
771
-544
1393
684
39
940
1658
-1940
3107
-729
49
1286
1228
-1579
2787
-508
414
345
1671
-1415
1799
583
-1243
2144
61
-434
1142
848
-1109
2183
-523
1084
466
-50
1491
-228
387
827
646
321
978
768
31
1416
-439
569
1585
-907
1580
1115
18
516
1844
-1061
969
651
-126
-1393
2761
-2428
-775
1576
-2155
-1122
238
-1129
-2042
1296
-1210
-174
191
877
-2023
2094
-1145
-1377
-595
-353
-2874
264
690
-1698
-636
1250
-1750
860
1583
-727
-145
1519
-949
257
2503
2084
3713
4812
1964
3264
3982
2734
4642
6883
2638
6457
3742
4244
4560
3641
4665
3810
3435
4772
2958
3019
4872
1855
3480
4592
-174
4524
1621
263
2935
2116
-742
4182
712
320
2758
822
394
1355
1375
-409
1320
949
-622
958
1478
-697
1585
905
-577
1670
195
570
647
1585
279
1066
2146
179
1344
2488
523
1465
2461
-236
1908
1166
65
1287
731
899
277
2065
-238
840
693
917
-410
1164
182
-262
772
-83
-390
515
399
-1357
1704
-883
-226
-105
1106
-1261
293
593
-476
-923
1010
-499
-653
84
797
-1931
947
-509
-1391
584
-621
-856
-500
1167
-1955
-163
732
-1414
-1468
1488
-1211
-1488
2992
-1942
652
2109
-525
379
3039
-2368
1559
-183
-787
-1036
-224
-1106
-1148
-666
-948
-2105
-511
-577
-3103
944
-1462
-2451
1555
-1216
-1818
1989
-586
-1317
2726
-1404
313
1983
-616
424
1280
429
-51
1703
-405
788
352
367
155
1045
-1040
1793
366
-216
977
1183
-162
1435
879
466
2213
-566
2994
-20
1296
1220
1843
375
2311
549
1931
1052
1070
1318
1364
628
1945
892
1473
954
1378
1270
1287
967
1523
1270
1350
1062
1709
923
1684
101
3213
-329
1579
1565
1239
-44
2210
513
647
1040
1240
773
537
1534
480
1099
617
1235
374
1732
632
1104
1485
-136
2275
-59
1119
1712
-67
999
1197
-756
1876
-313
178
1528
-996
201
735
-357
-363
903
-1320
467
-178
-1554
413
-730
-1660
424
-739
-1724
434
-990
-1199
468
-1627
-434
-109
-610
-756
-133
-583
87
-1389
1580
-1896
696
257
-425
-361
1289
-1561
740
910
-1066
117
1134
54
-695
2959
-1856
1742
777
591
378
2903
-1188
3260
790
1067
1553
2560
103
3370
748
2676
2293
3053
2252
3600
3286
2914
6068
6729
6749
5521
3617
4078
3045
2371
2669
2446
1403
2578
2971
3308
3181
5535
4904
3843
5790
5269
2907
6350
4158
3631
6060
3996
4928
5849
4168
5948
5792
4683
5916
6341
3570
8398
3774
7141
5233
6499
5267
6964
5379
6339
6578
4809
5734
5144
3495
4912
3414
4062
2878
4058
3578
2224
4417
1097
3586
1159
1917
1324
1442
-352
1280
438
-1205
744
-381
-532
169
-645
-604
169
-1204
-268
-226
-654
-1114
976
-1355
-270
-206
-105
-1244
516
-516
278
-900
1294
-1467
787
-992
1412
-1506
1363
263
-775
1960
-646
738
936
349
453
1915
-82
924
2568
-539
1736
3137
-668
2453
1599
2241
-475
3688
697
981
854
1818
-226
417
2236
-1472
2690
151
2098
652
2967
505
1956
1098
2045
-131
768
982
-754
-816
162
-394
-1178
762
1249
-273
1925
1766
-582
263
-1470
-3773
-3576
-4376
-3031
-60
2861
930
3220
-441
1355
-789
-1860
-2507
-2573
-3999
-2399
-3834
-2930
-2068
-1479
960
1082
4433
2307
1696
979
432
-600
820
-1149
245
-550
-25
-914
123
-1083
70
-267
-1613
735
-1479
-539
-527
-1332
-425
-70
-2115
824
-559
-1554
1436
-714
-144
848
333
-153
1311
1137
-862
3043
-575
779
1530
738
261
1619
191
104
2023
-1010
1054
-256
868
-1587
1063
-1027
-36
-2519
1274
-2667
-739
-647
-1876
-711
-1121
-1323
-1421
-342
-2830
32
-2527
-539
-1293
-918
-1511
-623
-1760
-2506
189
-3239
-419
-1368
-1184
-1577
-808
-1753
-1312
-944
-1263
-1151
-1194
-39
-959
-1952
1090
-2371
-1123
-841
-931
-2021
-1067
-634
-1569
-1707
-744
-1036
-1952
72
-1097
-1351
-322
-682
-1828
-18
-846
-1796
978
-1688
-422
-264
-953
-1148
-98
-1242
-557
-1001
-308
-890
-891
-159
-1260
303
-655
-1018
339
-669
-589
179
-332
-674
-482
-182
-1420
-338
-446
-2081
370
-2328
-245
-3019
41
-2929
-903
-2783
-1362
-1565
-2536
-1120
-1784
-1929
-1695
-1690
-1296
-1334
-1871
-771
-1799
-950
-2678
-394
-1738
-768
-2312
855
-3372
-98
-829
-2185
180
-1753
-851
-841
-570
-2005
160
-1511
-404
-1189
-179
-1376
-424
-1227
-64
-1459
-399
-315
-1010
-460
-199
-2446
1172
-1050
-1970
1704
-2008
-770
352
-1180
-1445
957
-2791
773
-943
-543
-1902
1076
-1997
-992
-286
-115
-2267
826
-2032
96
-1060
-1568
516
-1554
-913
-774
-302
-1093
-933
-117
-181
-1998
1280
-1880
-444
-558
-1002
-1290
-433
-290
-1212
-929
61
-1736
-2865
588
-2660
-2732
1640
-456
-485
318
1704
-2750
1652
-1169
124
-497
783
304
-929
1729
-798
364
813
-212
973
-520
754
241
-1352
721
-789
-84
-1538
1450
-1083
-265
-615
1162
-1176
806
1068
228
623
882
517
-662
1989
-795
-59
1193
-159
-670
748
1100
-1216
512
1290
-1627
905
600
-605
532
719
-387
614
-261
250
-338
357
-155
603
-752
1773
54
953
2491
597
2277
4227
2029
3989
5388
1908
5977
3301
3535
4030
3026
2946
3021
2586
2204
2209
2008
1072
935
989
-188
21
1221
-1163
-77
-24
-346
-791
-260
-750
40
-1210
-209
-16
-1016
-384
77
-338
-649
320
-1391
501
313
-1530
1303
160
-1094
1920
-322
-237
344
139
-773
578
-578
-321
1230
-918
460
-200
95
-680
686
-760
656
-540
-402
328
-1054
-553
-203
-718
-643
-554
-1125
-75
-1195
-237
-175
-708
-581
879
-948
-117
421
-385
44
-10
946
-779
1189
233
173
-411
1116
-1240
-550
1087
-1476
-812
646
-903
-1704
681
-1473
-521
-364
-591
-673
-108
-668
-484
361
-779
234
167
34
-24
-10
406
-182
898
-479
544
875
113
-36
917
1647
-1318
1353
2004
-956
986
1395
185
987
1495
254
1716
1144
969
844
1914
890
801
2072
1330
268
1887
1534
149
1935
444
415
1695
571
108
2059
36
174
1439
68
-877
1576
-273
-284
128
668
-1706
447
268
-1943
-106
389
-2172
-982
-208
-2177
-1564
115
-1512
-300
-297
-367
131
-7
547
124
1978
364
1634
1264
1820
1370
1363
2353
1614
1429
1886
1987
1123
2043
867
1590
1405
1008
880
1394
1512
91
1072
1920
378
202
1965
889
544
1569
1100
802
640
598
-89
211
676
-373
271
666
-465
-541
657
89
-943
1382
888
-84
618
185
-1664
301
-43
155
1175
2559
1252
2197
2628
266
782
1110
-315
-98
806
324
125
218
-86
-445
1144
470
-149
1079
401
-1358
220
192
-1508
4
76
-1833
-136
-407
-1902
-772
-1227
-1665
-1939
-1610
-2304
-1777
-2177
-2107
-2140
-2110
-2722
-1776
-1898
-2765
-1866
-1225
-2198
-1749
-1147
-1487
-1574
-1138
-538
-1661
-236
-369
-1130
227
120
-1226
-74
223
-895
-345
562
-880
-334
-416
-145
-504
-227
351
-508
632
-45
-192
80
628
-362
455
259
603
591
-179
1636
251
269
1180
873
369
1156
1031
999
1024
1225
502
1861
894
1615
1085
2363
1229
1491
2121
1387
1386
1446
2447
814
1597
2169
399
1560
1436
78
668
882
867
-484
1406
361
-101
778
1114
-742
634
1265
-363
408
1133
137
326
1129
295
80
1398
682
768
812
1676
906
991
667
1590
294
338
2242
247
114
1953
227
-440
472
-195
-583
719
839
-32
1028
1755
349
1799
2133
1846
1393
2034
933
894
928
688
1086
1520
901
1657
1671
1651
1272
1557
1533
966
823
543
1107
-205
-34
281
156
-1043
-49
-264
-529
-742
-128
-204
-850
71
-155
-193
114
220
-275
748
250
-799
192
1116
-1259
-472
1179
-860
-563
539
37
-467
491
205
-541
570
227
-690
778
644
-380
-210
1773
-501
-715
1508
-383
-761
441
-7
-1078
343
-116
-1235
-252
205
-1624
-806
256
-1720
-1470
-5
-405
-1694
1331
1769
300
703
1282
-1904
-1990
-1874
-3984
-3256
-1134
-1967
-1567
-864
-727
-598
407
1426
2167
1855
3455
3224
2167
2760
1839
1261
1686
1607
391
1087
1141
1771
2094
2376
3220
2419
2092
1500
56
-485
351
-182
-316
262
-303
213
1013
419
989
1008
959
2040
1659
1370
2531
2634
2646
3196
3724
3163
2890
4292
3416
2408
3570
3081
2265
3074
2793
3130
2664
2497
1380
1397
534
341
800
-279
-236
-85
-360
-328
51
-985
260
285
-1054
27
296
-1085
-945
-418
-993
-1159
-1669
-961
-771
-1995
-1171
-1339
-1318
-1619
-1243
-1868
-856
-1299
-1765
-499
-917
-1417
-168
-714
584
-209
-655
667
274
-1076
-642
344
-847
-765
-538
-417
-604
-491
-558
-720
-287
-768
-1236
-377
-879
-1074
-1042
-367
-1058
-1592
-1148
-789
-1414
-1566
-853
-1487
-1011
-1181
-1113
-1013
-1352
-445
-1356
-1373
-578
-1462
-1389
-750
-1350
-1515
-1519
-637
-1154
-1457
-1242
-746
-1640
-1921
-1527
-1591
-1766
-1975
-817
-1967
-1892
-1246
-1067
-1871
-1632
-1326
-1160
-1461
-1435
-1405
-1085
-1298
-1722
-1237
-1791
-1981
-1501
-1366
-1227
-1121
-931
35
66
-308
-23
928
-354
-514
-699
-671
-1085
-1597
-1326
-1585
-1593
-1951
-1395
-1805
-1454
-1974
-1468
-1251
-2126
-1363
-1259
-1346
-1729
-1386
-1297
-1478
-1798
-1592
-1465
-1971
-1473
-1707
-1818
-2053
-1722
-2103
-2125
-2075
-2382
-1710
-2156
-2074
-2015
-2253
-2557
-2137
-2168
-2236
-2702
-1564
-1828
-2513
-1796
-2262
-2027
-2160
-2153
-2184
-1820
-2357
-1899
-2072
-1796
-1913
-2513
-1768
-1734
-2224
-2149
-1927
-2161
-2394
-2636
-2317
-2277
-2770
-2814
-2002
-2697
-2530
-2659
-2629
-1911
-1897
-2878
-1218
-1071
-2641
-1924
-1306
-2466
-2896
-1888
-1758
-2127
-1923
-1130
-1360
-1218
-1017
-1470
-965
-893
-1790
-868
-610
-1278
-1347
-505
-685
-1072
-339
-317
-640
-260
-322
-676
-160
-547
-539
-206
-96
-558
-285
-107
-582
-371
-334
-749
-8
-575
-247
-568
-457
-497
-274
-706
-386
-449
-592
-124
-694
-525
-315
-486
-527
-743
-359
-250
-1026
-142
-199
-724
-610
-363
-453
-859
-203
-653
-783
-337
-644
-1083
-953
-589
-997
-1120
-630
-621
-1456
-861
-812
-1010
-1311
-977
-933
-1217
-902
-1479
-1404
-1097
-1394
-1613
-1397
-1254
-1342
-1497
-944
-1571
-1489
-1238
-989
-1508
-1131
-1083
-1036
-973
-1294
-819
-1645
-812
-887
-1319
-1301
-843
-874
-1322
-915
-1051
-1070
-1060
-1018
-875
-1073
-1264
-944
-1038
-1152
-1327
-1147
-944
-819
-1159
-1039
-961
-423
-802
-754
115
-76
222
957
1258
955
1096
1465
1573
1051
994
1306
1353
1378
1354
990
1264
1106
623
681
405
309
161
703
386
-430
-298
-361
-337
-457
-344
-87
198
255
667
562
483
716
672
361
-127
-656
-645
-537
-416
-733
-649
-207
143
-237
488
632
524
1103
1270
895
787
1198
497
406
808
181
-83
460
473
-180
111
325
-55
60
102
-413
-658
-226
-541
-861
-515
-679
-938
-607
-482
-1006
-945
-546
-784
-874
-770
-1038
-943
-740
-990
-1298
-888
-1086
-1098
-989
-756
-1044
-930
-422
-658
-730
-356
-575
-674
-259
-354
-406
-357
-304
-375
-290
-325
-611
-507
-135
-499
-537
-448
-596
-650
-733
-404
-715
-778
-623
-884
-777
-894
-1145
-952
-546
-1032
-868
-691
-823
-934
-917
-970
-979
-1065
-985
-683
-749
-603
-937
-595
-669
-1099
-972
-894
-764
-1168
-905
-733
-961
-1131
-1129
-1002
-1215
-1267
-1027
-847
-800
-970
-838
-884
-815
-1224
-1187
-897
-1067
-1079
-1230
-1072
-1329
-1541
-1411
-1425
-1573
-1313
-1538
-1437
-1302
-1671
-1732
-1671
-1538
-1859
-1720
-1576
-1617
-1518
-1753
-1659
-1628
-1862
-1703
-1545
-1614
-1592
-1549
-1730
-1324
-1673
-1864
-1438
-1561
-1593
-1475
-1403
-1505
-1457
-1457
-1824
-1701
-1620
-1831
-1611
-1508
-1655
-1711
-1525
-1523
-1641
-1864
-1683
-1638
-1619
-1522
-1531
-1595
-1562
-1445
-1733
-1651
-1756
-1630
-1572
-1481
-1585
-1787
-1393
-1494
-1594
-1529
-1626
-1572
-1341
-1454
-1529
-1449
-1364
-1347
-1196
-1257
-1406
-1150
-1183
-997
-949
-1323
-1061
-790
-1316
-1225
-893
-1190
-914
-867
-957
-947
-1080
-1142
-1011
-969
-1038
-1013
-787
-887
-1071
-939
-1102
-887
-1111
-1130
-899
-977
-860
-1040
-828
-982
-1007
-1087
-1041
-741
-905
-1129
-849
-830
-1238
-1071
-944
-993
-976
-1015
-810
-869
-989
-1006
-717
-810
-936
-747
-642
-667
-672
-553
-540
-533
-612
-433
-429
-409
-423
-480
-194
-467
-400
-347
-402
-302
-368
-401
-331
-252
-372
-101
-246
-64
-227
-264
88
-203
-169
22
143
94
145
12
70
114
146
100
141
184
141
222
231
343
-11
133
307
212
73
367
272
157
279
332
104
77
407
249
259
327
385
441
431
528
427
355
713
150
146
271
-172
-135
20
219
96
179
362
87
-55
-47
-234
-259
115
564
857
1237
1665
1762
2100
2588
2646
2505
2482
2262
2117
1936
1848
1653
1672
1537
1258
1400
1207
1095
912
871
711
737
676
751
1210
1004
1032
1215
1062
950
968
980
966
861
739
661
419
421
290
392
317
261
193
262
357
202
429
505
433
540
645
797
611
576
729
579
478
703
626
490
704
411
497
410
338
317
176
-3
-389
-635
-885
-1063
-1324
-1262
-1215
-1250
-1250
-998
-1039
-949
-765
-841
-808
-810
-731
-819
-748
-557
-719
-746
-590
-675
-686
-631
-552
-517
-398
-268
-330
-195
-120
-70
-251
-35
-108
-128
-58
-39
-72
-210
-102
-161
-236
-343
-328
-227
-333
-291
-428
-615
-596
-671
-685
-708
-791
-768
-628
-845
-1038
-1056
-908
-1134
-1016
-1033
-1102
-1074
-972
-1035
-927
-947
-916
-805
-710
-608
-621
-471
-349
-206
-183
-53
44
109
164
274
231
257
467
426
446
438
487
519
406
537
502
524
500
560
611
497
496
535
483
474
445
322
401
346
395
314
311
286
154
278
136
140
156
119
50
-72
-36
-62
-196
-164
-168
-156
-115
-42
107
13
121
260
317
414
570
793
837
1012
964
891
1076
935
1056
1175
1250
1406
1335
1453
1456
1244
1252
1175
956
720
564
554
502
512
493
626
607
716
814
844
1007
939
904
912
1018
1072
1208
1653
1803
1889
1760
1531
1184
858
715
499
427
301
293
-17
18
-179
-425
-332
-297
-339
-278
-25
-167
-235
-238
-403
-398
-492
-622
-694
-673
-717
-990
-961
-953
-1090
-1134
-954
-941
-1090
-1153
-988
-1135
-1291
-1202
-1174
-1109
-1171
-1139
-1158
-1181
-1209
-1312
-1254
-1270
-1368
-1313
-1234
-1147
-1249
-1259
-1144
-1162
-1269
-1268
-1211
-1133
-1142
-1038
-996
-1027
-1060
-1045
-1043
-1093
-1043
-963
-915
-1007
-974
-1045
-986
-968
-949
-904
-924
-870
-997
-819
-816
-852
-613
-603
-625
-659
-581
-619
-665
-699
-722
-820
-782
-716
-922
-893
-918
-1069
-1067
-1242
-1291
-1276
-1253
-1341
-1286
-1188
-1300
-1270
-1104
-1153
-1278
-1199
-1043
-1158
-1245
-1122
-1107
-1043
-1082
-1027
-1019
-1128
-1075
-1087
-1051
-1027
-1080
-970
-859
-897
-1048
-937
-862
-962
-992
-798
-790
-759
-554
-560
-509
-375
-251
-70
-29
78
67
88
108
-85
-255
-264
-396
-568
-551
-605
-721
-644
-437
-457
-368
-280
-286
-168
-258
-312
-283
-372
-348
-448
-301
-390
-381
-172
-273
-170
-173
-277
-248
-343
-436
-461
-481
-551
-536
-567
-534
-570
-728
-693
-693
-678
-729
-605
-608
-672
-699
-804
-843
-909
-885
-858
-879
-891
-901
-915
-814
-773
-925
-892
-867
-883
-866
-902
-886
-904
-887
-841
-948
-946
-868
-958
-850
-838
-927
-907
-799
-770
-888
-796
-896
-780
-683
-807
-738
-776
-809
-782
-854
-843
-827
-852
-825
-762
-834
-863
-882
-770
-825
-934
-813
-771
-789
-809
-765
-714
-774
-728
-788
-902
-760
-874
-750
-637
-694
-707
-758
-649
-840
-826
-658
-788
-604
-715
-804
-669
-799
-718
-751
-713
-687
-657
-595
-644
-528
-662
-558
-554
-604
-592
-579
-481
-472
-464
-434
-442
-484
-468
-423
-465
-448
-368
-327
-318
-348
-304
-411
-310
-304
-340
-170
-260
-230
-168
-209
-218
-168
-80
-62
2
-10
9
-67
-15
-9
41
22
149
219
135
191
236
156
119
240
201
235
381
323
399
402
378
448
508
479
561
659
659
710
656
811
795
774
917
898
1007
945
1083
1116
1025
1064
1046
1088
1227
1138
1092
1211
1032
926
946
844
853
761
703
686
559
588
553
624
560
565
537
529
554
641
683
688
769
646
516
489
386
275
248
124
62
90
36
4
-125
-181
-255
-385
-437
-549
-596
-580
-666
-721
-711
-914
-984
-929
-1019
-1070
-1039
-966
-921
-920
-977
-924
-877
-915
-887
-799
-839
-876
-882
-798
-774
-893
-785
-710
-702
-667
-735
-583
-635
-772
-738
-734
-779
-824
-757
-708
-704
-758
-779
-735
-774
-864
-726
-649
-676
-675
-613
-567
-572
-556
-500
-509
-445
-451
-541
-449
-484
-564
-588
-555
-574
-682
-615
-641
-760
-653
-761
-793
-789
-788
-787
-823
-747
-738
-763
-740
-678
-685
-599
-628
-609
-463
-500
-528
-419
-407
-440
-424
-424
-443
-370
-349
-378
-316
-383
-428
-371
-300
-368
-352
-318
-321
-349
-348
-293
-346
-301
-335
-342
-321
-340
-315
-286
-196
-254
-312
-244
-220
-257
-271
-196
-191
-237
-187
-181
-232
-223
-216
-262
-230
-215
-269
-191
-184
-273
-221
-267
-309
-252
-219
-204
-199
-196
-188
-203
-243
-242
-212
-210
-249
-188
-160
-248
-212
-192
-214
-149
-154
-92
-64
-95
-67
-63
-78
-89
-160
-133
-75
-181
-161
-123
-191
-254
-308
-345
-410
-412
-396
-409
-358
-351
-449
-445
-403
-537
-500
-418
-467
-417
-426
-464
-481
-530
-542
-528
-483
-480
-500
-536
-518
-545
-573
-543
-490
-451
-499
-463
-531
-618
-599
-576
-555
-579
-491
-525
-532
-499
-553
-557
-537
-475
-523
-525
-483
-580
-533
-548
-579
-546
-574
-575
-528
-593
-608
-571
-588
-560
-600
-636
-574
-591
-610
-566
-585
-599
-607
-578
-575
-588
-535
-529
-534
-528
-535
-557
-529
-529
-520
-489
-574
-568
-527
-583
-642
-617
-620
-595
-596
-652
-613
-622
-687
-697
-674
-676
-678
-652
-647
-609
-665
-690
-653
-673
-706
-628
-612
-629
-624
-639
-642
-636
-646
-691
-621
-643
-672
-652
-635
-641
-661
-666
-661
-668
-687
-598
-611
-627
-601
-666
-638
-602
-605
-612
-551
-547
-572
-535
-502
-499
-516
-477
-511
-469
-465
-489
-415
-385
-418
-418
-408
-413
-447
-396
-340
-352
-306
-275
-307
-311
-324
-369
-359
-276
-261
-283
-262
-212
-230
-272
-228
-267
-274
-292
-212
-224
-274
-228
-245
-255
-257
-269
-274
-208
-233
-227
-173
-262
-248
-223
-235
-218
-239
-204
-187
-195
-181
-267
-253
-211
-281
-217
-220
-261
-219
-211
-215
-214
-257
-277
-227
-266
-280
-287
-224
-211
-203
-193
-214
-256
-259
-255
-227
-219
-219
-167
-140
-163
-191
-236
-265
-230
-277
-272
-210
-211
-244
-240
-254
-241
-262
-281
-231
-249
-294
-255
-240
-239
-226
-225
-178
-179
-165
-214
-180
-215
-260
-218
-238
-212
-213
-204
-239
-251
-250
-259
-271
-271
-247
-297
-274
-252
-306
-295
-272
-305
-329
-314
-331
-356
-348
-353
-342
-316
-308
-311
-273
-321
-344
-351
-385
-368
-378
-353
-335
-329
-335
-348
-349
-370
-412
-395
-377
-393
-357
-322
-358
-342
-351
-408
-396
-418
-375
-307
-285
-292
-302
-294
-359
-362
-332
-337
-332
-333
-294
-317
-349
-351
-371
-396
-372
-355
-373
-328
-308
-333
-334
-319
-309
-325
-305
-276
-299
-249
-300
-318
-265
-303
-358
-331
-306
-326
-289
-280
-314
-341
-326
-381
-376
-365
-354
-316
-347
-310
-327
-380
-354
-370
-350
-319
-332
-305
-239
-281
