11
12
13
13
13
14
14
14
12
14
13
13
13
13
13
14
15
15
16
16
15
14
14
12
12
13
14
15
16
17
16
14
14
12
13
14
14
15
15
14
14
13
14
14
13
12
13
12
12
12
13
13
15
14
15
15
13
14
15
16
16
17
16
15
16
15
15
16
16
16
15
14
13
11
13
15
17
16
16
16
16
16
17
15
15
14
15
16
16
17
18
17
16
15
15
16
18
18
16
16
16
17
15
17
16
15
15
15
15
16
15
16
16
16
17
17
17
15
13
12
13
13
13
13
14
14
13
14
15
16
16
13
12
11
14
17
16
15
13
13
12
13
13
12
11
12
11
12
12
12
13
11
11
10
9
9
10
11
11
11
11
11
9
9
9
8
8
8
9
9
8
10
9
6
6
3
2
3
4
5
4
4
5
6
7
6
5
5
4
5
6
7
6
4
2
3
3
4
5
3
2
1
1
2
3
2
2
1
1
1
2
3
3
1
1
0
0
0
1
2
1
-1
-1
0
1
2
1
0
-2
-3
-4
-3
-2
-1
-1
-2
-2
-1
-1
0
-1
-3
-4
-3
-3
-3
-3
-1
-1
-2
-3
-3
-3
-3
-4
-4
-5
-5
-3
-3
-4
-5
-6
-5
-4
-4
-3
-3
-3
-4
-4
-5
-6
-6
-5
-6
-7
-6
-4
-3
-3
-4
-5
-5
-4
-4
-4
-5
-4
-5
-3
-2
-2
-2
-3
-3
-4
-5
-4
-3
-3
-3
-4
-7
-7
-5
-5
-6
-7
-6
-6
-5
-6
-6
-3
-4
-4
-4
-4
-4
-3
-5
-5
-4
-3
-3
-4
-3
-3
-3
-2
-2
-3
-2
-2
-4
-3
-3
-4
-2
-1
-1
1
3
2
0
0
-1
1
1
1
1
0
0
1
1
1
2
2
2
0
1
2
3
2
0
0
1
2
3
2
4
5
6
6
6
6
6
6
6
4
3
6
7
7
7
7
7
8
7
6
6
6
8
9
9
9
10
9
8
9
9
12
12
11
11
11
11
9
10
9
11
10
9
10
11
11
11
10
8
8
10
10
10
10
10
10
11
11
12
12
12
12
12
10
11
10
12
11
10
10
9
11
14
12
12
11
11
11
11
12
12
14
13
13
15
14
16
17
15
14
14
15
15
14
15
14
15
15
13
13
13
14
15
15
15
14
12
12
12
13
14
13
13
13
13
13
15
17
16
16
16
16
17
17
17
18
18
17
15
17
17
18
16
15
14
15
15
17
16
16
16
17
17
18
18
18
18
16
16
15
17
16
17
17
16
14
15
16
16
17
15
15
16
16
16
16
16
18
18
18
18
18
16
16
17
17
18
17
17
18
18
16
18
17
15
14
15
16
15
16
15
16
18
18
19
18
18
19
18
18
17
16
16
14
15
15
16
16
17
17
16
17
16
14
16
16
15
15
15
16
16
16
15
14
14
14
13
13
14
14
13
13
13
13
15
15
14
16
16
15
16
15
12
13
13
14
14
13
11
10
11
10
9
10
10
10
8
10
9
9
9
9
8
8
9
9
9
10
9
8
8
7
7
7
8
9
10
11
11
10
9
9
10
9
8
8
9
10
9
9
8
9
10
10
8
8
6
7
7
7
7
6
7
6
6
7
8
7
7
6
5
5
5
5
4
3
2
3
3
5
4
4
2
2
3
3
4
3
3
2
3
3
4
4
4
5
5
5
5
5
6
6
5
4
4
3
4
6
6
5
3
3
4
4
3
3
4
3
2
1
1
3
2
2
1
0
0
1
1
0
-1
-2
-1
-2
-1
-2
-3
-4
-5
-6
-6
-5
-5
-5
-6
-7
-7
-5
-5
-6
-6
-6
-7
-6
-5
-4
-3
-4
-4
-4
-4
-6
-5
-5
-5
-3
-5
-4
-3
-4
-4
-5
-7
-7
-7
-7
-5
-4
-3
-3
-5
-4
-6
-6
-5
-4
-3
-2
-2
-3
-4
-5
-3
-4
-5
-6
-5
-6
-5
-5
-6
-5
-6
-6
-5
-5
-4
-4
-3
-4
-3
-4
-3
-3
-5
-4
-3
-4
-4
-5
-5
-5
-4
-2
-3
-4
-5
-5
-4
-4
-2
-1
-3
-3
-1
-2
-2
-1
-2
-2
0
-1
-1
0
0
0
1
0
0
-1
0
-1
-1
0
-1
-1
-1
0
0
1
1
0
0
0
-1
0
0
1
0
0
0
1
0
0
0
0
-2
-2
-1
-1
-3
-3
-3
-2
-1
-2
-1
-3
-2
-2
-2
-1
-2
-3
-3
-3
-1
1
1
0
-1
-1
0
2
2
1
0
-1
-1
2
2
1
0
-2
-1
0
1
3
3
1
0
-1
-1
0
3
4
2
-2
-3
-2
0
-1
-1
-2
-4
-3
-5
-4
-2
0
-2
-2
-3
-2
-1
-2
-1
-2
-1
-3
-3
-3
-3
-3
-4
-3
-4
-5
-3
-3
-3
-2
-3
-4
-4
-2
0
-1
-2
-5
-5
-3
-3
-1
-2
-4
-5
-5
-4
-4
-4
-4
-4
-4
-4
-3
-4
-4
-3
-3
-3
-3
-3
-5
-5
-5
-5
-5
-6
-7
-7
-5
-5
-4
-5
-5
-7
-6
-6
-4
-3
-4
-4
-5
-5
-6
-6
-6
-7
-6
-5
-6
-6
-7
-8
-7
-7
-5
-5
-3
-5
-5
-3
-4
-4
-4
-4
-3
-3
-3
-2
-1
-1
-3
-5
-7
-5
-4
-4
-5
-6
-5
-5
-6
-4
-5
-6
-5
-5
-4
-4
-4
-3
-3
-3
-3
-2
-1
-3
-3
-4
-3
-3
-2
-2
-4
-5
-5
-4
-4
-3
-5
-5
-4
-3
-3
-4
-4
-3
-3
-3
-2
-2
-2
-2
-2
-2
-3
-4
-4
-3
-3
-2
-3
-5
-7
-5
-4
-3
-4
-4
-4
-4
-3
-4
-3
-4
-5
-5
-5
-3
-4
-3
-4
-5
-5
-5
-6
-5
-5
-5
-6
-6
-5
-5
-4
-5
-5
-7
-6
-7
-6
-4
-5
-5
-5
-5
-5
-5
-6
-6
-5
-5
-3
-3
-3
-3
-2
-2
-1
-1
-1
-2
-2
-2
-3
-3
-2
-2
-1
-1
0
-1
-1
-4
-2
-2
-2
-2
0
0
0
2
1
1
-1
-3
-4
-2
0
1
1
0
1
1
-1
-2
-2
-1
0
0
-1
-2
-1
-1
1
2
0
1
-1
0
1
2
2
1
1
1
2
-1
-1
-1
-2
0
1
1
0
1
0
-1
-4
-4
-2
-2
-1
-2
-2
0
1
0
-2
-1
-1
-2
-4
-5
-3
-3
-2
-2
-2
-3
-3
-2
-4
-3
-3
-5
-8
-6
-6
-4
-2
-4
-6
-6
-7
-6
-6
-7
-7
-5
-6
-6
-6
-7
-5
-6
-9
-9
-10
-11
-8
-8
-8
-8
-9
-9
-8
-8
-9
-9
-8
-10
-10
-9
-7
-7
-7
-9
-10
-10
-10
-8
-8
-7
-7
-8
-10
-10
-11
-11
-12
-12
-14
-13
-13
-11
-11
-11
-10
-12
-14
-16
-16
-16
-14
-14
-15
-13
-13
-15
-15
-15
-17
-16
-14
-15
-12
-12
-12
-11
-11
-13
-15
-16
-14
-13
-13
-13
-13
-13
-15
-14
-14
-13
-13
-12
-15
-15
-14
-14
-14
-16
-16
-16
-16
-16
-16
-15
-15
-13
-14
-13
-14
-16
-16
-17
-17
-15
-15
-15
-15
-14
-15
-16
-13
-12
-14
-14
-15
-14
-12
-12
-13
-14
-15
-13
-13
-14
-13
-14
-15
-15
-16
-14
-13
-13
-14
-16
-14
-13
-11
-11
-13
-13
-13
-12
-12
-11
-10
-12
-12
-13
-11
-11
-11
-11
-12
-11
-10
-10
-10
-9
-9
-10
-10
-9
-8
-6
-6
-5
-5
-5
-6
-7
-7
-6
-4
-4
-4
-4
-7
-6
-7
-6
-6
-7
-7
-8
-8
-8
-9
-8
-7
-7
-8
-7
-7
-8
-8
-8
-7
-7
-4
-4
-4
-4
-3
-3
-3
-2
-2
-2
-2
-3
-2
-2
-2
-2
-3
-4
-3
-2
-3
-4
-4
-3
-4
-3
-3
-2
-2
-1
-1
-2
-2
-3
-4
-3
-3
-4
-6
-6
-5
-5
-4
-2
-3
-4
-4
-3
-1
-1
-1
-1
0
-1
0
0
-1
-1
-2
-1
0
1
1
-1
-2
-2
-1
-2
-2
-2
-2
-1
0
1
0
-3
-2
-3
-4
-3
-1
0
0
0
0
-1
1
1
-1
-2
-1
-1
-1
-2
-3
-4
-3
-2
-2
-2
-4
-3
-3
-2
-2
-2
-4
-3
-4
-5
-5
-4
-4
-4
-5
-5
-4
-5
-5
-5
-5
-5
-6
-6
-7
-8
-9
-7
-9
-10
-11
-11
-12
-12
-11
-10
-10
-11
-10
-12
-9
-11
-11
-11
-11
-10
-11
-10
-12
-12
-12
-13
-13
-13
-13
-12
-11
-10
-12
-12
-13
-13
-14
-14
-13
-14
-14
-14
-13
-13
-13
-15
-15
-17
-16
-16
-16
-15
-16
-18
-19
-21
-19
-18
-18
-18
-18
-16
-16
-16
-16
-17
-18
-20
-17
-17
-18
-19
-18
-17
-18
-18
-18
-16
-14
-15
-15
-17
-15
-14
-15
-17
-16
-15
-15
-12
-12
-13
-13
-12
-11
-11
-11
-11
-12
-12
-11
-11
-10
-10
-11
-12
-14
-15
-15
-16
-16
-15
-15
-16
-15
-16
-16
-17
-16
-16
-15
-14
-13
-14
-15
-14
-12
-11
-13
-14
-15
-13
-12
-12
-13
-12
-11
-10
-12
-14
-12
-11
-10
-7
-6
-7
-8
-11
-11
-11
-9
-8
-7
-9
-12
-11
-12
-9
-9
-10
-12
-13
-11
-9
-8
-10
-11
-11
-12
-11
-10
-10
-10
-11
-10
-10
-10
-8
-8
-9
-9
-10
-10
-9
-9
-8
-8
-10
-10
-10
-9
-8
-8
-10
-10
-11
-9
-7
-7
-7
-7
-8
-9
-10
-11
-9
-8
-7
-9
-10
-13
-12
-11
-10
-10
-12
-13
-15
-15
-15
-15
-14
-13
-12
-12
-13
-12
-11
-10
-11
-12
-13
-13
-13
-14
-12
-11
-11
-10
-11
-13
-13
-13
-12
-11
-13
-15
-14
-13
-12
-12
-12
-11
-11
-11
-11
-11
-11
-13
-13
-11
-11
-12
-12
-11
-11
-11
-13
-11
-10
-8
-9
-9
-9
-9
-8
-8
-8
-7
-7
-7
-7
-8
-8
-8
-8
-8
-6
-7
-7
-8
-8
-7
-6
-6
-7
-6
-5
-6
-6
-4
-5
-5
-7
-7
-7
-6
-5
-4
-2
-3
-4
-5
-5
-4
-4
-4
-3
-3
-2
-3
-3
-3
-5
-5
-6
-5
-3
-2
-3
-4
-3
-3
-2
-2
-2
-2
-3
-3
-1
-1
-1
0
0
0
0
1
1
1
2
2
2
1
0
-1
0
1
2
2
2
1
2
2
2
1
1
2
3
3
3
2
0
2
0
1
2
2
3
2
1
-1
0
1
2
2
2
2
2
2
1
3
4
3
3
3
4
5
5
5
4
5
6
6
6
7
7
5
3
4
5
6
7
6
5
5
6
7
6
8
8
9
9
8
6
5
5
6
6
6
5
5
6
6
7
8
9
7
8
6
5
5
5
5
6
4
5
5
6
6
6
4
3
4
4
6
8
7
8
8
7
5
7
8
7
6
3
3
2
2
2
3
2
1
0
0
0
0
1
1
0
0
1
0
-1
-2
-1
1
1
0
1
0
-2
0
-1
0
0
0
0
0
-1
0
0
-1
-1
-2
-2
-2
-1
-1
-1
-2
-1
0
1
0
-1
-2
-3
-2
-2
-2
-2
-2
-4
-6
-7
-6
-5
-5
-5
-6
-8
-7
-5
-5
-4
-4
-4
-3
-4
-5
-6
-6
-5
-4
-3
-2
-4
-4
-3
-2
-1
-3
-3
-4
-6
-6
-5
-4
-2
-4
-5
-6
-6
-6
-6
-6
-8
-9
-7
-7
-7
-6
-6
-5
-7
-7
-7
-5
-6
-7
-6
-6
-7
-9
-8
-7
-7
-5
-6
-6
-5
-4
-5
-5
-6
-3
-3
-2
-2
-2
-4
-5
-4
-4
-3
-4
-4
-3
-3
-1
-3
-3
-2
-3
-4
-5
-3
-3
-2
-2
-1
-2
-2
-1
0
1
2
1
0
0
-1
-3
-2
-1
-2
-1
-2
-3
-3
-3
-2
-3
-4
-4
-3
-2
-2
-2
-2
-2
-2
-2
-1
-2
0
0
0
-2
-4
-3
-1
-1
-1
-4
-4
-3
-1
-1
-1
-1
-2
-2
-2
-3
-1
-1
0
0
-1
0
1
2
0
-1
-2
0
0
0
0
-1
1
0
-1
-1
-1
-2
-1
-3
-4
-5
-4
-4
-2
-2
-3
-5
-5
-7
-7
-6
-4
-3
-5
-7
-7
-5
-3
-3
-3
-4
-6
-5
-5
-4
-4
-3
-5
-7
-8
-6
-5
-5
-6
-7
-7
-8
-9
-10
-9
-10
-10
-10
-11
-10
-10
-10
-9
-9
-11
-11
-10
-10
-12
-12
-13
-11
-12
-13
-14
-14
-13
-14
-15
-16
-16
-14
-14
-15
-15
-16
-16
-17
-17
-16
-16
-15
-15
-16
-16
-16
-15
-16
-16
-18
-17
-18
-18
-18
-18
-19
-20
-21
-19
-19
-18
-19
-20
-19
-19
-18
-19
-19
-19
-19
-18
-18
-18
-20
-19
-18
-20
-20
-20
-19
-20
-18
-18
-20
-20
-19
-19
-19
-17
-17
-17
-17
-17
-17
-17
-16
-17
-18
-18
-17
-17
-18
-18
-19
-18
-18
-18
-18
-18
-18
-17
-17
-18
-16
-17
-17
-17
-16
-16
-16
-16
-17
-17
-17
-17
-15
-14
-16
-17
-18
-18
-17
-15
-16
-16
-16
-16
-18
-17
-18
-19
-20
-20
-20
-18
-17
-16
-17
-18
-18
-17
-16
-16
-15
-17
-16
-14
-14
-13
-12
-12
-13
-13
-13
-12
-12
-12
-13
-14
-14
-14
-15
-14
-13
-13
-12
-11
-10
-10
-8
-10
-11
-11
-10
-10
-8
-8
-6
-6
-6
-6
-7
-5
-5
-6
-8
-8
-6
-5
-4
-4
-3
-1
-4
-4
-7
-6
-4
-3
-3
-4
-3
-4
-2
-1
-1
-2
-4
-4
-4
-3
-2
0
-1
-2
-2
0
1
1
-2
-5
-5
-4
-3
-4
-3
-3
-5
-7
-5
-3
-3
-3
-4
-7
-8
-7
-5
-4
-4
-5
-5
-4
-4
-4
-4
-5
-6
-7
-7
-7
-6
-5
-5
-4
-4
-4
-4
-5
-4
-3
-3
-3
-4
-4
-4
-5
-3
-3
-3
-1
0
0
-2
-1
-2
-2
-3
-3
-2
1
1
1
1
1
0
-1
-3
-2
-2
-1
-1
-1
0
1
1
-1
-1
-2
-4
-2
-1
-1
-2
-3
-4
-4
-4
-3
-1
-3
-4
-2
-1
0
0
-1
-1
-3
-5
-3
-3
-2
0
0
-1
-1
-1
0
0
0
-1
-2
-2
-1
1
1
-1
-2
-2
-2
-1
-1
0
2
1
1
-2
-2
-2
-1
-1
-1
-1
0
-1
-2
-4
-2
-1
-2
-3
-4
-4
-5
-4
-5
-4
-4
-6
-5
-6
-5
-3
-3
-5
-7
-4
-3
-2
-3
-6
-5
-4
-3
-3
-2
-1
0
-1
-3
-3
-3
-3
-2
-3
-4
-4
-3
-2
-3
-4
-4
-2
-1
-1
-2
-2
-2
-2
-1
-2
-1
-2
-1
-2
-2
-1
0
1
1
-1
-2
-1
-2
0
1
0
0
0
0
-1
-1
-1
-2
-5
-5
-2
-1
-2
-3
-5
-5
-4
-4
-5
-7
-8
-8
-8
-9
-9
-10
-9
-10
-9
-8
-9
-9
-10
-11
-10
-9
-10
-10
-10
-10
-9
-9
-9
-10
-10
-12
-12
-11
-11
-12
-13
-13
-13
-12
-12
-12
-12
-11
-12
-13
-12
-11
-12
-11
-13
-13
-14
-13
-14
-15
-14
-15
-14
-15
-14
-14
-14
-16
-17
-17
-16
-15
-14
-16
-17
-16
-16
-16
-14
-14
-14
-15
-16
-16
-16
-16
-16
-17
-18
-18
-17
-17
-16
-17
-17
-17
-17
-20
-22
-20
-18
-19
-19
-20
-20
-19
-18
-18
-20
-21
-22
-21
-20
-21
-19
-21
-21
-22
-22
-20
-19
-18
-19
-20
-20
-20
-20
-21
-21
-20
-21
-20
-21
-23
-23
-21
-20
-22
-22
-23
-24
-23
-20
-18
-18
-17
-18
-18
-18
-19
-20
-21
-21
-21
-22
-21
-18
-20
-19
-20
-19
-18
-19
-19
-20
-20
-19
-19
-19
-18
-18
-18
-20
-20
-20
-19
-20
-22
-21
-20
-19
-21
-22
-22
-21
-21
-19
-20
-19
-20
-20
-20
-20
-18
-18
-19
-18
-17
-18
-17
-16
-15
-17
-17
-18
-17
-17
-16
-18
-17
-16
-16
-17
-18
-19
-18
-19
-17
-16
-16
-18
-18
-19
-18
-17
-16
-17
-17
-17
-17
-16
-17
-15
-17
-17
-18
-17
-15
-15
-15
-17
-18
-17
-16
-15
-15
-14
-14
-15
-13
-15
-14
-13
-15
-14
-13
-14
-13
-14
-11
-11
-12
-13
-13
-12
-12
-11
-8
-9
-8
-10
-11
-10
-8
-8
-9
-10
-9
-7
-7
-7
-8
-8
-7
-7
-7
-7
-6
-6
-6
-7
-7
-6
-7
-6
-6
-6
-6
-7
-7
-6
-4
-4
-5
-6
-6
-6
-7
-7
-6
-6
-6
-7
-8
-7
-6
-4
-4
-6
-6
-8
-6
-6
-8
-9
-9
-9
-9
-7
-6
-7
-7
-7
-7
-8
-8
-8
-7
-7
-7
-8
-8
-7
-7
-7
-8
-7
-8
-8
-9
-7
-8
-6
-6
-6
-4
-4
-5
-5
-5
-6
-6
-6
-6
-6
-5
-3
-2
-3
-4
-6
-7
-6
-7
-7
-6
-5
-5
-5
-6
-6
-6
-6
-6
-7
-4
-1
-1
-3
-3
-3
-2
-1
-1
-2
-3
-3
-3
-2
-4
-5
-7
-8
-7
-6
-5
-4
-3
-4
-4
-3
-2
-3
-3
-2
-4
-3
-3
-2
-3
-3
-2
-2
-3
-3
-4
-3
-4
-4
-3
-4
-2
-2
-2
-3
-3
-2
0
-2
-3
-5
-4
-3
-1
-3
-3
-4
-2
0
-1
0
-2
-4
-4
-3
-3
-2
-1
-3
-3
-3
-2
-3
-2
-4
-3
-3
-2
-1
1
1
0
0
-1
0
-1
-1
-2
-1
-3
-1
1
1
-3
-2
-3
-2
-1
-1
-1
-2
-1
-1
-2
0
1
0
-2
-2
-1
0
0
0
0
1
1
1
-1
-2
-2
-2
-2
-1
-1
0
0
-1
1
-1
0
-2
-3
-2
-1
0
0
0
-2
-2
-2
0
1
2
1
3
4
2
3
1
1
3
3
3
3
2
2
2
3
2
1
1
2
2
3
3
3
2
1
0
1
3
3
4
3
4
3
3
3
3
3
3
2
2
3
4
2
1
0
0
1
2
1
1
-1
-2
0
-1
-1
-1
-1
-1
-1
-2
-2
-1
-2
-3
-4
-4
-3
-1
0
-2
-3
-2
-1
0
-2
-2
-3
-2
-2
-3
-2
-3
-2
-2
-1
-2
-1
-2
-1
-1
-3
-2
-1
-1
-1
-1
-2
-1
-1
-2
-1
-1
-3
-1
-2
-1
-1
-2
-2
-2
-3
-3
-3
-2
-1
-3
-3
-5
-5
-4
-3
-4
-4
-4
-6
-6
-5
-7
-6
-7
-8
-7
-7
-5
-5
-5
-5
-5
-6
-6
-6
-5
-6
-6
-6
-6
-5
-6
-5
-7
-7
-8
-7
-6
-6
-5
-6
-7
-7
-7
-7
-7
-7
-8
-5
-3
-3
-2
-4
-5
-5
-5
-5
-5
-3
-4
-4
-4
-5
-5
-6
-5
-6
-7
-9
-10
-9
-8
-8
-8
-8
-9
-8
-8
-7
-5
-4
-6
-9
-8
-8
-7
-6
-6
-4
-5
-6
-8
-11
-10
-9
-8
-7
-6
-6
-7
-6
-7
-9
-9
-7
-5
-5
-5
-4
-4
-3
-5
-4
-5
-6
-8
-8
-7
-5
-5
-6
-8
-8
-8
-8
-7
-7
-7
-8
-7
-8
-6
-8
-7
-6
-7
-5
-3
-3
-4
-3
-4
-4
-3
-1
-2
-2
-2
-2
-1
-2
-3
-3
-3
-1
-1
-3
-3
-2
-1
-2
-2
0
0
-1
-2
-2
-2
0
0
0
-1
0
-1
-2
-2
-2
-1
-1
-1
-1
-2
-2
-2
-3
-2
-4
-4
-3
-3
-2
-1
-3
-2
-1
0
-2
-3
-2
-2
-1
-1
-2
0
0
-1
-1
-2
-1
-1
-3
-3
-3
-3
-1
0
-1
0
0
-1
-2
-2
-3
-2
-1
-2
0
0
-1
0
1
1
0
-2
-2
-2
-1
0
0
0
-1
-2
-2
-5
-6
-5
-4
-4
-5
-5
-6
-6
-3
-2
-1
-2
-3
-4
-3
-4
-2
-3
-4
-3
-4
-3
-5
-4
-4
-4
-4
-4
-5
-5
-4
-6
-6
-3
-3
-4
-5
-6
-5
-3
-3
-2
-1
-1
-1
-2
-3
-1
-1
0
0
0
0
-1
-1
-3
-2
-2
-1
-2
-1
-1
-1
-3
-3
-5
-5
-4
-3
-5
-4
-3
-2
-3
-3
-4
-5
-6
-6
-4
-3
-1
-1
-2
-3
-1
0
0
-1
-1
-2
0
0
0
0
0
-3
-4
-4
-3
-3
-3
-4
-4
-3
-2
-4
-6
-5
-5
-5
-4
-4
-3
-2
-2
-3
-4
-5
-4
-4
-6
-5
-6
-6
-5
-6
-6
-5
-6
-5
-6
-6
-8
-7
-7
-5
-3
-3
-2
-3
-3
-3
-3
-2
-3
-5
-6
-5
-4
-3
-3
-5
-4
-4
-5
-6
-5
-2
-2
-4
-4
-4
-3
-4
-4
-3
-2
-2
-1
-2
-4
-3
-4
-3
-3
-4
-3
-3
-5
-5
-5
-4
-5
-6
-7
-8
-6
-6
-7
-7
-8
-8
-7
-7
-6
-6
-5
-6
-6
-6
-8
-8
-9
-8
-8
-9
-9
-10
-10
-11
-11
-10
-9
-8
-8
-9
-9
-10
-12
-10
-10
-10
-9
-9
-9
-10
-10
-11
-10
-11
-11
-11
-12
-11
-9
-7
-8
-11
-13
-11
-10
-10
-12
-11
-11
-12
-13
-13
-13
-9
-10
-12
-13
-13
-12
-11
-11
-11
-13
-14
-13
-13
-13
-11
-11
-13
-14
-13
-14
-13
-13
-13
-13
-13
-14
-14
-14
-14
-12
-13
-14
-13
-13
-12
-11
-13
-13
-15
-15
-15
-15
-14
-14
-12
-12
-11
-12
-11
-12
-11
-10
-11
-9
-10
-9
-8
-8
-8
-9
-10
-11
-10
-10
-11
-10
-11
-10
-10
-9
-10
-12
-12
-13
-13
-14
-13
-13
-13
-11
-11
-11
-10
-10
-10
-11
-12
-11
-12
-10
-7
-7
-8
-11
-12
-12
-12
-10
-8
-7
-7
-7
-8
-8
-8
-9
-8
-7
-7
-5
-3
-4
-6
-8
-7
-5
-5
-4
-4
-5
-5
-4
-2
-2
-3
-3
-5
-6
-6
-6
-3
-3
-5
-6
-8
-7
-6
-6
-7
-6
-6
-6
-5
-4
-4
-4
-4
-4
-3
-4
-4
-4
-3
-4
-6
-5
-4
-3
-4
-4
-5
-5
-4
-5
-6
-7
-7
-7
-6
-5
-5
-4
-4
-4
-5
-5
-5
-4
-3
-5
-5
-6
-5
-4
-3
-4
-4
-4
-5
-4
-5
-4
-3
-2
-2
-2
-3
-2
-2
0
0
1
1
0
-1
-2
-3
-1
-1
-1
0
-2
-1
-1
0
0
-1
-2
-2
-2
-2
-2
0
1
2
2
2
2
0
1
2
2
3
2
2
2
1
0
1
2
3
3
2
2
1
2
2
2
0
2
3
3
2
1
2
3
2
1
1
0
2
3
1
1
2
2
3
1
0
-1
-1
-1
-1
0
1
1
0
-1
0
-1
-1
-2
-2
-1
-1
-2
-1
-1
-1
0
-2
-1
-1
0
-2
-2
-2
-1
1
1
0
0
-1
0
2
2
2
1
0
0
1
1
1
0
-1
1
0
1
0
1
2
1
1
1
2
2
2
1
1
1
2
-1
-2
-3
-3
-1
-2
-2
-2
-2
-2
-3
-2
-3
-4
-4
-4
-3
-2
1
-2
-2
0
1
-1
-1
-2
-3
-3
-4
-4
-4
-2
-2
-2
-1
-1
-1
-1
-1
-2
-3
-4
-2
1
2
1
-1
-2
-5
-6
-6
-4
-4
-3
-5
-5
-6
-4
-4
-5
-5
-8
-8
-7
-7
-6
-5
-6
-8
-10
-8
-7
-6
-7
-7
-9
-8
-8
-9
-9
-9
-9
-9
-8
-8
-8
-8
-10
-8
-8
-8
-8
-8
-8
-7
-6
-7
-5
-6
-7
-5
-5
-5
-5
-4
-5
-5
-5
-4
-4
-4
-5
-4
-5
-4
-3
-4
-4
-5
-6
-6
-5
-6
-6
-5
-5
-5
-4
-5
-7
-7
-6
-4
-4
-5
-4
-4
-5
-6
-5
-5
-5
-6
-7
-7
-8
-7
-8
-9
-8
-7
-6
-6
-7
-8
-8
-9
-10
-10
-9
-8
-6
-6
-6
-6
-6
-7
-7
-9
-7
-7
-9
-7
-6
-4
-6
-7
-9
-9
-8
-9
-8
-9
-9
-9
-9
-11
-11
-9
-9
-8
-8
-8
-6
-6
-7
-6
-8
-8
-6
-7
-7
-9
-10
-8
-9
-10
-11
-10
-9
-9
-8
-7
-7
-9
-10
-12
-11
-10
-7
-7
-9
-9
-10
-10
-9
-7
-9
-11
-11
-10
-9
-7
-7
-9
-11
-10
-12
-11
-10
-10
-10
-11
-10
-11
-10
-9
-10
-12
-13
-12
-11
-10
-9
-9
-11
-9
-9
-9
-10
-10
-11
-10
-10
-10
-11
-9
-10
-11
-11
-11
-12
-11
-12
-10
-10
-14
-15
-14
-12
-10
-10
-11
-9
-8
-8
-8
-9
-9
-9
-9
-9
-9
-8
-6
-6
-7
-8
-9
-8
-6
-6
-5
-4
-4
-5
-5
-4
-3
-2
-2
-3
-4
-4
-3
-3
-4
-4
-4
-4
-4
-3
-4
-4
-5
-6
-4
-4
-3
-4
-3
-3
-2
-1
0
-1
0
-1
-2
-3
-2
0
0
-1
-3
-4
-4
-1
0
-1
-1
-1
-1
-1
-1
-1
0
-1
-2
-2
-2
0
0
-1
-2
-1
-1
-1
0
-2
-2
-2
-2
-1
-2
-2
-3
-3
-3
-1
-1
-2
-2
-2
-2
-1
-1
-1
0
-1
-2
-3
-2
-1
0
0
-1
-3
-3
-2
-2
-2
-3
-2
-1
1
0
0
0
-1
0
1
3
3
3
5
6
5
5
6
4
5
6
5
6
6
6
8
8
8
7
6
7
6
6
7
8
7
6
4
3
4
6
9
8
7
8
8
7
5
5
3
5
7
6
7
8
8
7
6
4
5
6
6
6
6
7
9
9
8
7
6
7
7
8
6
5
7
7
7
6
6
7
7
7
7
5
7
7
7
6
7
7
8
8
7
7
7
5
5
5
4
5
6
7
7
5
4
5
7
7
7
4
5
6
5
7
7
7
8
9
9
9
9
8
9
9
9
9
9
9
8
7
6
5
6
7
6
6
5
6
6
5
3
4
3
4
4
6
5
4
3
4
1
1
0
1
3
3
3
2
3
2
2
1
0
1
2
-1
0
1
2
4
3
2
1
3
4
3
3
2
2
1
0
1
2
1
0
-2
-3
-2
-3
-2
-4
-6
-6
-6
-7
-6
-6
-7
-7
-7
-7
-6
-6
-5
-6
-5
-5
-5
-4
-3
-3
-3
-4
-4
-6
-9
-7
-6
-7
-6
-5
-6
-5
-6
-5
-5
-6
-7
-9
-9
-8
-5
-4
-5
-6
-6
-5
-6
-6
-8
-9
-9
-9
-7
-8
-8
-7
-7
-8
-8
-8
-7
-7
-7
-8
-8
-7
-7
-6
-6
-6
-7
-7
-6
-5
-5
-6
-6
-6
-6
-6
-7
-8
-7
-8
-8
-5
-6
-7
-9
-9
-9
-8
-8
-8
-8
-10
-10
-10
-9
-8
-8
-10
-10
-10
-8
-7
-7
-7
-8
-10
-9
-8
-7
-7
-9
-11
-12
-12
-11
-9
-9
-8
-9
-10
-10
-10
-8
-8
-6
-5
-7
-6
-6
-5
-5
-6
-5
-4
-4
-5
-6
-7
-6
-6
-6
-7
-7
-8
-7
-7
-7
-7
-9
-11
-12
-10
-11
-10
-10
-7
-7
-7
-9
-8
-8
-7
-8
-10
-11
-13
-11
-12
-11
-9
-8
-9
-9
-9
-9
-8
-9
-8
-9
-10
-10
-8
-9
-7
-7
-7
-6
-6
-6
-7
-7
-8
-7
-7
-7
-7
-7
-7
-6
-5
-4
-4
-6
-6
-5
-6
-3
-2
-1
-1
0
-1
-1
-3
-2
-1
-2
-1
-2
-2
-4
-3
-3
-2
-2
-3
-4
-5
-2
-3
-1
-1
0
-2
-4
-3
-3
-1
0
-1
-3
-3
-3
-1
0
0
-3
-3
-5
-4
-4
-4
-4
-4
-3
-3
-3
-2
-1
-2
-2
-3
-2
-1
0
-1
-2
-2
-1
-1
-3
-3
-2
-1
-4
-5
-6
-6
-4
-2
-4
-5
-4
-4
-3
-3
-1
-1
-2
-3
-2
-2
-2
0
-1
0
-1
0
0
0
-1
-3
-3
-3
-2
-3
-2
-1
-1
-1
-1
-1
-1
0
0
0
1
2
0
0
1
0
-1
0
2
2
3
3
1
1
3
4
3
4
3
2
2
4
4
5
5
4
3
3
4
5
4
4
4
5
5
7
8
7
7
6
7
8
8
7
6
7
9
8
8
8
9
10
8
8
6
7
8
8
6
7
7
7
7
7
8
8
6
5
6
6
8
8
7
8
10
9
8
8
8
7
8
8
10
11
10
8
7
6
7
6
7
8
8
10
11
10
12
10
10
9
8
10
10
10
10
11
10
12
10
12
12
11
10
10
11
11
12
10
10
10
10
9
9
10
11
11
11
12
13
14
14
14
12
12
14
14
13
13
14
13
13
13
13
12
13
12
12
12
12
13
15
13
13
11
13
12
12
14
15
14
14
13
12
13
12
12
12
11
11
10
10
12
13
12
11
10
11
12
12
11
9
9
8
9
9
8
8
8
7
7
7
8
8
7
8
7
7
6
8
10
9
8
8
8
7
9
8
8
8
8
9
8
8
9
8
8
7
8
8
9
10
8
8
7
9
9
10
10
9
8
8
9
9
8
8
7
6
7
8
8
8
8
7
8
8
9
8
8
8
8
8
9
10
10
8
7
5
6
6
7
9
8
9
7
7
7
8
9
8
7
7
7
7
8
6
4
5
4
4
7
8
10
8
6
5
5
5
6
6
6
7
4
5
7
7
7
6
4
3
3
4
4
4
3
2
1
2
2
2
1
0
1
0
1
1
0
0
0
0
1
2
2
3
2
2
2
1
2
2
1
1
0
2
1
0
0
-2
-2
-2
-2
-2
-2
-2
-2
-3
-3
-4
-3
-2
-2
-3
-3
-3
-3
-4
-5
-4
-4
-3
-3
-3
-2
-3
-2
-3
-4
-5
-5
-5
-6
-5
-4
-3
-3
-3
-4
-4
-4
-4
-5
-4
-4
-3
-3
-4
-5
-5
-5
-4
-4
-5
-6
-5
-4
-5
-4
-6
-6
-5
-7
-8
-6
-6
-9
-9
-10
-10
-9
-8
-7
-8
-9
-9
-9
-8
-7
-7
-6
-7
-7
-8
-10
-8
-7
-8
-9
-10
-11
-11
-8
-7
-9
-8
-9
-9
-9
-9
-8
-9
-10
-10
-9
-9
-10
-9
-8
-8
-9
-9
-9
-7
-7
-7
-8
-8
-8
-8
-8
-8
-8
-9
-8
-9
-9
-8
-8
-8
-9
-8
-8
-8
-8
-8
-9
-8
-7
-7
-8
-8
-9
-8
-7
-6
-5
-5
-7
-9
-8
-8
-7
-7
-7
-8
-9
-7
-7
-7
-7
-7
-6
-6
-6
-6
-6
-6
-4
-5
-7
-7
-6
-5
-5
-4
-5
-4
-4
-4
-5
-6
-5
-6
-6
-5
-6
-6
-6
-8
-6
-4
-5
-5
-6
-7
-6
-4
-4
-3
-3
-4
-5
-4
-5
-5
-4
-5
-5
-4
-6
-5
-4
-3
-5
-6
-5
-5
-5
-5
-3
-4
-3
-3
-2
-2
-3
-1
0
0
-2
-2
-1
0
1
0
0
-1
-1
-1
0
0
0
-2
-3
-3
-2
-3
-1
-1
-2
-1
0
1
2
1
0
0
0
2
1
1
3
4
4
4
4
3
1
-1
-1
-1
-2
-2
1
2
1
2
2
1
0
0
0
-1
0
-1
1
2
2
3
3
2
2
1
-2
-3
-2
-1
-1
0
-1
-1
-1
0
0
0
0
1
1
1
1
1
2
2
1
2
3
4
5
4
3
3
0
-1
0
0
0
1
1
0
2
0
1
2
2
3
2
2
2
1
0
1
1
2
3
2
1
0
1
1
0
0
-1
-1
-1
1
3
4
3
3
4
3
4
5
3
4
4
4
4
5
5
5
2
1
2
3
4
4
2
1
1
0
0
3
4
3
1
-1
0
2
3
3
1
1
4
3
4
6
6
5
4
4
4
4
4
4
3
3
4
4
3
3
3
3
2
3
3
4
3
4
2
3
3
4
2
4
3
3
2
1
1
2
4
3
4
1
2
2
3
3
2
1
0
1
2
4
5
4
2
2
1
2
4
4
3
2
3
3
4
5
5
3
4
2
3
3
3
3
4
4
4
6
7
6
5
4
6
7
8
7
7
7
8
7
7
8
7
6
4
3
5
5
6
6
6
6
5
5
4
6
6
7
8
8
10
10
8
7
6
5
7
8
9
9
10
7
5
6
7
7
7
7
6
7
7
8
8
7
7
6
5
4
5
5
6
6
5
6
5
6
7
7
7
7
7
6
5
5
5
6
6
7
7
8
8
8
7
5
4
4
5
7
7
8
9
8
9
8
8
8
8
8
7
8
7
7
7
6
7
6
7
6
6
6
6
6
5
5
4
5
5
6
5
7
7
6
6
6
6
6
5
7
7
7
5
4
4
4
4
5
4
3
4
4
5
6
4
4
5
7
8
8
7
8
7
8
9
8
8
8
8
6
8
9
8
9
8
9
8
8
9
8
9
9
9
9
9
11
10
11
11
10
9
8
9
9
9
9
9
8
9
9
10
9
9
8
8
9
9
11
11
10
10
9
11
14
14
14
13
13
12
12
14
13
13
13
14
13
11
11
13
13
12
12
10
10
11
12
13
12
13
12
12
12
13
14
14
13
11
12
11
12
12
14
15
15
13
12
12
14
13
13
14
15
14
12
12
10
11
12
12
11
11
11
11
10
11
11
12
10
10
10
12
13
13
13
11
10
12
12
13
13
14
16
16
17
16
15
13
12
12
12
13
13
14
13
13
13
15
14
13
11
11
11
12
13
13
12
10
9
8
9
11
12
11
11
12
11
12
13
13
12
11
11
10
12
14
14
15
14
14
11
12
12
13
13
11
10
10
11
11
11
12
12
11
9
9
9
10
10
9
10
9
10
10
9
10
9
10
9
9
9
10
11
11
9
9
11
10
10
10
9
10
10
10
10
10
10
9
9
9
9
9
10
10
8
7
6
8
10
10
10
9
8
8
9
9
9
11
10
8
9
9
10
11
11
11
12
12
13
12
12
13
12
12
11
11
10
11
11
11
10
8
9
8
9
9
9
9
9
9
10
10
11
10
8
7
9
10
11
10
10
11
10
10
7
8
8
7
8
6
5
6
7
6
6
7
9
8
7
6
8
7
8
9
10
11
10
11
9
9
9
9
9
8
6
6
6
7
7
11
6
6
9
2
9
6
6
7
3
8
6
7
8
5
5
5
8
7
8
8
8
8
9
9
9
7
8
7
8
7
6
7
7
6
5
6
5
5
5
5
5
4
3
6
7
6
4
3
3
3
4
4
4
2
4
2
0
1
1
2
2
2
1
3
4
5
4
5
6
7
6
7
7
7
6
6
7
8
8
9
10
8
6
6
5
4
3
2
2
1
1
2
2
2
2
2
1
0
0
0
0
0
-1
-1
-3
-2
-3
-3
-5
-6
-5
-3
-4
-5
-4
-4
-2
-1
-2
-3
-3
-3
-2
-2
-3
0
-1
-1
-2
-1
-1
-1
-2
-3
-4
-3
-1
-2
-1
-1
-2
-2
-3
-5
-5
-4
-5
-6
-8
-7
-8
-6
-6
-5
-5
-5
-4
-4
-2
-2
-1
0
0
-2
0
-1
0
-3
-3
-3
-3
-3
-4
-4
-5
-3
-3
-4
-5
-3
-3
-3
-3
-1
-1
-1
-2
-2
0
0
1
0
1
1
-1
-1
2
2
0
0
-1
-1
0
0
1
3
3
5
6
5
5
4
5
4
5
5
6
5
4
5
5
3
4
4
5
6
4
4
3
3
3
3
3
4
3
4
5
5
6
7
5
6
5
8
10
10
9
9
7
6
8
7
8
8
6
6
7
9
9
8
6
5
4
6
8
10
10
8
7
5
6
6
5
7
7
6
7
8
9
9
9
8
7
4
6
8
9
10
9
10
8
8
8
9
9
10
11
13
11
11
12
13
13
12
12
13
14
12
12
11
11
11
9
9
10
10
10
9
8
8
8
7
9
10
11
11
10
10
10
12
14
13
13
12
11
11
10
12
14
14
14
11
11
12
11
13
13
12
11
12
12
13
15
14
14
13
11
10
12
13
12
11
11
9
9
10
10
11
11
10
10
9
8
9
8
10
9
9
8
10
10
13
11
13
11
11
13
11
13
14
14
14
15
12
14
13
15
11
10
11
10
13
12
12
9
10
9
10
9
9
10
9
11
11
12
12
13
12
12
12
12
12
13
15
14
13
14
13
13
12
11
13
15
15
16
14
14
13
14
15
15
15
17
17
14
15
14
12
13
10
12
11
10
11
9
11
12
9
10
11
10
13
12
14
16
13
14
12
12
15
16
15
18
15
16
17
15
17
16
15
13
14
13
16
14
14
15
11
13
11
13
12
12
12
13
14
14
13
12
13
11
13
13
12
14
14
12
11
8
10
11
11
11
11
8
7
7
8
8
9
9
8
7
9
11
11
8
9
9
8
9
7
9
9
10
9
9
10
9
10
7
7
7
7
11
6
8
8
9
9
8
10
9
8
9
8
8
7
9
7
5
6
6
8
5
5
2
5
4
3
5
5
6
4
5
2
3
2
3
3
4
4
7
8
7
5
4
6
6
5
6
6
5
5
5
7
5
5
7
7
7
9
7
9
7
6
7
4
8
7
9
9
8
8
7
5
4
2
5
5
5
3
4
4
4
3
0
2
0
1
2
3
1
0
0
0
0
-2
1
3
1
4
1
2
0
1
3
1
-1
0
1
3
5
3
3
2
-1
-1
1
-2
1
2
1
3
-2
-1
0
-4
-2
-4
-1
0
-3
-1
-2
1
0
2
-1
1
-1
3
2
4
3
4
2
1
0
2
5
2
4
3
5
4
3
2
3
-1
1
2
-3
1
4
0
7
-1
4
1
1
3
5
5
4
3
4
5
3
2
4
4
3
4
5
5
3
3
4
4
1
1
2
2
-1
2
4
3
6
4
6
5
5
7
5
7
5
3
4
4
1
5
2
4
4
4
5
2
4
4
4
7
6
5
8
7
6
10
6
11
7
9
6
9
8
9
8
6
11
4
13
5
12
6
9
7
11
10
8
11
3
9
4
11
9
9
5
11
5
12
9
7
12
5
10
11
10
9
9
9
13
14
7
15
7
11
10
9
8
11
12
12
15
7
17
12
14
13
10
14
12
11
10
10
11
15
10
13
9
8
13
13
11
12
6
10
12
5
12
6
9
9
9
9
10
12
12
15
7
14
14
15
16
12
10
14
14
14
15
13
13
16
10
15
13
13
13
16
14
14
16
9
20
10
14
14
12
14
11
13
15
17
13
16
13
13
13
10
14
11
14
13
17
16
17
13
16
13
14
12
16
13
14
18
14
24
12
19
15
14
17
11
17
17
17
17
17
14
17
14
14
15
14
14
16
11
18
12
15
11
10
11
10
18
7
15
10
10
12
8
8
9
7
8
9
6
12
8
15
7
13
8
13
9
12
8
11
10
10
10
12
14
11
14
7
17
12
16
16
11
12
16
12
20
13
20
17
13
14
13
18
16
21
13
18
19
17
23
14
24
20
22
20
22
23
21
22
19
19
19
16
22
19
23
20
21
22
18
20
19
16
19
17
16
21
16
17
16
11
15
12
12
17
10
14
7
13
5
13
9
9
10
1
13
4
11
5
3
2
-1
-2
-3
1
-2
-2
0
-2
-1
-1
-2
1
-5
-2
-5
0
-4
1
-2
-1
-1
0
-1
3
0
2
4
2
4
7
5
6
3
2
6
6
8
11
11
13
12
13
18
18
26
14
26
16
24
25
23
28
23
26
23
28
27
25
31
19
33
20
32
30
19
34
17
35
23
31
24
31
22
26
22
18
24
18
21
16
16
11
18
7
8
10
0
5
-4
-4
-5
-9
-7
-9
-12
-10
-22
-5
-25
-14
-20
-28
-17
-33
-25
-32
-29
-34
-34
-34
-38
-37
-40
-42
-34
-47
-36
-46
-41
-43
-42
-38
-35
-35
-38
-28
-41
-27
-31
-31
-19
-28
-19
-15
-23
-3
-8
-3
1
-3
0
8
8
15
20
24
25
36
30
39
49
42
61
54
59
74
66
80
77
84
79
92
85
93
96
87
99
89
95
97
94
94
96
84
92
84
84
86
73
72
63
60
49
57
37
41
31
22
14
15
-5
-2
-6
-33
-19
-42
-45
-43
-62
-63
-76
-87
-97
-102
-109
-129
-124
-145
-154
-145
-181
-161
-181
-191
-194
-205
-219
-204
-232
-224
-234
-241
-240
-241
-244
-235
-241
-233
-232
-220
-219
-197
-196
-163
-159
-133
-112
-91
-63
-37
1
31
61
86
123
155
186
224
251
290
307
338
357
385
407
426
439
442
451
455
459
458
449
443
430
415
399
384
368
344
317
290
262
237
213
182
157
125
97
70
44
21
-5
-28
-54
-78
-100
-110
-137
-140
-190
-173
-223
-217
-246
-246
-271
-289
-290
-359
-311
-399
-348
-395
-410
-440
-448
-485
-468
-515
-489
-512
-518
-513
-507
-422
-492
-430
-477
-388
-340
-347
-281
-270
-182
-189
-142
-98
-6
51
51
82
116
190
230
258
288
315
329
331
348
375
405
400
383
371
363
371
367
356
330
305
274
263
237
225
206
198
153
111
110
67
105
62
13
50
-4
32
-3
-3
2
48
25
-6
59
21
110
90
96
139
159
168
184
231
231
298
275
286
310
324
356
349
358
336
352
330
319
316
295
288
225
209
151
147
99
61
-5
-14
-107
-106
-175
-220
-226
-338
-338
-422
-452
-477
-528
-569
-607
-633
-669
-686
-684
-744
-694
-718
-618
-705
-649
-713
-567
-518
-549
-457
-455
-334
-316
-303
-221
-111
-7
-48
23
40
173
231
241
277
337
371
367
389
427
484
478
451
433
447
459
455
434
412
375
359
329
302
275
266
240
211
134
143
90
121
97
4
72
-29
15
7
-53
14
-36
-10
-47
-16
-10
21
44
31
52
84
88
151
161
196
234
217
259
278
303
356
341
336
374
321
382
353
354
340
293
271
215
245
155
148
102
-29
38
-133
-96
-170
-273
-270
-382
-467
-454
-547
-615
-641
-755
-787
-778
-848
-836
-871
-812
-897
-841
-891
-918
-662
-810
-712
-688
-665
-534
-513
-454
-390
-226
-231
-196
-92
-50
113
144
183
211
297
338
362
414
469
496
498
500
483
535
551
516
516
480
446
452
430
384
375
337
289
250
223
161
192
99
104
69
-51
87
-104
26
-53
-108
-42
-101
-77
-97
-2
-81
-8
11
-63
124
66
127
166
168
193
273
278
333
364
382
395
402
442
455
476
473
437
416
432
384
371
354
274
247
173
144
79
70
-20
-126
-107
-299
-235
-369
-445
-451
-612
-610
-698
-800
-793
-937
-855
-1000
-937
-934
-984
-1022
-958
-1048
-934
-802
-909
-786
-784
-745
-607
-565
-481
-360
-273
-296
-191
-90
8
160
147
240
258
348
399
461
517
571
560
571
584
594
660
651
607
609
564
531
540
517
476
452
389
328
303
254
241
196
144
55
31
50
-94
72
-136
-89
-51
-252
-43
-167
-119
-114
-106
-127
-54
14
-31
107
73
133
179
249
262
355
396
355
497
442
566
550
567
606
546
615
551
572
574
496
447
469
307
350
302
182
142
108
-64
-51
-103
-298
-186
-437
-435
-498
-697
-579
-810
-830
-885
-1023
-934
-1092
-899
-1148
-869
-1194
-1096
-1005
-1083
-806
-975
-866
-841
-764
-684
-632
-452
-403
-262
-309
-246
-38
27
222
164
285
310
414
418
535
600
657
654
607
647
701
736
734
707
659
649
609
594
593
565
520
455
377
347
333
294
255
189
92
149
12
69
27
-64
64
-141
-27
-77
-69
12
-45
-46
2
5
62
123
109
175
239
195
317
325
393
436
449
434
521
523
547
589
552
574
534
547
513
482
495
401
313
310
212
218
122
86
-58
-139
-80
-336
-267
-443
-453
-563
-710
-729
-813
-835
-1058
-986
-1143
-1100
-1124
-1083
-1073
-1351
-1099
-1293
-1097
-968
-1151
-942
-1034
-880
-882
-688
-629
-525
-357
-488
-343
-197
-25
68
80
167
203
328
353
425
514
606
556
537
580
618
692
689
625
608
610
560
546
554
513
487
408
342
291
300
270
217
129
151
6
58
62
-136
124
-164
5
-80
-118
2
-136
38
-82
7
61
9
146
83
219
186
280
294
316
398
404
454
480
534
502
605
482
633
533
534
556
419
541
319
419
289
288
194
46
220
-230
63
-208
-284
-267
-481
-475
-502
-801
-644
-938
-923
-1042
-1128
-1112
-1159
-1257
-1064
-1261
-1351
-1171
-1411
-1029
-1155
-1088
-1084
-986
-999
-814
-792
-620
-515
-380
-497
-319
-170
-3
119
120
189
255
363
417
478
603
669
617
604
637
704
785
755
692
669
666
609
614
601
574
528
444
363
321
334
296
226
140
126
2
66
14
-79
54
-135
-65
-136
-129
-107
-89
-57
-155
-48
-49
-34
38
64
104
119
171
195
246
296
355
326
394
411
394
507
464
420
489
407
365
359
309
298
172
143
131
-42
85
-215
-74
-294
-439
-319
-596
-451
-839
-714
-902
-1149
-939
-1239
-1238
-1265
-1460
-1328
-1415
-1277
-1566
-1314
-1657
-1386
-1173
-1473
-1187
-1247
-1194
-1086
-953
-897
-731
-504
-642
-520
-376
-199
-19
-11
106
132
201
395
280
523
669
513
577
587
587
708
749
676
635
658
546
551
585
533
527
398
365
228
273
227
180
90
87
-87
-36
-19
-166
6
-258
-111
-280
-153
-203
-201
-133
-213
-154
-130
-86
-36
-12
75
10
103
207
210
258
314
375
296
457
457
435
529
433
519
370
430
464
293
352
233
111
288
-54
-9
8
-214
-275
-324
-421
-663
-541
-748
-832
-1070
-1030
-1163
-1395
-1263
-1410
-1621
-1416
-1493
-1519
-1583
-1506
-1834
-1482
-1266
-1619
-1296
-1324
-1379
-1151
-1039
-1061
-754
-602
-684
-661
-400
-256
-82
34
30
67
296
335
314
502
698
618
590
627
627
785
873
712
683
726
673
619
650
606
569
533
421
261
310
315
208
121
88
-65
-21
-47
-199
-45
-161
-212
-199
-308
-198
-148
-222
-170
-207
-124
-97
-63
23
51
126
113
193
255
331
402
421
429
491
529
590
529
536
625
450
451
484
392
392
269
343
39
56
136
-161
-34
-340
-350
-460
-655
-533
-925
-796
-1085
-1167
-1232
-1369
-1529
-1322
-1834
-1471
-1514
-1753
-1634
-1627
-2013
-1295
-1540
-1588
-1349
-1438
-1374
-1087
-1045
-1047
-625
-625
-697
-509
-321
-81
73
78
188
236
421
524
506
734
817
758
747
793
835
1001
993
832
860
846
815
779
781
732
693
579
492
401
448
391
314
209
71
114
-15
29
-8
-133
-19
-138
-204
-133
-87
-141
-75
-73
-120
1
42
88
131
244
221
304
387
406
493
580
578
508
722
680
666
760
669
698
541
712
468
548
479
323
493
56
273
57
-104
-65
-311
-342
-478
-688
-794
-679
-1270
-908
-1100
-1644
-1189
-1614
-1588
-1475
-1514
-1695
-1623
-1720
-2026
-1242
-1574
-1588
-1316
-1550
-1312
-1108
-991
-933
-664
-541
-627
-416
-277
52
192
218
311
299
660
617
751
890
1053
911
953
1022
995
1263
1157
1085
985
1027
974
947
940
887
817
672
601
511
472
517
302
250
150
71
54
27
29
-87
3
-123
-147
-145
6
-96
-26
14
-4
14
176
189
257
357
417
431
490
653
605
784
707
831
733
904
776
790
970
651
769
665
616
469
596
374
332
147
109
73
-150
-178
-298
-584
-629
-644
-984
-1138
-1137
-1398
-1538
-1463
-1681
-1704
-1377
-1876
-1735
-1676
-2121
-1577
-1321
-1806
-1465
-1418
-1477
-1186
-1106
-909
-661
-603
-438
-562
-298
159
127
445
414
361
660
785
821
963
1244
1157
1016
1129
1128
1309
1397
1291
1140
1038
1123
1002
1017
978
905
754
687
485
462
562
392
267
83
40
-24
193
-24
-110
-59
-246
-24
-109
-114
36
-59
-29
25
83
237
333
370
369
456
524
725
733
735
868
794
938
891
1005
952
1035
874
794
797
694
887
476
642
544
131
425
-53
117
-114
-396
-252
-794
-572
-1035
-985
-1034
-1506
-1520
-1369
-1972
-1710
-1307
-1868
-1956
-1483
-2462
-1582
-1293
-1897
-1337
-1558
-1490
-1234
-1000
-973
-624
-365
-475
-429
-171
150
518
479
667
638
730
1082
1089
1201
1515
1516
1259
1418
1397
1547
1742
1550
1401
1308
1328
1215
1237
1205
1081
960
790
637
524
625
522
353
195
10
110
-79
93
42
-262
87
-225
-237
111
-44
32
220
68
119
381
471
465
658
657
637
915
778
1078
997
1100
1083
1031
1201
1121
1095
1163
857
802
892
772
548
677
360
403
-84
68
-18
-506
-350
-692
-1002
-599
-1634
-1171
-1504
-2003
-1264
-2324
-1788
-1608
-2141
-1974
-1535
-2729
-1537
-1505
-1828
-1531
-1560
-1521
-1095
-933
-1016
-435
-214
-372
-185
121
284
811
798
891
923
1091
1448
1421
1531
1799
1835
1624
1703
1671
1859
1973
1770
1592
1532
1459
1374
1407
1285
1141
997
852
566
589
527
477
281
40
77
-21
-124
113
-222
-91
-78
-183
-32
38
162
12
433
211
393
627
707
732
980
1008
992
1284
1296
1436
1299
1530
1386
1473
1447
1500
1292
1316
1216
931
1103
1011
596
798
421
94
155
267
-522
-205
-737
-1077
-958
-1364
-1335
-1773
-1625
-2208
-1655
-2375
-1595
-1968
-2231
-1816
-2535
-1562
-1630
-1722
-1429
-1480
-1360
-855
-863
-588
-382
257
-63
193
447
683
1307
1148
1392
1303
1753
1714
1895
1993
2147
2267
2006
2105
1873
2150
2160
2026
1758
1623
1545
1366
1409
1162
1141
820
729
412
273
441
183
24
-12
-344
-422
60
-355
-375
-58
-577
-242
78
-204
206
170
260
326
546
744
765
1108
1054
1069
1207
1492
1395
1541
1604
1370
1400
1512
1380
1200
1472
888
1060
714
661
732
219
278
-146
-486
-340
-861
-821
-1266
-1591
-1427
-2178
-2191
-1960
-2845
-2303
-2554
-2485
-2398
-2826
-2362
-3095
-2155
-1952
-2228
-1720
-2059
-1756
-1032
-1093
-801
-435
-21
8
18
483
792
1350
1451
1522
1447
1807
2072
2153
2246
2364
2420
2251
2239
2021
2306
2311
2082
1781
1563
1461
1296
1341
1037
838
650
427
218
42
-35
-59
-145
-371
-600
-675
-578
-437
-375
-554
-407
-576
-2
-46
247
439
484
721
792
933
1360
1499
1576
1730
1466
1810
1992
1988
1995
1918
1731
1882
1531
1763
1295
1410
1108
757
771
308
216
-76
-70
-958
-794
-1165
-1509
-1727
-1927
-1925
-3333
-1979
-3430
-3053
-2495
-2989
-2498
-2932
-2788
-3448
-2060
-1716
-2186
-1499
-1700
-1704
-682
-723
-220
153
765
672
610
1002
1543
2307
2316
2461
1975
2582
2719
2734
2918
3115
3012
2567
2644
2109
2462
2556
2298
1799
1385
1241
986
1000
897
405
306
-10
-525
-596
-573
-503
-517
-828
-1059
-1044
-794
-596
-441
-627
-315
-139
-202
289
385
646
1188
1145
1090
1579
1613
2039
2263
1958
2432
2119
2396
2311
2116
2233
2183
1768
1719
1234
1270
1160
809
482
15
-16
-364
-625
-887
-1574
-1377
-2413
-2012
-2865
-2617
-3078
-3467
-3168
-3636
-3399
-2898
-2922
-3232
-2435
-3642
-2123
-1604
-1679
-1311
-936
-1089
-108
285
389
1058
1756
1877
1821
2188
2326
3439
3505
3504
3222
3368
3623
3556
3547
3611
3538
3098
2947
2351
2290
2331
2185
1720
1313
754
438
634
178
180
-159
-656
-623
-1080
-1001
-864
-819
-753
-726
-981
-860
-253
-174
420
549
590
969
1381
1515
2116
2349
2562
2881
2728
2951
3123
3480
3418
3485
3083
3162
2869
2958
2644
2405
2042
1676
1359
989
723
504
-67
-383
-1076
-1210
-1913
-1673
-2371
-3265
-2320
-4769
-3194
-3808
-4898
-3102
-4968
-3732
-3108
-3700
-3042
-3206
-3189
-1622
-1311
-950
-897
-285
14
1080
1367
1678
2713
3146
3025
3228
3521
4076
5046
4587
4495
4227
4238
4387
4158
4117
3726
3462
2918
2429
1911
1725
1538
1188
694
-127
-590
-811
-965
-868
-1293
-1580
-2112
-2117
-2323
-1957
-1683
-1597
-1011
-575
-1236
-211
-327
461
1791
1557
1731
2049
2389
2771
3725
3783
3868
4144
3749
3722
3956
4095
4319
4000
3458
2813
2660
2505
2409
1756
1152
704
-173
-223
-752
-1046
-1639
-1941
-2827
-3221
-3435
-3890
-3978
-4524
-4898
-5504
-5217
-5308
-5193
-5100
-4873
-3881
-3702
-3491
-3392
-3763
-1125
-636
-254
101
-84
1112
2397
2790
2934
3984
4634
4603
4599
4510
5227
6088
6078
5229
4592
4364
4405
4278
3851
3192
2368
2005
1324
539
111
-160
-515
-824
-1843
-2635
-2742
-2734
-2396
-2932
-3213
-3294
-3020
-2608
-2444
-1961
-1684
-604
-451
58
331
1432
2077
2880
3218
3145
4040
4577
4714
5013
5043
5159
5264
5243
4640
4625
4632
4178
3872
3122
2654
2167
1899
1137
350
-135
-643
-1116
-1736
-2161
-3148
-3167
-3822
-4417
-4644
-5218
-4991
-6097
-5609
-6611
-6243
-5406
-6368
-5528
-5064
-4642
-2597
-3309
-3131
-2480
-1369
765
1141
1312
1631
2787
3628
4397
4720
5496
6449
6478
5874
5767
6052
6636
6866
5949
4897
4164
3730
3545
2965
2144
1261
488
-280
-1105
-1868
-2226
-2277
-2572
-3093
-3990
-4723
-4244
-3828
-3307
-3327
-3520
-3184
-2682
-1940
-1057
125
717
1663
1529
2154
3529
4287
5489
5660
5463
5666
6085
6248
6714
6570
6144
5901
5149
4740
4513
4390
3984
3154
2104
1353
886
503
71
-752
-1614
-2090
-2902
-2955
-3602
-3835
-4572
-4679
-5813
-5579
-6113
-5823
-5767
-6327
-6637
-6449
-6145
-5348
-4614
-4595
-1402
-3507
-687
-2426
-1418
2455
2551
3435
3243
3176
4522
6229
6165
6388
7680
7395
6725
6363
5695
6459
6780
6259
4430
3310
1990
2012
1498
1246
-214
-1425
-1986
-3068
-3357
-3835
-3815
-3901
-3877
-4621
-5249
-5087
-3995
-3245
-2483
-2076
-2340
-1315
-464
267
2029
2958
3703
4329
4444
4952
6338
6989
7718
7442
6971
6690
6632
6600
6513
6134
5300
4534
3600
3056
2752
2500
1930
1113
144
-712
-1016
-1390
-1730
-2326
-3090
-3529
-4128
-4013
-4658
-4793
-5404
-5460
-5820
-5887
-5983
-6516
-6008
-5810
-6088
-4784
-5490
-3670
-873
-2043
-149
-1822
-771
2987
3884
4190
4282
4133
5371
6761
6421
6667
8122
7721
7036
5958
4917
5377
5978
5244
3761
1935
476
189
-120
-428
-1689
-2642
-3354
-4002
-4515
-4870
-4700
-4127
-3648
-4035
-4718
-4627
-3133
-1982
-649
-273
-328
614
1632
2551
3998
5376
5723
6208
6264
5859
7228
7938
7877
7921
6646
5944
5733
5538
5247
4830
3867
2850
1983
1424
1081
998
711
27
-899
-1590
-1993
-2048
-1988
-2443
-2962
-3462
-3858
-4018
-4229
-4489
-4609
-5134
-5109
-5826
-5817
-5704
-5750
-5420
-4345
-4617
-2344
-1275
-1522
19
-1108
766
3496
4179
4806
4793
4546
5808
6774
6697
7296
7751
7010
6338
5085
4423
4663
4740
3735
2269
360
-855
-1363
-1548
-1782
-2717
-3581
-4390
-4758
-4908
-4675
-4351
-3541
-3012
-3199
-3310
-2927
-1451
201
1476
1915
2206
2766
4021
4815
6416
6823
6985
7351
6524
7037
7077
7206
7194
6480
5490
4543
3935
3516
3330
2806
1912
990
375
-94
-176
-263
-594
-1006
-1484
-2147
-2160
-2342
-2308
-2506
-2810
-3038
-3764
-3566
-4288
-4290
-4644
-4972
-5438
-5541
-5160
-5741
-4155
-4722
-3824
-429
-1478
600
-752
-676
2893
4339
5209
5200
5078
5460
6790
6394
6633
7551
7228
6521
5210
3699
3149
3434
2943
2202
275
-1651
-2671
-3064
-2891
-3386
-3999
-4568
-4696
-4774
-4879
-4643
-3692
-2304
-1485
-1666
-1816
-691
800
2691
3752
3949
4765
5437
5812
6666
6874
7244
7715
7211
6772
5949
5533
5359
5231
4772
3684
2576
1772
1308
1132
838
345
3
-416
-892
-1262
-1322
-1227
-1207
-1232
-2029
-2201
-2687
-2712
-2231
-2671
-2658
-3893
-4217
-5248
-4624
-5568
-5077
-6109
-5157
-5128
-4645
-2470
-2301
-177
-131
-1272
609
2714
4330
5914
5210
4906
6255
6641
6599
7651
7338
6957
6110
4520
3210
3296
2586
2221
1025
-775
-2469
-3427
-3643
-3695
-3830
-4420
-4785
-4799
-4531
-4339
-3840
-2560
-1242
-445
-325
-9
1018
2790
4316
5014
5751
6230
6420
6822
6621
6911
7178
6947
6419
5397
4378
3939
3558
3410
2896
1979
1060
330
35
35
15
7
-179
-447
-867
-980
-863
-521
-384
-725
-1221
-1631
-2149
-1754
-1800
-2058
-2722
-4072
-4799
-5522
-5240
-6045
-5277
-5552
-5204
-4832
-2106
-2330
202
-986
-1233
2059
3125
4770
5530
4833
5634
6695
6356
6771
7572
6925
6485
5194
3507
2832
2506
1866
1107
-339
-2174
-3159
-3906
-3783
-4057
-4161
-4396
-4237
-3904
-3434
-2968
-2240
-529
370
1200
1665
2277
3769
4867
5540
6158
6895
7331
7265
6652
6114
5944
5771
5410
4549
3536
2427
1690
1261
1136
821
400
-267
-792
-970
-788
-472
-19
122
-60
-108
-349
146
301
458
164
-486
-755
-1229
-1141
-1461
-2313
-3444
-4885
-5473
-5681
-5904
-6192
-5819
-6099
-4516
-2095
-2065
322
-1671
-928
2187
3774
5600
6176
5159
6211
6740
6281
7036
7602
6952
6248
4357
2295
1640
1189
683
166
-1596
-3336
-4488
-4999
-4801
-4613
-4402
-4177
-3643
-3042
-2546
-1887
-847
1174
2668
3629
4109
4607
5496
6649
7096
7893
8486
8119
7678
6364
5305
4914
4417
4303
3309
1918
385
-420
-580
-340
-162
-596
-1009
-1480
-1393
-943
-371
383
658
884
636
624
845
1031
970
858
198
-96
-920
-1429
-2107
-3407
-4070
-5809
-6029
-7084
-6931
-6641
-5939
-5621
-3223
-1954
-257
320
-928
1903
4059
6339
7474
6975
6761
7591
7133
7537
7922
7253
6135
4539
2317
775
-194
-1158
-1408
-2576
-4343
-5766
-6584
-6410
-5728
-5075
-4464
-3633
-2743
-1641
-891
363
2057
4097
5789
6619
6641
7059
7679
8377
9297
9274
8812
7751
6126
4785
3969
3095
2697
1862
593
-623
-1751
-2210
-1625
-1266
-944
-1208
-1480
-1095
-614
247
925
1549
1952
2054
1877
1812
1529
1577
1171
784
-113
-916
-1895
-2936
-4312
-5707
-7006
-7580
-8107
-7727
-7913
-6877
-6786
-2991
-1246
989
1071
1
3275
5837
8456
9429
8846
8647
8896
8091
8267
8116
7210
5723
3488
1015
-1030
-2244
-3444
-3826
-5123
-6445
-7582
-8190
-7826
-6876
-5610
-4247
-2799
-1433
68
1147
2638
4561
6492
8303
9018
8946
9087
8925
9059
9112
8887
8064
6678
4649
2736
1733
660
193
-165
-1252
-1906
-2869
-3057
-2150
-1338
-600
-278
13
596
1243
2108
2654
3425
3720
3789
3541
2777
2188
1146
1099
-214
-776
-2361
-3629
-4867
-6608
-8177
-9084
-9516
-9561
-9435
-8896
-7619
-6088
-1829
-395
2797
2813
2724
6552
8622
11326
12083
11173
10746
10399
8960
8812
7904
6213
4105
1431
-1433
-3562
-5111
-6350
-6697
-7899
-8689
-9223
-9172
-8400
-6925
-5181
-2883
-843
1158
3002
4291
6010
7681
9567
10889
11213
10617
10024
8990
8218
7449
6568
5767
3933
1905
-264
-1488
-1991
-2319
-2248
-2488
-2653
-2739
-2340
-1175
181
1276
2290
3178
3933
4584
4884
5336
5739
5735
5519
4638
3497
2325
839
-203
-1389
-2940
-4164
-6209
-7365
-9099
-10475
-11314
-11875
-11563
-10559
-9328
-7373
-5399
-1675
2003
4813
6423
5914
9191
11804
14122
14779
13494
12412
11296
9421
8263
6916
4607
2135
-866
-3786
-6226
-7940
-8935
-9088
-9406
-9717
-9491
-8995
-7470
-5450
-2956
-403
2337
4697
7046
8447
9300
10626
11577
12690
12278
11042
9393
7575
5724
4371
2872
1683
297
-1729
-3210
-4307
-4692
-4182
-3678
-2964
-1931
-1459
-34
1229
3243
4648
5912
7204
7922
8538
8101
7816
7780
7086
6677
5322
3704
2099
-83
-1487
-2979
-4512
-5722
-7301
-8817
-9966
-11864
-11833
-12356
-11349
-10497
-9341
-7299
-5139
-2250
2046
6485
8672
11044
9566
11886
13984
15096
15661
14079
11582
9786
6864
4757
3214
585
-1717
-4340
-7026
-8959
-10116
-10640
-9952
-9129
-8296
-6899
-5465
-3409
-906
1689
4550
7257
9783
11545
12490
12487
12185
12029
11457
10642
8911
6633
3996
1246
-807
-1842
-3087
-3441
-4641
-5661
-5704
-5964
-4672
-2859
-1335
1112
2686
4093
5980
7059
8837
10017
10720
11162
10749
9616
8584
7271
6197
5078
3428
1906
42
-1932
-3509
-5222
-6200
-7185
-8167
-8502
-9706
-10329
-10953
-10645
-9571
-7612
-6711
-4939
-3053
-1034
2162
6215
10163
12397
12879
10455
11947
12546
13372
13129
10621
8067
5494
2015
312
-1381
-3383
-4936
-6650
-8206
-9206
-9663
-9249
-7822
-6207
-4198
-1905
12
1873
3910
6082
8547
10423
12093
13036
12778
11725
10158
9094
7797
6258
4032
2025
-417
-2680
-4550
-5682
-6053
-5822
-5298
-4209
-2788
-2218
-795
215
2666
5378
7576
9534
10168
10082
10379
10040
10325
10045
9092
8052
5897
4108
2523
1237
298
-740
-1783
-2967
-4491
-5561
-6799
-6726
-7198
-6944
-6879
-7358
-6902
-7495
-6231
-5079
-4037
-2814
-2296
79
2240
5695
9188
10617
11266
8556
8195
9842
10429
10657
8434
5619
3374
560
-1021
-1711
-3031
-4225
-5407
-6341
-7070
-7348
-6982
-5479
-3607
-1746
359
2059
3369
4693
6205
8148
9713
10719
11253
10753
9343
7638
6096
5065
3777
2147
536
-1616
-3494
-4922
-5438
-5335
-5047
-4902
-3486
-1349
687
2896
3244
4775
6088
8449
10262
11249
10928
10074
9063
8471
7385
6645
5339
4049
2708
891
-355
-1342
-1737
-2022
-2182
-2794
-3747
-4338
-5397
-5048
-4937
-4443
-4184
-4659
-5029
-4664
-4389
-3590
-3147
-2944
-1533
-675
1399
4279
7413
8549
8739
5872
6803
7485
8451
8699
6962
4609
2544
41
-638
-1244
-2376
-3034
-4023
-4725
-5314
-5494
-5125
-3768
-2297
-263
1567
2789
3722
4685
5857
7172
8230
9051
9425
8580
7194
5698
4368
3251
2074
822
-231
-1798
-3285
-4201
-4656
-4245
-3631
-2993
-1905
-28
1763
4469
5601
6552
7763
8281
9663
10060
9908
9433
7791
6354
5123
3807
2938
1958
990
275
-972
-1587
-1904
-1756
-1446
-1491
-1868
-2334
-3223
-3399
-3481
-2975
-3151
-3371
-4280
-4417
-4188
-4242
-3707
-3856
-3553
-1912
-764
2729
5986
6891
7816
5062
5683
6967
7911
8755
7596
5360
3544
1035
2
-565
-1606
-2283
-2957
-3810
-4591
-5079
-5030
-3748
-2415
-670
1068
2250
3138
3952
4734
5921
6867
7851
8483
8017
6802
5361
4041
3082
1945
879
10
-1197
-2343
-3270
-3711
-3653
-2938
-2294
-1174
-579
875
2607
4680
6612
8262
8780
9265
8705
8373
8469
7229
6410
5041
3409
2223
1108
548
361
-344
-490
-746
-562
-488
-518
-699
-792
-1226
-1846
-1596
-2625
-2301
-2822
-3368
-3296
-4338
-5170
-5324
-5468
-5415
-4298
-3609
-2661
315
3818
6202
8242
5084
5685
7203
8100
9699
8719
6802
5428
2493
1265
477
-1393
-2161
-2813
-3486
-4320
-5354
-5664
-4770
-4046
-2511
-686
714
1968
2869
3835
5127
5948
7208
8563
8694
8046
6690
5230
4220
2948
1802
923
-343
-1409
-2337
-3183
-3625
-3516
-2996
-1989
-1056
-317
901
2532
4675
6528
7918
8135
8165
8226
7826
7904
6775
5470
4393
3060
2410
1886
1395
1085
507
352
341
305
145
-266
-695
-1083
-1923
-2240
-3002
-3158
-3413
-3911
-4273
-4604
-5439
-5827
-6209
-6161
-5089
-4977
-3383
-2263
1973
5788
8076
8763
6166
6929
8313
9475
10568
9111
6731
4679
1861
542
-991
-2779
-3696
-4118
-4895
-5718
-6750
-6963
-6073
-4829
-2732
-532
1075
2580
3827
4981
6364
7506
9171
10373
10322
9250
7657
5996
4391
2611
1189
2
-1097
-2363
-3539
-4759
-5377
-5328
-4757
-3209
-1772
-638
1202
3199
5025
6958
7051
8099
8882
9131
9644
8798
7197
5813
4398
3951
3400
2780
2209
1266
489
-188
-483
-654
-849
-1215
-1735
-2334
-3228
-3874
-4218
-4162
-4111
-3385
-4024
-3667
-4909
-4913
-5158
-5006
-4867
-4220
-2487
-878
2325
6216
7833
9109
6704
6482
8320
8611
9536
8363
5834
3607
826
-758
-1842
-3859
-4743
-4964
-5376
-6113
-6838
-6813
-5686
-4311
-2133
425
2168
3658
5020
6330
7668
8389
9607
10795
10626
9647
7704
5662
3455
1391
-39
-1032
-2379
-3680
-4979
-5901
-6274
-6282
-5225
-3957
-2443
-964
913
3378
5905
7734
8982
9608
9875
10584
10574
10229
8827
6629
5106
3784
2749
1869
851
-105
-1089
-1642
-1938
-2129
-2106
-2325
-2293
-2479
-2767
-3010
-3239
-2842
-2723
-2394
-2051
-2503
-2403
-3412
-3040
-3947
-3953
-4718
-4098
-2438
-1511
1806
4867
6741
7821
5067
5355
6567
6496
7713
6699
4772
2866
428
-561
-1849
-3996
-4266
-3931
-3875
-4297
-5094
-5016
-4331
-3479
-1196
1176
2621
4091
5277
6532
7185
7302
8397
9438
9177
8088
6232
4329
2360
567
-744
-1946
-3189
-3900
-4540
-4985
-5504
-5274
-4632
-3261
-1508
749
2860
5334
6913
7847
8666
8813
9654
10450
9979
9125
7272
4786
3401
1795
1096
564
12
-710
-1267
-1625
-1820
-1884
-1211
-1013
-717
-795
-1293
-1605
-2082
-2003
-1675
-1720
-1344
-2097
-2766
-3103
-4430
-4242
-5182
-5855
-5732
-5242
-3709
-1890
2464
4458
7101
5896
4401
6384
6527
7665
8347
6495
5343
2992
1452
359
-2333
-3298
-3249
-3275
-3658
-4844
-5432
-5037
-4751
-3272
-1196
248
1771
3766
5346
6285
6290
6830
8454
8898
8711
7609
6378
4471
2233
550
-1009
-2129
-3019
-3272
-3565
-4330
-5057
-4681
-4028
-2556
-1263
878
3654
4964
6663
6635
7386
7930
8630
9248
8942
7550
5937
4450
3137
1871
1276
917
789
486
14
-401
-725
-746
-738
-610
-740
-827
-1291
-1585
-2310
-2662
-2554
-2148
-2488
-2390
-3188
-3873
-3924
-4928
-5169
-5420
-6745
-5284
-4843
-3038
-629
2912
5548
7399
6381
5855
7052
6924
7941
7960
6253
4626
2390
953
-519
-3197
-3667
-3835
-3880
-4115
-4925
-5051
-4723
-4468
-2623
-969
466
2280
4239
5841
6444
6828
7413
8423
8447
7971
7011
5311
3496
1662
9
-1350
-2673
-3117
-3581
-3920
-4329
-4527
-4128
-3009
-1120
611
2211
3620
4294
5666
6317
7313
8366
8355
8619
7911
6880
5613
3912
3223
2555
2011
1725
924
385
-308
-825
-980
-1308
-1393
-1434
-1422
-1546
-2253
-2265
-2565
-2126
-1870
-2022
-1880
-1873
-2429
-1388
-2873
-2352
-2828
-3357
-3917
-4867
-5696
-4261
-3835
-251
2456
3443
4641
4024
4169
4588
4262
5467
5542
4532
4366
2856
1256
-54
-1328
-1110
-1060
-1554
-1109
-1583
-1772
-1834
-2057
-1379
-534
410
2161
2731
3539
3558
3452
4092
3849
4422
4369
4013
3923
2341
1007
241
-930
-710
-1292
-864
-757
-1120
-749
-455
201
971
2076
3593
4766
4853
5335
5207
5300
5271
5158
5282
4898
3944
3267
2266
1568
1004
1012
1294
1319
1385
1324
1297
1246
835
894
668
393
25
-570
-911
-1351
-1606
-1441
-1613
-1751
-2400
-2809
-3505
-3790
-5159
-5641
-6503
-6334
-6318
-5665
-5362
-3896
-3324
-1197
1118
3437
5247
5448
6229
5947
5795
5776
5876
5437
4380
3525
2973
1171
-77
-830
-1378
-1647
-2039
-2047
-2394
-2764
-2411
-2069
-1831
-1237
-475
828
1717
2127
2977
2912
3646
4120
4122
4409
3880
3700
3085
2732
2041
1255
1115
1098
870
474
753
522
678
1136
981
1350
1190
1714
1912
2421
2544
2794
3149
3263
3451
3324
3426
3668
3536
3627
3704
3662
3566
3528
3423
3005
2461
1888
907
409
-465
-1069
-1356
-1922
-2194
-2774
-2962
-3169
-3399
-3284
-3519
-3710
-3710
-4467
-4668
-4619
-4666
-3937
-3259
-3422
-2924
-3287
-2616
-971
1197
3040
4183
4264
4657
4202
4523
4122
3982
4010
3219
3330
2387
772
-74
-866
-1038
-1409
-1375
-1137
-1085
-712
-432
-624
-596
-405
243
1204
1173
2102
2762
2753
3435
3146
3146
3173
3253
3847
2971
2678
2191
1607
1312
899
885
622
904
1032
1089
1098
1051
1135
1625
1618
2183
2303
2668
2647
2582
2856
2736
3242
3450
3640
3868
3728
3555
3526
2922
2588
2427
2008
1605
1167
636
52
-471
-1094
-1567
-1577
-1592
-1272
-1544
-1478
-1846
-2016
-1779
-2128
-1897
-1895
-1917
-2056
-2230
-2913
-3408
-3368
-3540
-3066
-3706
-4050
-3455
-2851
-2319
-673
-89
15
583
1982
2335
2488
2832
3282
3679
2606
3110
2519
1703
1590
1597
1254
336
-132
227
-270
-617
-779
-1209
-931
-988
-437
-225
-210
343
506
1256
1115
1358
1579
2007
2414
2195
2142
1975
2320
1914
2232
2095
1448
1432
1114
804
572
394
326
398
276
170
96
324
177
472
807
758
1228
1396
1691
1829
1854
1884
1786
1956
1903
1807
1826
1423
1033
447
147
-173
-467
-683
-978
-1069
-1467
-1560
-1621
-1799
-1468
-1616
-1527
-1746
-2222
-2272
-2757
-3441
-3377
-4148
-4591
-5001
-5338
-5293
-5856
-5455
-4722
-4622
-4700
-4196
-4457
-2839
-2694
-1252
273
-149
710
866
510
-244
198
185
2
-193
278
-637
-625
-982
-1761
-1728
-2469
-2505
-2341
-1929
-1375
-891
-377
-499
216
510
458
621
877
1335
1161
1397
1422
827
929
666
915
755
200
275
-18
-111
-552
-721
-422
-682
-677
-415
-812
-1170
-1433
-1353
-1366
-1486
-1098
-997
-314
-240
-37
321
315
207
231
114
-398
-510
-532
-705
-847
-1150
-1055
-1148
-1361
-1471
-1501
-1094
-754
-793
-1238
-1274
-1524
-1380
-1661
-1269
-1409
-1620
-1529
-1564
-1836
-2051
-2205
-2290
-2300
-2647
-3088
-2737
-2993
-2535
-2442
-2182
-2603
-2837
-2620
-2614
-1901
-2178
-1716
-1202
-1176
-685
-1274
-1014
-1306
-1350
-917
-1273
-1192
-1091
-769
-43
-577
-602
-271
-494
-257
-227
-45
-129
36
422
398
519
685
597
1197
1164
1397
1650
1366
1778
1616
1945
1898
1894
1952
2040
2116
2227
2177
2353
2046
2224
2175
2366
2547
2472
2841
2796
2799
2629
2508
2358
2072
2277
1891
1829
1902
1451
1456
1432
897
1327
922
1404
1022
1174
1284
544
1167
1352
724
1590
764
819
1085
424
980
467
168
174
-198
197
-147
-381
-360
-1157
-145
-1215
-1490
-840
-1593
-2030
-1332
-2353
-1733
-2054
-2213
-1512
-2026
-1928
-1678
-2240
-1868
-2293
-2301
-1476
-2134
-1599
-2026
-1986
-1917
-2028
-1667
-755
-1621
-918
-1025
-956
-586
-849
-219
-37
-40
473
181
560
393
355
975
874
881
902
1060
1715
1326
1679
1757
1182
1440
1240
1184
1245
854
1545
1827
1939
1722
1950
1921
1960
2296
1871
2163
1739
2295
1848
1628
1753
1348
1363
1832
1290
1413
1414
1267
1874
1099
1454
1496
1347
1420
1555
1589
1285
1723
1016
1430
899
937
1168
422
719
280
-230
790
-302
-281
265
69
230
-61
950
535
545
1251
97
782
705
217
965
1056
154
1333
480
226
1033
-246
493
-24
-981
70
-852
-206
-1127
256
-494
-841
211
-574
-526
368
-257
-110
42
620
-107
1202
826
-513
463
136
-191
515
-800
569
-24
-1264
594
-1140
-168
-248
-748
1362
-540
461
1730
106
1034
1319
1093
1277
1209
973
807
1243
750
973
740
628
408
946
838
523
951
668
1113
664
1129
1154
680
1277
863
954
635
1703
564
1146
899
747
327
2255
-773
1392
878
-276
1681
-87
530
972
707
831
1315
765
673
1849
888
707
1498
541
1866
1658
-592
1729
264
501
712
279
674
-410
987
-729
259
-259
84
1575
-820
1326
-700
1856
-393
1169
-258
-46
398
-936
-38
-472
-2234
888
-2108
94
-982
-707
-54
-669
800
-382
847
1448
-687
1611
764
-511
2036
311
592
1833
-981
1418
-570
287
650
-941
743
-1665
53
-1248
-542
-66
-1341
583
-822
77
458
-604
1700
-665
1518
160
33
1371
-995
2129
311
-788
1675
-2307
646
-486
-1486
311
-2105
1180
-1692
-35
-349
-1142
-67
42
-320
505
1336
-228
804
85
-194
1627
415
80
1183
-77
257
2125
-2537
2258
-1119
-433
2702
-2070
1576
153
-189
1391
-1422
2040
-792
787
1269
-993
1209
163
-1156
1588
-1862
444
706
-1351
1484
-538
-683
1858
-886
82
1704
-1459
2457
-569
679
1365
-150
1780
-48
1055
1470
-232
1736
947
-256
1973
-93
524
239
400
-106
386
211
-2
733
-379
202
105
-127
603
-88
1246
-677
1590
81
68
864
-768
1101
-461
1360
16
389
-130
812
-372
-19
1073
-616
1248
1353
-529
1042
616
-1111
2210
-737
619
1264
270
223
1437
-1319
1296
-363
645
599
143
857
-304
366
1669
-1368
1803
-151
41
1620
-302
1313
246
-59
926
243
-270
642
-214
436
-56
-290
667
-1481
1823
-1355
977
559
-818
1852
-494
1230
979
-482
2016
-67
700
1413
-410
1611
1150
-63
981
258
31
1641
-151
1587
-619
847
931
-44
1070
-835
1224
52
-144
1406
-465
358
1406
-81
718
599
-273
621
761
611
-191
1210
-898
1081
215
96
1108
17
1008
1635
-847
1378
-174
601
1252
-32
1046
-46
91
1140
-972
816
388
358
1232
750
-188
1405
320
771
896
1633
513
1260
1619
99
1573
575
584
1104
-111
1475
-269
1132
203
698
-266
875
426
-400
2041
-1587
2038
-689
1170
266
677
784
677
1077
332
1433
285
1619
-253
973
452
266
416
1150
-743
1205
166
785
-274
1126
-515
1284
135
812
121
1248
-201
1452
-13
1013
-40
1607
-317
1132
-64
257
37
454
759
147
573
1274
3
1744
420
410
1767
-50
1419
412
828
37
757
294
-182
557
318
161
854
-23
-267
1739
-1599
1868
-560
210
1713
-1226
2138
-486
1085
652
431
1159
271
954
1141
-612
1349
-280
471
454
-380
890
-168
740
-480
1326
-584
1562
-265
1531
-4
1000
2090
-709
2779
-158
572
1886
-900
1848
53
511
513
258
-63
344
-165
558
919
-858
2044
-607
1597
546
1201
167
1802
95
1299
1670
31
2225
148
2244
-425
1601
248
832
277
1271
-204
763
777
449
605
604
422
1960
-157
2925
77
1895
1641
147
2307
46
1968
886
110
1650
463
-248
2696
-1779
2214
-1022
709
1223
-365
1781
-164
1962
660
999
936
1190
368
2741
-362
2792
-577
2068
-62
1767
205
1388
766
701
1538
-301
2032
-513
1356
640
1137
751
1725
301
1483
1030
1055
1589
503
1673
330
1675
-97
2476
-370
1266
1170
-725
2248
-939
2069
331
1032
1441
-90
2165
471
499
3458
-1396
4227
-820
2108
172
1481
262
1738
258
1300
201
1557
590
309
1579
609
321
2565
-782
2250
794
856
2484
284
1802
1052
1053
1688
862
1263
1543
202
1655
370
1348
750
303
1896
0
1110
1657
-841
3315
-891
1812
1825
-618
2911
166
853
1843
84
804
1908
-53
1473
638
1074
665
1469
-313
2293
-258
1836
-30
1632
220
995
1953
-168
2469
-528
1977
1301
359
1883
195
1282
278
1273
438
627
1515
-487
3267
-1864
3176
300
-153
3172
-856
1740
1020
933
1093
1245
867
1214
669
1219
1331
98
2295
-935
1894
669
-492
3026
-1710
3023
-765
1969
321
1550
668
1830
372
1720
1226
684
1560
580
1163
706
1499
361
1456
173
1913
217
827
2126
-943
2150
896
-126
1686
210
1606
403
2370
-220
1838
347
1268
173
2081
-680
1819
1123
-530
2507
-395
675
1251
507
241
2752
-1707
2939
-226
806
1507
-32
1250
762
947
873
1072
28
1235
739
332
1551
-176
1909
134
1277
1307
6
2066
102
1640
859
1406
673
1488
561
1238
1025
927
640
1585
-41
2093
214
1063
830
624
1499
-514
2211
-189
917
1707
68
1816
335
1383
897
700
1323
876
1221
1291
778
1137
617
1239
631
917
1314
-38
2221
-320
1439
1386
-606
3111
-749
2157
633
878
1259
750
1003
1023
1525
38
2474
-115
1475
1466
-105
1532
1060
-19
2381
-287
1522
1093
393
2246
-677
2562
-579
2653
-708
1914
1438
-493
2753
293
461
2042
311
982
2335
-513
2671
-9
1741
361
2022
148
1885
396
1635
229
1829
333
1624
1033
1905
81
2493
369
874
2574
-906
3138
-294
1586
963
1145
573
2338
-609
3122
-1207
2461
474
398
2764
-723
2243
1318
563
1385
1271
430
1769
971
1103
985
1410
321
2014
-50
2407
-679
3080
-524
1767
1341
190
2059
526
1256
1526
483
2495
-99
2189
923
610
2390
-86
2430
409
1466
1146
1668
593
1330
1109
623
1529
1202
932
1517
254
2689
-1364
3485
-1596
2850
517
675
2072
873
891
2581
-11
2566
547
1029
1975
-7
1821
633
691
1945
190
1339
2482
-1628
4127
-1279
2088
432
530
1437
626
1185
1504
45
2369
469
889
1787
-19
2089
866
1221
1534
458
1218
1517
246
1575
595
740
2375
-445
2893
-627
2786
-394
2858
-243
2273
463
1605
1188
185
2398
-436
2120
436
1052
863
1848
-118
2632
-382
1794
189
2485
-659
3480
-783
2800
390
809
1972
-419
2863
-529
2167
343
1348
1089
1004
1142
1412
-222
3279
-1354
3210
138
1429
1327
856
1185
1253
360
2077
832
853
2370
-327
2936
312
1763
449
2602
-919
2948
-33
1236
747
1391
466
1391
1023
290
2913
-853
2574
667
1078
1376
1057
1150
752
1962
822
286
3005
-1063
2568
1207
-9
2799
-1254
3283
-566
2033
1033
1943
-259
3565
-1144
2796
1436
109
2186
747
669
1493
1412
34
2925
-800
2344
533
856
2060
134
2072
821
978
1141
980
1423
431
2042
727
854
1842
48
2388
-130
2228
-335
2175
-203
1438
1556
-312
2672
260
1401
1110
1910
-72
2584
-18
1692
1039
1107
1279
1146
865
1392
1420
225
2700
-684
2965
-412
1619
843
525
950
2222
-646
3922
-1236
3087
-1
1606
1166
1949
-381
4231
-1680
3428
-572
3107
-485
2524
528
429
2317
-385
2654
-378
1008
1884
-471
2535
186
1125
1850
-7
1586
1391
204
2870
-501
2671
327
1707
956
1388
862
1096
2407
-937
3981
-1362
2689
1230
1036
1467
1777
-265
2527
132
1275
1532
679
1483
1232
1259
726
1702
1515
-55
3008
-453
858
2786
-1183
3210
-307
1815
-169
2856
-1137
3027
206
1124
1614
760
1500
459
1890
136
2018
-262
2397
-95
1481
1032
-37
2281
-90
443
3460
-1974
2977
1249
-975
3366
-430
951
2794
-977
2554
222
1123
746
1463
106
2370
-455
1652
1450
-583
2645
-541
2172
109
1696
97
1970
258
1440
662
1283
806
1073
1369
771
586
2392
-1221
3006
-360
1136
1907
-214
1927
617
1564
723
1829
764
1328
1769
350
2226
199
1884
889
1426
752
1710
974
794
2088
66
2079
842
991
1878
292
1318
1987
-202
1657
1900
-925
3502
-744
1895
734
1072
1155
1305
902
1356
770
861
1807
-805
3332
-808
2636
844
409
2673
-656
2439
390
1528
788
2193
-962
4214
-1791
2994
1024
-200
2889
-806
2328
359
1569
-57
2916
-811
2311
775
882
1133
1917
-1173
4417
-2777
4939
-2199
3626
-630
1789
947
1167
816
1241
1749
-328
2841
-384
1937
631
1983
-89
2368
6
1557
1263
1514
214
3159
-1219
3377
-1026
2680
-171
1807
119
2080
-181
2016
671
983
1802
748
1242
1571
1
2844
-650
2591
751
670
2261
-300
2576
-320
2857
-741
2738
-796
2399
21
1980
215
1781
1469
-44
1910
736
213
1942
1101
70
2896
-694
2014
1545
14
1829
1548
-264
2913
202
573
2795
-1261
2756
-457
2471
-214
2232
294
1786
-753
3158
-806
2280
1426
382
2863
-818
2415
-132
2399
-852
3641
-1387
3796
-1249
3263
-731
2205
596
707
2003
-524
2104
679
550
1317
1457
-35
2999
-931
3147
-801
2821
306
1076
1930
-392
2532
423
777
2365
-582
2099
1526
-471
2732
-449
1525
955
714
1258
1302
421
1824
212
1386
1023
1040
1458
1422
681
2094
397
867
2017
-669
2767
130
457
2712
-608
2210
944
695
1754
301
1394
1029
1130
1022
1498
339
1490
262
1397
509
2109
-897
4117
-1925
3234
-137
1179
1488
474
2091
-99
2916
-505
2251
147
1770
-395
2838
-945
2801
108
1804
730
992
680
1119
649
1665
562
1029
1701
-318
2125
591
943
1237
1120
1247
378
2706
-509
2409
698
626
2087
371
1213
1555
353
1280
969
436
1994
-673
2594
73
968
1432
1526
-529
3359
-1068
2194
510
1045
970
1079
574
899
1268
-44
1906
49
1177
727
1436
320
1960
40
1841
527
942
960
1196
834
1888
251
1921
346
1030
1345
309
1296
782
811
891
1377
143
1401
609
506
1409
513
1444
672
1680
52
2665
-93
1704
1389
-500
3021
-1070
2325
857
221
2080
-51
911
1438
-26
2306
-70
1880
138
1338
414
1313
905
712
2283
-565
3075
-981
2551
-6
1637
538
1756
-462
2072
-44
1084
750
1176
335
903
1265
149
1945
-164
2583
-524
2662
-139
1343
394
1351
99
2152
-732
2921
-912
2064
943
282
1503
526
1027
427
782
624
887
424
2162
-402
2329
-119
1894
78
2669
-651
2980
-524
1957
233
1583
477
1271
791
872
1340
262
1094
1725
-633
2436
338
388
1908
-520
1991
-24
1536
344
1288
213
1077
612
1498
364
1287
572
1381
-108
2283
-676
1713
513
1028
1451
1390
-325
2872
-903
1988
633
1398
287
2270
-137
1653
851
177
2144
-832
2659
-639
2097
-148
2272
-1402
3566
-1720
2536
303
900
1224
1225
268
1368
619
433
1708
-96
2646
-1437
3361
-559
1059
1251
1220
-858
4121
-1770
2574
1418
-447
1677
1856
-664
2459
221
580
1353
325
1777
496
756
1556
56
1088
1118
-257
1991
90
581
1391
-143
1017
1570
-655
2603
-681
1554
789
94
2080
-1071
2719
-359
1082
1142
275
939
1360
-282
2006
-69
1269
857
480
1340
324
1477
-565
2550
-1490
2840
-406
946
1296
-14
1346
620
-118
2106
-573
1611
509
505
521
1167
111
1522
277
1276
288
1695
-147
1706
1085
131
1847
241
732
1626
544
343
2205
-1758
3096
-1020
1594
471
1097
-23
2001
-706
1777
33
1422
20
1396
680
176
2223
-568
2164
-356
2289
-357
1867
279
889
911
999
376
1082
913
-10
2152
-671
1663
-217
1279
-266
1761
-695
2112
-287
1261
605
803
458
1169
411
624
1279
-92
1918
-260
1380
433
981
330
1539
-260
1376
557
422
1133
252
1125
728
934
710
856
553
1155
316
959
1143
94
1538
490
575
1112
542
1007
906
232
1099
865
532
1097
998
92
1663
317
814
854
893
312
2000
-694
1954
199
699
1167
687
617
1231
661
345
1435
-164
1786
184
1490
-272
2609
-1410
2861
-161
1158
1423
328
576
873
286
810
658
1199
80
1121
632
573
1344
-331
2413
-828
2047
142
1330
-361
2586
-1084
2373
-271
1687
-46
1759
611
78
2228
-312
669
1976
-343
792
1868
-527
954
1400
-108
1179
1470
-217
1352
908
615
1082
889
874
572
1002
611
337
1421
121
496
1976
-1149
1810
769
-399
2274
-706
1226
620
318
988
924
-320
2309
-971
2571
-613
1656
582
128
1597
-34
152
3068
-1980
3023
-179
-115
2227
-668
1785
169
845
714
1087
-672
2643
-2064
3194
-779
780
1502
-393
1478
303
541
959
256
1414
281
693
1117
-521
2149
-651
2145
-846
2706
-862
989
1916
-1459
2437
466
-208
1699
927
-1301
3436
-1733
2011
302
758
-41
2509
-1860
3056
-1309
1584
255
615
845
856
-25
1625
-439
1332
203
1033
949
48
1265
5
1267
-318
2109
-1255
2237
-266
1146
717
1151
135
1903
253
857
806
1251
-170
2130
229
62
2280
-1390
2238
-209
1126
412
1365
-503
2298
-885
2059
140
394
1460
-110
1362
-29
2227
-1193
2573
-62
804
646
1394
-856
2988
-1494
2029
-398
918
405
1253
-212
1194
539
-266
2350
-1564
2775
-777
1150
1064
-62
1248
608
622
586
1537
-418
1275
1256
-353
1318
708
-475
1632
954
-1120
2781
-823
337
1857
-592
361
1527
-352
1018
1011
-545
1680
-591
1879
-696
1469
204
702
864
337
393
1075
-298
1907
-913
2104
-361
971
1144
-528
1290
536
282
693
824
-326
1345
49
563
562
759
466
594
1538
-697
1933
202
229
1559
45
426
2097
-1164
2167
79
849
417
1756
-938
1967
-223
910
1017
-570
2126
-1128
2202
-366
1361
537
1091
-36
2554
-1311
2273
-78
813
940
375
1212
492
827
1239
-344
2103
-143
864
1582
372
363
1717
-104
602
927
723
222
1224
426
403
608
1024
-629
1875
-112
-55
1598
-427
834
1044
77
698
1197
-669
1604
315
399
825
998
-716
1498
-218
455
1260
-36
318
1887
-1387
2187
-44
28
1646
60
-390
2150
-1142
1234
819
451
-59
1777
-705
969
1122
-288
1425
136
900
-151
1348
-107
705
468
649
10
1286
-257
1086
183
487
784
-193
1767
-364
786
1175
-782
1575
283
119
1078
677
-248
1629
-372
1131
14
899
146
1058
-121
780
947
-199
1411
288
114
1746
-1366
2345
-651
1048
413
564
614
328
610
936
145
555
975
219
613
1106
-82
791
1056
-185
1342
688
372
400
1647
-719
1113
1012
-208
1055
957
-715
2260
-1612
2230
354
-283
2095
-901
1735
-1096
2888
-1796
2242
-48
281
970
274
242
1070
160
504
723
683
-404
1786
-33
-302
1634
-367
311
1091
232
91
1317
529
-796
2416
-1237
787
1011
303
-814
2286
-864
182
2205
-1651
2099
-125
414
1132
-987
2730
-1990
2216
82
-390
1502
-351
315
426
1354
-1896
2845
-601
-475
2255
-1517
1233
83
284
930
-288
952
473
-809
2769
-2008
1485
1315
-1151
1463
218
-70
762
285
697
199
587
-66
997
-260
792
134
802
-70
774
277
93
1085
-235
915
226
127
745
-228
1017
221
150
1003
-522
1331
-926
2184
-1120
1092
526
-853
1434
-387
418
1262
-812
1093
323
-383
986
724
-812
2459
-1466
1512
828
-1229
2176
-823
948
-88
1002
-624
1280
106
153
1283
-738
1145
799
-1141
2526
-1915
1824
517
-583
1865
-792
1286
-311
1126
111
-205
1566
-737
723
719
-271
709
341
541
-182
1356
290
-566
2116
-1418
1306
907
-861
2257
-1334
1812
-130
197
1412
-547
1182
235
261
764
207
821
-233
977
-97
59
1684
-1622
2067
-830
540
262
353
140
690
429
117
544
439
54
835
108
601
546
96
1383
-1286
2145
-1146
184
2468
-2350
1790
1219
-1586
1826
801
-1614
2377
-979
746
497
137
296
702
-423
668
457
-180
1087
226
-82
709
105
270
553
-511
1558
-642
879
647
47
446
766
148
63
842
-134
374
855
-36
257
705
333
-244
947
-10
132
365
1169
-1179
1886
-595
511
-30
790
-269
515
750
434
-503
1707
-542
484
668
453
-971
2055
-865
152
1427
-802
475
804
-484
825
117
81
604
89
321
247
165
634
-346
1231
-466
896
506
-393
1413
-139
-173
1093
-266
259
438
510
-375
979
-408
615
668
-429
1347
-1046
1629
-946
1208
-471
1118
-807
1116
-227
306
129
167
820
-563
1416
-805
1142
-428
309
659
-690
1341
-639
685
419
-438
1084
-977
1143
-11
-407
1422
-906
805
-192
1269
-1653
2026
-300
-1369
3009
-2168
952
777
-490
567
32
795
-1137
1176
38
-317
1259
-326
687
-421
999
-645
621
633
-663
1061
-378
414
441
-408
1111
-755
732
569
-358
1035
67
2
480
427
-758
1421
-254
122
410
274
-569
765
233
-324
571
696
-1237
2365
-1616
1316
212
-1007
1873
-1174
423
879
-393
137
1096
-257
-305
1565
-400
-494
1707
-1758
957
336
-556
555
45
-180
530
116
-356
1089
-240
-1
1146
-694
96
918
-1189
1759
-1200
1394
-92
-239
1110
-637
925
-169
434
64
318
328
12
565
-435
226
114
-165
1219
-1445
2346
-927
-27
1081
-962
909
-191
314
362
-331
570
719
-1114
1542
-778
514
321
224
-45
500
-682
1422
-1152
1062
388
-1031
1946
-938
-204
1187
-714
-179
1619
-1594
964
267
-644
1296
-1348
1498
-828
532
527
-923
1556
-728
744
694
-868
795
-382
519
-491
1018
-707
871
-83
148
126
-374
1050
-710
751
-162
-262
552
-253
544
-652
787
53
-415
1256
-695
73
1021
-1143
1035
34
-729
1544
-728
273
657
-451
356
73
76
31
640
-544
1152
-674
332
439
-490
678
-504
669
-426
392
778
-1064
1374
-393
11
689
-445
253
-138
514
-35
-290
1055
-1420
791
325
-421
335
417
-113
-223
216
100
-385
784
-550
896
-545
18
1010
-1249
1650
-1090
950
-341
285
206
4
148
171
-401
-358
663
-1110
1297
-1134
792
142
-890
1022
147
-1145
1638
-878
-152
923
-419
-164
946
-412
2
452
359
-563
614
444
-1135
963
117
-1010
1476
-894
603
-37
354
-203
401
195
-263
567
-349
122
533
-577
1072
-101
-849
1687
-1063
692
618
-1201
