12
13
12
11
12
11
7
9
10
11
9
7
7
9
12
12
9
8
7
8
9
8
8
5
6
6
7
8
5
5
5
7
7
7
5
4
4
5
5
5
4
5
6
7
9
8
7
5
6
5
7
9
8
9
6
4
4
5
6
9
11
11
11
10
11
11
11
10
8
7
10
11
11
11
11
11
11
12
10
8
7
8
9
10
11
10
9
7
9
11
10
11
11
9
11
10
9
9
8
9
11
11
10
10
8
11
13
12
11
12
10
10
11
12
12
11
8
5
4
6
8
8
8
7
5
6
9
13
14
12
9
6
9
11
11
11
7
7
8
9
11
10
11
9
5
2
6
10
10
8
3
3
5
7
6
6
5
5
7
9
10
10
9
7
5
8
8
9
11
11
11
12
11
8
5
5
5
3
4
6
8
10
11
10
8
6
6
9
11
13
12
9
8
10
8
9
8
7
8
7
9
8
7
5
2
2
3
4
4
4
4
5
7
9
7
6
4
5
7
11
10
9
8
6
7
9
9
9
9
8
7
7
8
6
5
3
3
2
1
5
6
6
6
6
8
9
8
6
6
6
8
9
9
6
5
5
6
5
5
4
-2
0
4
4
4
2
-2
-2
0
1
1
0
0
-1
-1
2
4
2
0
-3
-5
-4
0
3
2
2
-2
-3
-1
1
0
-5
-8
-8
-6
-3
-1
-3
-5
-6
-7
-5
-2
-1
-2
-2
-3
-5
-4
-2
-1
-3
-2
-2
-3
-2
-3
-4
-3
-2
-3
-2
-1
-3
-4
-5
-5
-4
-4
-4
-4
-4
-5
-5
-4
-4
-4
-6
-7
-3
-2
-2
-4
-5
-5
-4
-6
-6
-5
-3
-4
-2
-2
-3
-4
-3
-4
-2
-4
-5
-4
-4
-6
-5
-6
-7
-5
-6
-6
-5
-4
-3
-6
-8
-7
-6
-2
0
-1
-1
-3
-6
-7
-5
-3
-5
-8
-10
-11
-8
-4
-6
-7
-7
-7
-8
-10
-9
-9
-9
-10
-10
-9
-9
-8
-6
-5
-6
-6
-9
-10
-8
-8
-8
-11
-14
-12
-9
-8
-8
-8
-11
-11
-13
-14
-14
-14
-14
-13
-12
-14
-13
-11
-10
-9
-10
-11
-11
-9
-9
-10
-10
-11
-10
-9
-9
-9
-7
-8
-5
-7
-7
-6
-5
-5
-7
-8
-7
-7
-6
-6
-5
-4
-6
-5
-6
-5
-5
-5
-4
-5
-5
-6
-8
-6
-6
-4
-3
-2
-4
-7
-9
-8
-7
-4
-4
-4
-3
-3
-4
-7
-9
-8
-6
-8
-8
-7
-5
-5
-6
-7
-6
-6
-6
-6
-5
-7
-7
-8
-9
-10
-12
-11
-9
-10
-9
-9
-9
-12
-13
-12
-9
-8
-11
-12
-11
-9
-7
-8
-8
-9
-9
-9
-13
-11
-9
-9
-10
-12
-12
-11
-10
-11
-12
-12
-11
-8
-5
-5
-5
-5
-5
-7
-8
-9
-8
-6
-4
-5
-7
-8
-8
-4
-2
-4
-8
-12
-14
-11
-7
-5
-7
-11
-12
-9
-5
-4
-6
-6
-7
-7
-6
-5
-6
-6
-5
-4
-3
-4
-5
-5
-5
-2
-4
-7
-8
-8
-3
-3
-5
-6
-6
-7
-6
-1
2
0
0
-6
-8
-8
-4
-1
-1
-1
-2
-4
-5
-7
-8
-9
-9
-9
-9
-7
-6
-5
-4
-5
-7
-7
-9
-7
-6
-4
-2
-3
-2
-6
-7
-5
-6
-5
-5
-5
-4
-2
-1
-2
-2
-4
-4
-3
-1
0
3
3
2
-1
-3
0
1
-1
-3
-4
-3
-3
-6
-5
-3
-1
0
-1
-6
-7
-5
-2
1
0
-2
-5
-4
-1
3
4
2
-2
-4
-3
1
1
0
-4
-5
-3
1
2
0
1
2
1
0
-2
-3
0
1
6
7
5
3
1
2
4
3
1
1
3
6
6
5
1
1
-1
-1
3
5
7
9
6
4
3
4
4
5
4
6
7
5
4
4
4
0
-3
-3
0
3
5
4
1
1
3
3
4
4
4
2
2
3
4
4
4
3
3
2
3
5
4
4
3
2
2
3
2
2
1
4
8
9
8
4
3
2
4
4
3
1
1
2
4
4
2
2
3
2
4
2
-2
-2
-3
-2
0
0
-3
-2
-1
3
2
-1
-5
-8
-5
-2
-1
-1
0
-2
-1
-2
-2
0
0
1
2
3
3
3
3
-2
-6
-6
-7
-4
-2
-1
0
-1
-3
-5
-5
-3
-2
-2
-3
-2
-2
-1
0
0
-1
-3
-6
-8
-7
-4
-5
-6
-10
-9
-7
-6
-5
-7
-8
-8
-4
-2
0
0
-1
-1
-1
-4
-9
-10
-6
-4
-5
-4
-4
-4
-4
-7
-8
-10
-10
-6
-7
-5
-5
-5
-7
-8
-7
-7
-6
-8
-8
-5
-2
0
-4
-5
-7
-7
-5
-5
-6
-8
-7
-6
-4
-5
-7
-9
-11
-9
-5
-5
-7
-7
-8
-5
-4
-5
-7
-7
-7
-6
-5
-6
-7
-8
-10
-11
-7
-5
-6
-8
-11
-11
-10
-5
-5
-9
-11
-12
-12
-7
-4
-6
-9
-12
-13
-12
-11
-10
-8
-7
-4
-4
-7
-10
-8
-8
-7
-4
-5
-5
-4
-5
-5
-4
-4
-3
-5
-7
-6
-6
-6
-8
-9
-7
-6
-5
-5
-4
-5
-7
-7
-5
-5
-1
-3
-4
-3
-4
-7
-8
-10
-10
-8
-6
-5
-7
-9
-8
-12
-10
-8
-10
-10
-12
-12
-9
-5
-4
-6
-8
-11
-9
-10
-9
-7
-7
-10
-10
-12
-14
-14
-15
-15
-15
-14
-11
-10
-10
-11
-13
-13
-13
-10
-11
-12
-10
-11
-11
-12
-14
-14
-12
-9
-8
-10
-13
-13
-11
-12
-15
-16
-18
-16
-14
-11
-10
-12
-14
-14
-15
-15
-15
-14
-15
-15
-15
-14
-13
-13
-12
-13
-14
-16
-15
-15
-13
-14
-15
-13
-14
-13
-11
-13
-13
-13
-12
-13
-13
-12
-11
-11
-12
-12
-12
-14
-15
-14
-13
-14
-16
-17
-19
-18
-17
-16
-16
-18
-18
-17
-14
-13
-13
-13
-13
-11
-11
-12
-15
-18
-19
-16
-11
-10
-11
-13
-15
-17
-16
-17
-17
-17
-16
-14
-12
-12
-12
-15
-15
-15
-16
-17
-17
-19
-19
-17
-16
-16
-16
-19
-21
-23
-23
-21
-18
-15
-13
-17
-21
-18
-17
-17
-16
-17
-16
-14
-13
-13
-11
-14
-16
-16
-14
-13
-13
-14
-17
-16
-18
-18
-16
-18
-16
-13
-13
-15
-18
-24
-23
-23
-22
-19
-17
-18
-20
-19
-20
-19
-20
-24
-23
-21
-20
-17
-13
-13
-14
-17
-18
-19
-18
-21
-20
-22
-21
-19
-17
-17
-20
-21
-22
-21
-21
-20
-15
-13
-15
-18
-20
-20
-20
-19
-19
-18
-15
-16
-18
-19
-19
-18
-19
-21
-24
-22
-20
-19
-17
-17
-21
-23
-22
-20
-19
-19
-17
-17
-15
-17
-18
-20
-19
-18
-17
-17
-16
-15
-15
-15
-15
-18
-20
-20
-20
-18
-16
-15
-18
-20
-20
-19
-20
-20
-21
-20
-16
-15
-19
-19
-16
-16
-16
-17
-20
-20
-19
-17
-17
-15
-14
-12
-16
-17
-20
-20
-18
-19
-17
-15
-15
-16
-17
-17
-16
-16
-17
-17
-15
-11
-12
-14
-18
-19
-16
-14
-15
-17
-16
-16
-15
-15
-15
-15
-16
-16
-16
-15
-15
-14
-16
-14
-15
-15
-15
-13
-13
-12
-13
-13
-15
-17
-18
-18
-20
-18
-16
-15
-13
-12
-12
-13
-14
-14
-15
-17
-17
-18
-16
-12
-13
-18
-21
-19
-16
-14
-13
-15
-15
-14
-13
-13
-15
-17
-18
-14
-14
-14
-12
-12
-12
-12
-13
-12
-16
-16
-14
-13
-11
-11
-13
-14
-11
-11
-11
-9
-12
-14
-14
-14
-12
-11
-14
-15
-18
-16
-15
-16
-16
-17
-20
-18
-16
-15
-12
-13
-15
-16
-18
-16
-17
-15
-12
-10
-11
-13
-12
-14
-14
-12
-11
-11
-10
-10
-9
-10
-10
-11
-13
-14
-12
-11
-11
-12
-10
-9
-11
-13
-12
-12
-12
-11
-12
-13
-13
-12
-10
-9
-8
-11
-12
-12
-10
-12
-12
-12
-12
-9
-9
-10
-10
-11
-10
-9
-10
-13
-13
-14
-11
-9
-11
-12
-12
-13
-12
-13
-14
-14
-12
-11
-11
-10
-15
-14
-13
-12
-10
-11
-12
-12
-9
-10
-12
-13
-14
-13
-13
-12
-12
-11
-10
-11
-12
-8
-8
-10
-9
-12
-12
-12
-10
-10
-9
-9
-9
-12
-12
-12
-12
-14
-13
-12
-10
-8
-8
-11
-11
-9
-7
-8
-11
-12
-11
-11
-12
-12
-14
-13
-14
-15
-13
-13
-15
-15
-14
-14
-15
-15
-13
-10
-7
-7
-10
-14
-14
-12
-12
-12
-13
-15
-14
-12
-11
-14
-14
-15
-12
-12
-13
-14
-12
-11
-11
-12
-12
-10
-9
-10
-9
-11
-11
-11
-13
-13
-13
-14
-17
-16
-16
-15
-16
-14
-14
-12
-11
-14
-16
-16
-17
-16
-15
-15
-16
-15
-13
-13
-14
-16
-18
-19
-16
-15
-16
-15
-18
-17
-16
-15
-13
-15
-16
-16
-15
-14
-13
-13
-16
-14
-12
-12
-13
-13
-14
-12
-11
-13
-14
-15
-17
-16
-16
-16
-15
-15
-14
-12
-11
-13
-14
-17
-17
-15
-16
-14
-15
-17
-16
-15
-15
-12
-10
-10
-12
-13
-16
-15
-17
-15
-13
-12
-13
-14
-18
-18
-16
-17
-17
-16
-15
-12
-11
-15
-18
-19
-18
-16
-15
-14
-16
-15
-15
-12
-10
-14
-16
-19
-17
-16
-14
-14
-14
-14
-15
-14
-17
-18
-17
-17
-15
-15
-15
-14
-16
-16
-16
-16
-17
-15
-15
-17
-17
-16
-15
-13
-11
-12
-12
-12
-12
-13
-13
-12
-13
-14
-13
-11
-11
-11
-12
-14
-13
-13
-10
-9
-9
-11
-11
-10
-11
-10
-13
-13
-12
-12
-12
-15
-16
-13
-11
-10
-12
-16
-20
-19
-17
-16
-14
-15
-16
-14
-14
-16
-16
-17
-17
-14
-14
-15
-13
-15
-16
-16
-14
-13
-14
-19
-20
-17
-15
-12
-15
-17
-19
-18
-17
-16
-16
-18
-17
-16
-15
-11
-11
-13
-16
-16
-15
-14
-16
-18
-18
-18
-15
-13
-12
-14
-17
-17
-18
-16
-15
-15
-17
-18
-17
-14
-16
-17
-15
-17
-17
-17
-18
-19
-18
-19
-18
-16
-16
-14
-14
-14
-12
-16
-20
-21
-19
-17
-15
-15
-16
-17
-19
-18
-20
-19
-16
-17
-21
-23
-23
-20
-19
-19
-21
-21
-21
-19
-17
-16
-16
-17
-21
-22
-20
-20
-18
-20
-19
-18
-14
-14
-14
-18
-24
-21
-18
-19
-17
-21
-25
-24
-23
-21
-17
-17
-19
-20
-19
-16
-15
-18
-20
-19
-19
-15
-14
-14
-14
-17
-18
-20
-20
-18
-17
-18
-18
-18
-19
-18
-19
-21
-24
-24
-22
-21
-18
-17
-17
-19
-21
-22
-20
-17
-16
-17
-19
-17
-17
-17
-16
-21
-25
-26
-25
-22
-19
-18
-17
-16
-15
-16
-17
-19
-21
-22
-25
-22
-17
-15
-13
-16
-19
-21
-22
-21
-21
-19
-20
-21
-22
-20
-21
-19
-19
-21
-23
-22
-20
-20
-20
-21
-21
-21
-19
-20
-24
-24
-21
-20
-18
-16
-17
-20
-20
-20
-20
-20
-22
-21
-22
-21
-20
-18
-17
-15
-16
-16
-16
-17
-20
-22
-21
-20
-19
-18
-18
-19
-20
-22
-19
-20
-21
-21
-21
-18
-17
-17
-20
-20
-17
-15
-16
-18
-19
-19
-17
-18
-15
-17
-21
-21
-20
-16
-16
-15
-14
-14
-13
-14
-15
-17
-17
-18
-21
-19
-17
-16
-13
-14
-13
-16
-18
-18
-15
-13
-12
-12
-17
-17
-15
-11
-12
-14
-13
-13
-13
-10
-11
-13
-14
-15
-14
-13
-10
-11
-13
-13
-13
-12
-9
-8
-9
-10
-11
-11
-9
-10
-12
-11
-10
-10
-6
-8
-8
-9
-11
-11
-12
-11
-12
-12
-12
-13
-13
-13
-13
-13
-15
-13
-12
-11
-10
-9
-9
-9
-9
-12
-12
-10
-11
-11
-11
-7
-6
-7
-9
-9
-11
-10
-9
-7
-7
-11
-14
-15
-10
-7
-6
-7
-9
-10
-9
-8
-8
-8
-6
-4
-4
-4
-6
-8
-10
-11
-12
-9
-11
-13
-13
-12
-10
-8
-10
-11
-10
-10
-10
-10
-10
-11
-8
-5
-5
-4
-3
-4
-7
-9
-10
-10
-8
-8
-7
-9
-13
-13
-13
-14
-12
-12
-13
-13
-13
-12
-9
-7
-11
-13
-12
-8
-9
-8
-8
-8
-10
-10
-10
-9
-7
-7
-8
-10
-11
-10
-11
-12
-11
-8
-6
-6
-7
-9
-12
-12
-12
-10
-8
-7
-4
-4
-7
-7
-9
-7
-5
-3
-3
-3
-2
-1
-3
-6
-8
-9
-9
-9
-7
-8
-7
-9
-9
-8
-8
-7
-10
-10
-8
-7
-7
-9
-8
-7
-8
-7
-9
-10
-11
-10
-10
-10
-10
-11
-10
-11
-10
-8
-9
-10
-10
-9
-5
-3
-2
-3
-5
-7
-6
-6
-8
-8
-9
-11
-11
-10
-11
-9
-10
-12
-12
-12
-12
-11
-12
-14
-10
-9
-11
-12
-11
-11
-11
-11
-13
-14
-15
-15
-14
-12
-12
-11
-12
-12
-12
-12
-13
-15
-13
-14
-14
-12
-13
-12
-13
-14
-14
-12
-13
-11
-11
-13
-14
-16
-14
-11
-10
-10
-9
-10
-10
-8
-10
-14
-16
-16
-14
-14
-14
-14
-15
-17
-17
-16
-17
-17
-15
-14
-11
-11
-9
-10
-10
-10
-11
-12
-14
-16
-15
-13
-10
-13
-15
-18
-18
-17
-14
-13
-15
-13
-14
-15
-12
-10
-9
-12
-15
-18
-18
-13
-12
-11
-14
-17
-19
-19
-17
-15
-15
-17
-20
-22
-20
-18
-18
-21
-21
-22
-20
-20
-20
-21
-20
-20
-24
-25
-27
-27
-26
-25
-23
-24
-25
-25
-26
-27
-26
-25
-24
-23
-23
-22
-21
-20
-19
-20
-22
-24
-24
-23
-22
-21
-21
-24
-23
-24
-23
-22
-22
-25
-27
-27
-24
-21
-20
-21
-24
-23
-23
-22
-22
-21
-22
-20
-18
-18
-19
-21
-22
-21
-20
-21
-19
-19
-19
-20
-18
-18
-21
-21
-21
-21
-23
-22
-22
-22
-24
-27
-29
-28
-25
-23
-22
-21
-23
-22
-24
-23
-24
-25
-25
-24
-23
-22
-20
-20
-18
-20
-23
-25
-22
-21
-22
-21
-22
-20
-20
-21
-21
-23
-23
-23
-21
-24
-22
-23
-23
-23
-21
-18
-20
-21
-22
-20
-18
-17
-18
-20
-20
-23
-21
-17
-16
-18
-20
-22
-21
-20
-17
-16
-20
-21
-21
-18
-16
-18
-18
-19
-18
-18
-17
-14
-13
-14
-16
-15
-16
-19
-21
-22
-21
-18
-16
-17
-18
-22
-23
-21
-18
-14
-16
-19
-17
-15
-12
-10
-10
-13
-17
-19
-17
-11
-8
-8
-11
-12
-12
-13
-14
-14
-12
-13
-12
-11
-11
-8
-7
-8
-8
-10
-10
-8
-10
-9
-9
-12
-10
-9
-5
-3
-6
-9
-12
-11
-10
-11
-11
-12
-10
-10
-9
-8
-6
-8
-10
-11
-10
-7
-6
-6
-8
-11
-10
-7
-8
-9
-9
-10
-7
-5
-6
-8
-10
-11
-10
-11
-12
-13
-14
-11
-10
-12
-14
-16
-16
-13
-10
-11
-10
-11
-11
-11
-12
-13
-14
-12
-8
-8
-8
-10
-10
-10
-11
-11
-12
-14
-17
-17
-13
-8
-4
-4
-8
-11
-14
-13
-12
-9
-7
-9
-10
-8
-8
-6
-7
-10
-11
-12
-9
-6
-8
-11
-11
-10
-8
-6
-5
-7
-8
-8
-8
-9
-10
-7
-6
-6
-6
-8
-7
-7
-7
-9
-11
-11
-12
-10
-7
-6
-7
-8
-9
-10
-10
-8
-8
-7
-7
-8
-11
-15
-13
-11
-8
-8
-10
-11
-9
-8
-8
-10
-10
-8
-7
-6
-6
-6
-8
-9
-10
-8
-6
-3
-7
-11
-11
-11
-11
-12
-10
-7
-5
-5
-6
-8
-9
-10
-10
-6
-6
-7
-9
-11
-8
-8
-9
-13
-15
-13
-10
-7
-11
-13
-13
-13
-12
-13
-14
-14
-11
-11
-10
-9
-10
-10
-13
-13
-11
-10
-11
-15
-16
-13
-11
-9
-10
-13
-12
-12
-9
-10
-11
-11
-12
-11
-12
-12
-9
-9
-8
-10
-10
-13
-13
-14
-14
-15
-15
-14
-12
-12
-12
-12
-14
-17
-18
-15
-13
-11
-12
-10
-8
-8
-11
-13
-15
-14
-12
-12
-10
-9
-9
-12
-11
-13
-14
-14
-14
-12
-9
-11
-14
-15
-12
-10
-10
-11
-10
-10
-12
-12
-11
-10
-9
-9
-12
-15
-14
-10
-5
-6
-8
-12
-15
-14
-12
-10
-11
-12
-12
-14
-14
-15
-14
-14
-15
-14
-13
-12
-12
-13
-12
-12
-14
-13
-14
-13
-10
-12
-14
-13
-14
-13
-12
-12
-12
-14
-13
-15
-16
-16
-13
-12
-12
-14
-14
-12
-8
-5
-6
-9
-10
-8
-8
-8
-7
-9
-10
-8
-7
-7
-8
-9
-10
-10
-11
-12
-11
-10
-9
-9
-7
-6
-7
-8
-9
-10
-9
-11
-12
-11
-10
-7
-12
-11
-12
-10
-9
-11
-10
-11
-9
-9
-10
-10
-11
-12
-12
-11
-10
-11
-11
-8
-9
-9
-10
-12
-12
-11
-10
-12
-10
-11
-11
-12
-12
-12
-11
-7
-8
-10
-11
-12
-14
-12
-13
-16
-17
-17
-15
-13
-12
-14
-20
-21
-20
-17
-16
-14
-12
-11
-10
-9
-12
-13
-12
-12
-13
-14
-12
-13
-11
-12
-12
-12
-14
-15
-16
-16
-14
-11
-11
-13
-15
-18
-18
-15
-16
-15
-16
-16
-14
-14
-16
-17
-16
-14
-12
-14
-16
-18
-18
-15
-13
-14
-17
-20
-19
-18
-15
-14
-15
-16
-19
-18
-16
-13
-12
-13
-15
-15
-16
-17
-16
-17
-18
-21
-20
-19
-17
-15
-17
-19
-22
-21
-18
-16
-17
-17
-17
-14
-12
-13
-14
-14
-13
-16
-17
-17
-16
-14
-14
-13
-16
-17
-17
-15
-16
-17
-18
-20
-18
-17
-18
-18
-18
-19
-19
-19
-18
-17
-19
-18
-16
-15
-14
-16
-18
-17
-16
-14
-15
-16
-19
-19
-15
-14
-16
-17
-19
-21
-21
-21
-21
-20
-16
-15
-17
-17
-20
-20
-20
-17
-16
-16
-18
-21
-22
-21
-19
-18
-19
-22
-23
-23
-21
-19
-18
-18
-19
-19
-20
-21
-17
-16
-17
-19
-21
-18
-18
-17
-18
-20
-20
-21
-21
-22
-20
-19
-19
-22
-23
-23
-21
-19
-17
-17
-19
-20
-20
-17
-14
-11
-11
-14
-14
-18
-17
-18
-17
-16
-17
-16
-16
-14
-14
-13
-16
-17
-18
-16
-15
-15
-15
-17
-16
-13
-13
-12
-15
-16
-10
-8
-9
-11
-14
-14
-14
-10
-8
-8
-10
-13
-14
-13
-11
-12
-12
-12
-13
-13
-17
-18
-16
-15
-15
-12
-13
-10
-10
-12
-13
-12
-12
-14
-15
-14
-12
-10
-11
-13
-13
-13
-14
-15
-16
-12
-12
-12
-14
-15
-14
-14
-12
-13
-12
-13
-13
-11
-10
-10
-11
-11
-12
-13
-14
-17
-15
-13
-11
-11
-13
-13
-14
-14
-11
-8
-8
-9
-10
-11
-10
-7
-6
-7
-9
-11
-14
-13
-12
-11
-11
-10
-10
-12
-12
-11
-10
-8
-8
-10
-11
-10
-8
-8
-9
-9
-10
-8
-4
-3
-4
-7
-10
-10
-10
-10
-12
-13
-12
-13
-12
-8
-8
-11
-11
-11
-10
-12
-14
-17
-18
-15
-11
-8
-6
-8
-12
-14
-12
-12
-11
-12
-13
-12
-12
-12
-14
-13
-13
-11
-12
-12
-13
-15
-15
-15
-16
-15
-16
-18
-18
-15
-15
-13
-15
-14
-13
-13
-14
-13
-11
-12
-14
-15
-15
-13
-12
-11
-12
-15
-17
-15
-14
-14
-14
-15
-15
-13
-13
-13
-15
-16
-16
-17
-17
-15
-16
-13
-13
-15
-15
-16
-16
-14
-12
-15
-15
-14
-15
-13
-13
-15
-14
-15
-14
-15
-18
-17
-15
-15
-13
-12
-12
-15
-18
-20
-18
-16
-14
-13
-13
-14
-16
-16
-17
-16
-14
-16
-15
-13
-14
-12
-11
-13
-16
-19
-22
-22
-20
-19
-16
-13
-15
-17
-18
-20
-18
-16
-18
-19
-21
-21
-17
-15
-15
-15
-16
-18
-19
-20
-19
-18
-19
-17
-16
-14
-13
-14
-14
-15
-19
-21
-22
-22
-17
-14
-12
-13
-18
-20
-20
-19
-16
-16
-17
-19
-17
-16
-15
-18
-20
-20
-20
-19
-17
-16
-17
-17
-17
-17
-19
-18
-19
-20
-16
-14
-15
-16
-18
-19
-18
-16
-16
-18
-19
-20
-18
-16
-14
-11
-15
-16
-19
-16
-14
-12
-13
-17
-15
-15
-16
-16
-17
-17
-18
-19
-19
-17
-19
-16
-14
-15
-17
-18
-17
-15
-14
-15
-15
-15
-14
-13
-13
-13
-14
-16
-14
-13
-16
-18
-19
-16
-14
-12
-15
-20
-21
-19
-17
-17
-17
-18
-15
-12
-13
-14
-12
-12
-12
-11
-10
-10
-8
-8
-10
-10
-9
-8
-7
-8
-8
-8
-11
-14
-13
-14
-12
-9
-8
-7
-7
-7
-6
-6
-6
-8
-9
-10
-10
-11
-12
-8
-5
-7
-7
-9
-9
-7
-7
-8
-9
-11
-10
-10
-8
-9
-9
-8
-6
-5
-6
-8
-10
-11
-7
-5
-7
-7
-8
-8
-7
-6
-8
-8
-6
-5
-5
-5
-7
-11
-12
-10
-11
-11
-8
-7
-5
0
-1
-5
-7
-8
-10
-10
-10
-9
-6
-4
-8
-11
-10
-7
-6
-7
-12
-16
-14
-12
-13
-12
-12
-10
-11
-8
-6
-8
-8
-10
-10
-9
-9
-11
-14
-16
-11
-10
-9
-8
-9
-11
-12
-12
-13
-13
-12
-12
-13
-14
-16
-14
-11
-10
-12
-14
-16
-17
-15
-14
-15
-18
-20
-19
-15
-12
-12
-14
-14
-13
-12
-12
-13
-16
-17
-17
-19
-17
-18
-16
-17
-19
-22
-22
-22
-21
-19
-19
-18
-19
-19
-20
-18
-19
-18
-15
-18
-19
-19
-22
-22
-21
-21
-19
-21
-23
-23
-23
-23
-21
-23
-21
-21
-24
-25
-27
-26
-24
-20
-20
-23
-26
-26
-23
-21
-23
-25
-27
-25
-23
-20
-19
-19
-20
-23
-25
-26
-28
-30
-28
-26
-25
-25
-26
-25
-26
-27
-30
-30
-28
-29
-27
-24
-21
-23
-22
-23
-25
-25
-24
-24
-24
-25
-27
-26
-25
-24
-25
-28
-30
-31
-29
-27
-26
-27
-27
-25
-24
-24
-25
-26
-28
-29
-31
-31
-30
-29
-29
-27
-25
-26
-28
-31
-32
-28
-27
-27
-27
-28
-27
-27
-26
-26
-25
-26
-26
-27
-26
-22
-22
-21
-24
-26
-26
-26
-23
-22
-24
-25
-24
-24
-23
-21
-24
-26
-29
-30
-29
-27
-26
-26
-25
-26
-24
-25
-28
-29
-30
-25
-22
-24
-24
-23
-22
-21
-22
-25
-27
-25
-24
-24
-24
-22
-24
-23
-24
-25
-22
-20
-19
-18
-18
-18
-17
-19
-20
-19
-17
-18
-19
-21
-22
-22
-23
-24
-25
-24
-25
-24
-24
-25
-26
-24
-24
-21
-20
-21
-21
-21
-21
-18
-19
-21
-23
-22
-20
-20
-20
-20
-20
-20
-19
-21
-19
-19
-20
-17
-17
-15
-16
-17
-19
-19
-18
-17
-19
-18
-19
-19
-19
-18
-16
-17
-21
-25
-26
-21
-17
-16
-16
-21
-23
-18
-15
-15
-16
-20
-20
-18
-17
-15
-14
-17
-18
-18
-16
-14
-14
-16
-15
-15
-17
-16
-16
-14
-14
-14
-14
-14
-10
-10
-8
-7
-12
-13
-14
-12
-9
-10
-10
-12
-13
-11
-12
-13
-14
-13
-11
-7
-6
-9
-12
-14
-14
-12
-12
-12
-12
-12
-12
-11
-10
-10
-11
-13
-13
-11
-7
-8
-8
-9
-11
-10
-8
-8
-9
-11
-12
-11
-11
-8
-7
-8
-8
-10
-12
-13
-12
-10
-9
-10
-11
-13
-13
-11
-9
-8
-9
-10
-8
-6
-4
-5
-5
-6
-7
-6
-6
-8
-10
-9
-7
-6
-8
-12
-12
-8
-7
-8
-10
-10
-9
-10
-9
-8
-8
-10
-11
-12
-11
-8
-6
-5
-3
-5
-6
-7
-8
-7
-8
-10
-9
-8
-7
-6
-7
-8
-8
-5
-3
-1
-3
-6
-8
-8
-6
-7
-8
-7
-7
-6
-5
-7
-6
-5
-7
-9
-8
-10
-12
-11
-8
-5
-5
-9
-12
-8
-6
-8
-11
-14
-11
-9
-6
-5
-6
-6
-7
-8
-8
-8
-8
-8
-7
-9
-9
-8
-11
-13
-13
-10
-8
-8
-9
-9
-8
-11
-10
-11
-10
-10
-9
-8
-7
-9
-12
-12
-14
-13
-9
-9
-9
-13
-16
-16
-14
-12
-12
-13
-12
-12
-14
-13
-11
-10
-9
-8
-10
-9
-8
-11
-11
-10
-12
-13
-14
-15
-15
-12
-14
-12
-8
-9
-10
-12
-13
-12
-12
-12
-12
-14
-14
-13
-13
-15
-14
-14
-14
-15
-16
-19
-18
-18
-17
-14
-13
-12
-10
-14
-14
-14
-14
-14
-13
-11
-9
-6
-6
-8
-11
-9
-6
-8
-8
-9
-12
-10
-10
-9
-8
-11
-11
-12
-12
-10
-7
-5
-6
-10
-11
-8
-7
-7
-9
-11
-11
-11
-13
-14
-14
-12
-13
-16
-17
-15
-12
-12
-12
-13
-14
-15
-12
-10
-10
-11
-13
-15
-13
-11
-11
-13
-16
-16
-14
-12
-10
-10
-11
-12
-13
-13
-10
-10
-12
-12
-13
-13
-14
-10
-9
-13
-14
-13
-14
-11
-9
-7
-7
-8
-9
-11
-11
-7
-5
-7
-8
-11
-12
-12
-11
-9
-7
-8
-10
-11
-10
-8
-8
-10
-10
-9
-10
-6
-5
-5
-5
-4
-5
-6
-8
-10
-8
-10
-9
-10
-12
-12
-14
-12
-10
-8
-9
-9
-11
-12
-10
-8
-5
-3
-6
-8
-7
-8
-7
-5
-6
-8
-7
-7
-6
-6
-8
-10
-12
-10
-8
-8
-8
-9
-10
-11
-9
-8
-10
-10
-11
-10
-10
-9
-7
-6
-8
-10
-12
-14
-11
-9
-9
-9
-9
-9
-9
-13
-15
-15
-13
-13
-12
-12
-13
-11
-11
-10
-12
-12
-12
-12
-13
-15
-16
-15
-14
-13
-16
-16
-16
-15
-15
-14
-15
-14
-16
-18
-17
-19
-17
-18
-16
-19
-19
-16
-17
-17
-20
-21
-19
-18
-18
-17
-18
-20
-19
-17
-17
-15
-17
-19
-19
-19
-18
-19
-18
-16
-15
-13
-14
-17
-18
-16
-14
-14
-12
-14
-16
-16
-15
-14
-14
-13
-14
-15
-16
-17
-17
-19
-22
-21
-20
-18
-16
-14
-15
-16
-18
-19
-20
-20
-19
-18
-17
-17
-14
-14
-17
-18
-15
-15
-17
-21
-21
-19
-15
-13
-16
-17
-18
-20
-20
-20
-20
-17
-17
-15
-15
-17
-20
-20
-22
-22
-20
-19
-18
-19
-18
-16
-15
-16
-17
-16
-17
-15
-16
-14
-15
-14
-15
-15
-17
-19
-17
-18
-18
-18
-18
-18
-17
-17
-18
-19
-18
-19
-17
-15
-10
-9
-10
-10
-11
-12
-14
-14
-14
-11
-9
-8
-7
-9
-10
-12
-13
-13
-12
-14
-16
-13
-12
-9
-9
-11
-13
-14
-12
-8
-7
-6
-5
-4
-5
-6
-5
-5
-4
-3
-4
-3
-2
-4
-7
-8
-9
-6
-4
-6
-4
-2
1
2
2
0
-3
-6
-8
-7
-6
-4
-5
-3
-3
-2
-1
-4
-6
-5
-4
0
1
-1
-4
-5
-4
-1
1
1
0
-4
-4
-3
-3
-4
-4
-5
-3
-1
-3
-1
-3
-1
-1
-1
-2
-3
-1
-3
-2
-1
0
-1
-4
-4
-4
-3
-1
0
-1
0
1
1
0
-2
-1
2
4
1
-1
0
1
-1
-3
-3
-3
0
0
-2
-1
0
-1
-3
0
2
4
3
-1
-1
2
-1
-1
0
0
4
4
4
4
0
0
-2
-2
0
-2
-4
-4
-1
-1
0
1
0
0
-2
-2
0
1
0
-2
-2
0
0
-1
0
0
0
1
3
3
3
1
-1
1
0
-1
-1
0
-1
-2
-1
-1
-2
-1
1
1
-2
-2
-4
-3
-1
-1
-1
-2
0
2
1
-1
-5
-4
-3
-1
-1
-3
-4
-5
-6
-6
-8
-7
-8
-6
-3
-3
-3
-4
-4
-2
-2
-1
-2
-3
-1
3
2
3
1
-2
-4
-4
-2
-3
-4
-5
-5
-6
-4
-3
-4
-5
-9
-11
-9
-8
-4
-2
-4
-8
-10
-7
-5
-3
-4
-5
-5
-6
-6
-7
-8
-8
-8
-9
-8
-7
-7
-6
-4
-4
-5
-7
-9
-9
-6
-3
-4
-7
-9
-9
-6
-5
-4
-7
-7
-8
-7
-5
-2
-1
-2
-2
-4
-6
-8
-8
-8
-6
-6
-7
-5
-4
-4
-3
-3
-4
-3
-6
-8
-5
-3
-1
1
-1
-4
-5
-4
-4
-6
-10
-11
-11
-8
-6
-5
-5
-9
-11
-9
-7
-6
-8
-10
-9
-7
-5
-7
-10
-10
-8
-9
-10
-9
-9
-9
-9
-9
-9
-9
-11
-13
-12
-11
-8
-5
-5
-7
-9
-10
-11
-11
-12
-12
-13
-12
-12
-13
-11
-10
-12
-14
-13
-12
-11
-10
-9
-11
-13
-12
-9
-8
-11
-14
-16
-15
-13
-10
-12
-11
-12
-14
-14
-10
-8
-9
-13
-15
-13
-9
-9
-12
-14
-14
-15
-18
-16
-14
-12
-13
-13
-15
-17
-16
-18
-17
-13
-10
-11
-11
-10
-8
-9
-11
-13
-15
-16
-14
-13
-10
-9
-11
-13
-17
-15
-15
-13
-11
-11
-13
-15
-13
-11
-7
-10
-13
-13
-15
-9
-6
-8
-9
-11
-13
-12
-9
-10
-11
-10
-9
-7
-8
-11
-13
-13
-14
-12
-10
-9
-10
-11
-8
-7
-8
-9
-10
-12
-10
-11
-8
-6
-7
-5
-2
-1
-3
-6
-10
-12
-11
-11
-10
-9
-9
-8
-5
-5
-6
-10
-13
-14
-13
-9
-5
-5
-6
-7
-8
-9
-9
-10
-12
-11
-10
-9
-8
-8
-6
-9
-9
-10
-13
-15
-13
-11
-9
-8
-11
-14
-13
-11
-10
-11
-12
-13
-13
-11
-11
-9
-9
-8
-8
-6
-9
-9
-8
-9
-8
-7
-6
-6
-9
-10
-8
-6
-10
-10
-9
-8
-7
-8
-10
-10
-8
-8
-7
-9
-9
-10
-11
-7
-5
-6
-6
-8
-10
-9
-8
-10
-10
-12
-10
-5
-3
-4
-7
-12
-12
-12
-10
-10
-11
-12
-13
-11
-8
-5
-8
-12
-12
-13
-13
-8
-6
-7
-9
-11
-10
-9
-6
-7
-7
-7
-7
-7
-8
-8
-10
-9
-8
-8
-8
-9
-10
-11
-12
-10
-8
-8
-8
-9
-10
-8
-6
-4
-5
-7
-7
-3
-2
-4
-5
-7
-8
-11
-11
-8
-6
-4
-3
-3
-3
-2
-4
-6
-7
-8
-5
-4
-4
-1
0
-2
-3
-3
-4
-3
-5
-6
-7
-7
-3
-2
-2
-3
-5
-9
-7
-4
-3
-1
-1
-4
-6
-2
2
2
0
-1
-2
-3
0
0
-2
-3
-3
-3
-3
-3
-1
-1
0
0
-3
-3
0
3
5
4
0
-2
-2
4
6
6
4
1
1
1
0
0
2
3
3
4
2
1
2
4
4
3
3
2
5
6
9
8
8
5
4
5
7
8
8
9
6
4
2
3
5
5
7
8
7
5
6
5
5
6
3
1
1
3
4
3
0
1
1
5
5
2
0
1
4
3
3
2
2
1
2
1
2
1
1
2
1
3
3
2
1
1
-1
0
3
6
7
7
6
5
4
8
7
5
4
5
7
6
7
6
5
6
8
11
12
12
10
9
9
6
10
10
11
11
11
11
10
10
7
7
6
5
3
5
7
5
4
4
3
3
4
3
2
2
4
5
6
7
7
6
10
10
10
6
4
6
9
11
12
6
4
4
2
5
3
2
4
6
6
9
9
7
7
6
7
7
5
2
3
3
3
4
5
5
6
3
3
2
0
4
4
2
1
0
3
8
8
7
4
2
1
2
7
6
6
3
1
1
2
5
5
2
0
-2
-1
2
1
-1
-1
0
2
4
4
2
-3
-4
0
2
3
1
0
0
0
1
0
1
1
-1
-1
3
3
1
0
-5
-7
-4
-2
-1
1
1
1
0
-2
-3
-3
-2
0
2
0
2
2
1
1
-3
-1
-1
-2
-3
-2
1
-1
-1
-3
-6
-4
-4
-3
-3
-2
-3
-2
-1
-2
-4
-6
-6
-6
-6
-4
-5
-8
-9
-9
-9
-9
-11
-13
-12
-10
-8
-8
-10
-10
-9
-7
-5
-5
-7
-10
-12
-9
-6
-5
-7
-10
-14
-14
-12
-11
-9
-12
-14
-15
-12
-10
-7
-9
-11
-12
-15
-14
-12
-11
-10
-10
-14
-13
-12
-11
-11
-10
-11
-10
-9
-12
-12
-14
-13
-14
-13
-11
-8
-8
-10
-12
-16
-16
-16
-15
-13
-12
-12
-12
-12
-12
-12
-13
-16
-16
-13
-10
-11
-13
-18
-18
-18
-16
-14
-13
-14
-16
-17
-16
-13
-12
-12
-14
-14
-16
-13
-12
-10
-7
-8
-10
-12
-12
-12
-9
-10
-11
-14
-14
-12
-11
-10
-12
-15
-16
-16
-14
-15
-14
-14
-15
-14
-13
-13
-12
-12
-12
-12
-12
-13
-13
-12
-11
-10
-12
-12
-10
-10
-11
-12
-13
-12
-15
-16
-16
-18
-17
-15
-14
-12
-13
-13
-11
-9
-11
-15
-15
-14
-13
-11
-13
-15
-12
-10
-11
-12
-13
-15
-16
-18
-16
-16
-16
-15
-14
-13
-12
-12
-13
-14
-15
-15
-17
-14
-13
-14
-15
-16
-14
-14
-15
-13
-14
-15
-15
-17
-17
-16
-13
-11
-12
-13
-14
-14
-13
-12
-11
-13
-14
-15
-16
-15
-14
-14
-14
-14
-13
-12
-13
-13
-15
-14
-11
-8
-8
-10
-14
-16
-15
-14
-13
-12
-13
-13
-12
-11
-11
-10
-9
-13
-15
-18
-17
-11
-9
-6
-8
-12
-12
-12
-12
-11
-11
-13
-15
-14
-13
-10
-11
-10
-12
-10
-7
-7
-9
-10
-10
-14
-16
-14
-15
-13
-12
-10
-9
-6
-7
-9
-13
-13
-10
-9
-7
-6
-6
-7
-8
-8
-7
-7
-6
-6
-7
-6
-4
-4
-8
-8
-8
-8
-8
-8
-7
-4
0
1
0
-3
-4
-4
-4
-3
-5
-6
-4
0
1
3
0
-2
-3
-3
-1
0
1
3
1
1
1
0
-1
1
1
1
2
0
1
4
0
-1
-1
-3
-2
-1
2
5
5
4
2
1
2
2
1
2
4
3
3
3
4
5
5
4
2
3
6
6
5
4
3
4
3
3
4
4
6
8
8
7
4
4
4
7
8
7
7
8
6
6
8
8
8
9
8
6
6
7
9
10
10
9
8
7
7
7
8
10
9
11
13
14
13
9
5
5
7
10
15
17
17
13
10
11
12
12
12
11
11
11
12
14
15
13
10
6
7
11
11
10
11
13
12
12
12
12
12
10
11
10
11
11
14
15
15
14
12
10
10
10
11
12
9
6
7
10
13
13
13
10
12
15
15
16
13
11
11
12
12
13
16
16
16
16
17
14
11
13
14
14
14
13
11
12
15
16
14
11
11
12
12
13
13
15
16
17
18
18
18
16
15
15
14
15
15
16
13
12
13
14
14
12
12
16
17
18
15
12
14
16
15
16
16
15
13
13
14
16
17
14
13
11
11
12
12
11
11
9
7
5
6
10
11
9
9
8
8
10
10
12
13
11
10
9
8
11
11
10
10
9
7
7
8
11
10
7
6
6
5
5
6
7
9
10
8
6
5
6
6
7
7
6
6
5
7
8
8
8
6
5
3
2
4
4
4
4
3
2
4
6
7
5
5
3
0
0
0
4
6
8
7
5
4
4
3
2
3
2
2
4
3
3
2
0
2
4
3
1
-1
-1
1
3
3
5
7
6
7
8
4
4
3
3
1
1
3
2
2
2
1
2
2
3
3
2
1
2
1
2
2
2
1
1
0
2
5
3
3
2
2
1
1
2
5
7
7
2
1
2
4
5
6
5
4
4
2
2
2
3
3
3
3
3
6
5
3
0
1
1
1
3
4
3
2
-1
-2
0
5
6
5
3
2
-1
2
3
4
2
3
3
4
6
5
5
2
1
2
2
1
3
5
8
9
6
4
3
3
0
0
0
2
3
2
3
5
3
4
2
-2
-3
-3
-1
2
1
3
2
0
2
3
2
2
0
-2
1
5
7
7
6
2
-1
0
2
2
3
1
2
3
4
5
5
4
7
7
5
1
1
-1
0
2
0
0
3
5
4
2
2
0
0
-1
0
1
3
5
5
5
3
2
2
1
1
0
1
-1
0
0
-1
0
-1
2
2
3
2
1
0
0
-1
-1
-1
1
3
4
4
6
5
4
3
1
1
4
3
3
2
0
0
2
1
1
2
3
3
2
2
1
3
1
-2
-1
1
2
3
0
-3
-1
-1
-1
-1
2
2
1
-1
-1
-1
-1
3
2
1
1
1
3
4
5
4
3
3
3
5
6
7
5
5
7
5
4
4
4
5
4
3
2
3
5
4
5
2
2
3
3
7
7
6
6
4
0
-1
0
3
7
8
8
5
4
4
5
6
4
2
1
4
6
6
4
1
1
4
4
5
6
5
5
3
4
4
4
3
1
2
5
6
5
6
4
6
5
5
5
4
4
5
6
6
7
6
5
2
1
4
6
7
5
4
1
1
1
1
1
1
4
7
7
7
4
4
5
6
7
6
6
7
8
10
8
5
4
5
6
7
6
5
3
3
4
5
5
2
2
0
1
1
4
7
7
7
5
5
5
3
2
3
4
3
2
4
4
5
4
2
2
0
0
2
3
4
3
0
0
0
2
2
2
1
3
4
8
7
3
2
0
1
1
3
3
3
5
6
6
5
5
4
2
2
2
4
6
8
7
6
4
3
3
4
7
9
6
4
5
5
5
3
3
1
2
7
7
6
5
3
2
3
2
3
6
7
7
6
5
6
8
7
5
3
1
3
4
5
7
6
2
-1
1
8
11
8
7
7
8
10
9
6
6
7
8
10
10
9
5
6
7
7
8
6
6
6
8
8
11
10
9
12
11
10
9
7
7
9
9
8
6
6
8
9
8
9
7
7
10
11
10
8
5
7
9
13
15
15
13
9
10
10
13
12
10
9
8
10
13
12
8
9
8
10
11
11
10
11
13
16
17
14
12
13
13
15
15
13
12
15
14
16
16
15
14
12
12
14
13
11
12
13
15
15
14
12
11
9
10
12
13
13
13
12
12
13
11
8
9
10
13
15
16
17
17
16
16
13
12
11
11
13
15
13
10
10
9
8
9
8
6
5
5
6
8
7
7
8
8
8
9
10
9
8
7
7
8
11
12
12
11
9
7
6
6
7
9
9
8
8
9
9
11
11
8
8
9
12
14
13
14
12
13
15
11
10
10
9
10
13
16
17
16
16
15
13
13
12
12
12
12
14
16
17
19
17
13
14
16
18
22
21
20
19
18
19
20
21
22
20
17
19
19
20
22
20
20
17
15
13
12
12
15
18
20
21
18
16
19
20
20
18
15
17
21
21
18
14
11
10
9
12
13
14
15
12
14
13
12
11
11
8
8
8
9
14
16
16
16
18
17
15
13
11
11
15
16
18
17
19
20
22
23
20
17
18
16
18
19
17
16
16
16
18
21
22
22
20
18
21
21
19
21
21
22
20
21
23
23
26
26
24
18
17
20
22
23
22
20
20
21
21
23
23
24
25
27
28
28
30
31
29
27
26
26
27
27
28
29
29
30
27
22
20
21
23
28
27
28
27
28
29
27
27
29
29
29
31
33
32
31
30
29
28
30
28
28
29
30
32
32
33
32
30
31
34
33
37
36
37
35
33
32
33
33
32
32
32
32
32
33
30
30
31
34
35
35
33
31
30
31
32
31
33
34
36
37
35
36
36
38
40
42
42
40
41
42
47
48
47
44
44
44
43
43
41
41
42
45
44
45
43
40
42
42
45
42
42
43
41
43
43
42
39
42
44
48
50
52
51
48
46
46
49
50
50
50
50
53
54
56
56
54
51
54
55
53
50
48
50
49
55
57
54
50
48
49
55
53
53
49
48
47
48
49
50
50
47
47
46
47
46
45
43
42
45
46
47
48
45
46
44
47
47
48
52
52
50
52
51
51
51
49
50
52
50
49
46
46
48
44
43
44
44
45
46
48
49
46
46
47
44
45
46
45
50
48
46
47
45
45
46
47
49
49
45
51
47
48
47
46
49
49
50
51
52
50
51
51
49
53
50
53
51
50
51
53
54
53
54
52
53
49
49
49
51
53
53
52
47
45
46
48
47
49
48
44
48
47
50
50
48
47
44
46
47
50
50
47
46
47
45
40
43
41
43
44
42
44
41
43
40
40
39
35
35
33
33
30
33
31
31
30
28
29
23
24
24
28
23
20
19
20
19
20
20
21
18
14
14
12
16
15
19
19
17
17
17
16
13
11
10
14
16
16
17
16
10
10
8
9
11
8
7
6
4
5
9
9
11
9
6
10
8
3
4
3
5
9
6
8
5
2
6
4
6
8
2
4
4
5
7
6
3
4
4
7
8
2
2
1
2
5
6
4
3
-1
0
1
2
6
5
2
6
2
4
2
1
4
3
-1
-1
2
4
6
5
5
8
11
8
11
8
10
11
12
17
14
12
11
9
12
12
11
13
10
10
8
9
9
13
12
16
13
14
14
12
12
13
13
12
12
9
16
14
18
14
17
16
15
17
18
18
19
19
21
20
18
18
20
22
24
23
28
28
23
25
24
27
26
19
25
24
26
32
33
33
33
23
27
30
29
37
34
35
30
28
31
35
29
34
33
31
35
34
36
40
32
36
38
35
43
41
47
46
45
43
49
44
46
43
38
43
43
43
48
44
45
47
44
46
45
43
45
44
42
49
45
48
45
45
43
44
37
38
34
34
34
31
28
32
26
33
28
27
27
21
23
19
20
21
17
12
15
10
9
9
-2
0
-6
-5
-5
-10
-9
-8
-17
-18
-20
-25
-22
-26
-25
-33
-35
-39
-35
-43
-42
-43
-48
-47
-48
-52
-52
-58
-66
-60
-64
-67
-63
-70
-66
-72
-82
-75
-84
-88
-89
-89
-91
-87
-101
-96
-103
-107
-105
-110
-114
-114
-121
-121
-119
-132
-127
-132
-138
-139
-144
-149
-142
-152
-150
-150
-156
-152
-155
-153
-151
-151
-160
-152
-159
-158
-157
-159
-150
-150
-150
-146
-149
-148
-146
-145
-140
-137
-135
-134
-126
-128
-123
-121
-120
-111
-117
-101
-104
-99
-98
-96
-86
-89
-82
-84
-74
-78
-72
-68
-64
-62
-64
-58
-55
-53
-49
-48
-41
-40
-42
-31
-38
-33
-33
-22
-20
-13
-23
-20
-17
-19
-8
-7
0
5
2
5
12
14
16
16
13
16
23
24
32
32
30
34
33
39
42
44
47
46
54
51
61
61
64
73
71
75
80
82
87
96
92
106
99
113
117
123
135
136
141
150
147
161
160
168
176
182
186
193
198
200
210
209
221
229
228
242
238
243
247
254
252
265
258
274
276
272
283
279
282
288
284
286
287
286
291
292
295
293
302
290
296
295
297
294
300
300
302
306
296
310
296
299
298
298
291
301
286
293
296
290
298
294
291
296
293
289
299
296
290
303
291
305
306
292
305
297
301
301
303
295
304
293
295
295
288
291
291
277
289
275
281
273
280
274
268
264
249
262
246
255
243
240
238
231
227
221
206
206
197
186
187
173
182
169
165
161
154
147
137
140
126
139
117
121
115
104
113
96
110
100
96
97
102
88
97
99
91
100
74
98
86
85
96
103
75
101
77
72
107
53
99
79
64
96
71
73
98
60
68
85
44
77
75
46
69
38
43
55
29
34
34
15
8
12
-1
-5
-3
-17
-24
-31
-39
-47
-61
-58
-76
-79
-87
-94
-95
-123
-112
-132
-128
-152
-145
-152
-164
-177
-178
-175
-206
-181
-217
-191
-216
-218
-183
-214
-225
-189
-206
-199
-176
-184
-144
-166
-149
-111
-118
-81
-52
-42
-11
16
47
90
107
145
176
221
236
291
314
349
388
403
450
466
503
503
541
541
567
567
582
582
566
565
565
531
527
501
467
442
406
373
342
301
238
218
168
120
74
64
-24
-46
-84
-110
-170
-243
-174
-242
-338
-296
-326
-364
-416
-431
-407
-515
-536
-503
-538
-677
-602
-587
-670
-712
-680
-680
-741
-756
-674
-636
-778
-677
-697
-655
-647
-614
-517
-571
-511
-474
-406
-398
-309
-223
-227
-208
-148
-85
-20
-9
55
90
108
112
176
205
223
253
240
261
242
270
294
285
296
274
287
257
276
273
284
252
256
230
239
220
229
211
196
171
167
184
150
167
144
136
133
116
117
118
111
94
101
68
87
85
70
59
53
27
19
10
-12
-40
-72
-103
-129
-164
-172
-194
-283
-243
-384
-306
-455
-430
-457
-580
-623
-636
-672
-838
-738
-849
-976
-936
-955
-1025
-1012
-1011
-981
-1060
-1058
-1129
-889
-980
-988
-851
-959
-827
-742
-787
-670
-531
-572
-495
-418
-456
-229
-166
-235
-76
-106
-30
42
57
105
201
185
177
235
220
290
319
279
297
263
296
276
276
269
264
247
207
157
138
194
109
123
56
40
50
-6
-15
-16
-7
-79
-63
-93
-68
-62
-77
-75
-75
-58
-86
-20
-50
-2
4
10
21
51
74
78
83
88
60
149
28
64
125
12
4
37
-39
-110
-16
-169
-107
-331
-167
-373
-400
-332
-553
-491
-585
-645
-842
-635
-905
-957
-955
-1006
-970
-1233
-808
-1208
-1171
-1027
-1256
-913
-1125
-1028
-949
-1059
-944
-829
-844
-748
-570
-671
-561
-471
-468
-216
-225
-217
-95
-67
-20
57
146
147
285
217
243
324
304
420
404
400
397
391
401
407
419
411
417
334
338
318
292
324
255
201
213
111
126
131
68
100
65
-10
20
12
-34
71
-41
-1
4
-48
64
32
104
98
138
97
187
189
204
311
237
255
325
243
306
397
274
342
289
284
282
237
167
266
16
125
-24
60
-217
-100
-107
-432
-295
-475
-343
-814
-445
-835
-778
-977
-846
-1110
-1035
-1027
-1040
-1139
-1323
-1008
-1354
-994
-1080
-1174
-1008
-1115
-944
-949
-863
-751
-618
-629
-673
-442
-418
-193
-172
-120
-72
18
90
151
254
316
397
396
360
453
513
608
581
551
578
549
593
553
627
567
612
492
482
487
452
492
415
335
350
247
270
266
219
214
148
87
124
82
97
117
71
73
113
85
160
178
186
219
225
266
321
331
389
365
398
418
503
381
560
496
503
481
548
464
457
541
283
362
219
325
105
206
23
8
-71
-166
-166
-315
-328
-556
-423
-840
-633
-795
-933
-876
-979
-967
-960
-1025
-1162
-955
-1313
-823
-957
-1117
-782
-1012
-778
-729
-674
-595
-386
-319
-422
-142
-167
115
225
197
315
394
503
609
634
757
873
877
882
903
997
1091
1130
1022
1126
1034
1101
1088
1073
1066
1115
992
971
930
885
933
851
819
675
744
640
627
648
531
572
563
406
501
467
486
488
481
415
521
532
539
581
599
550
673
687
563
747
810
635
762
848
727
845
867
885
701
857
763
636
702
611
452
676
361
210
520
71
209
90
-161
38
-440
-234
-433
-452
-905
-609
-860
-1151
-848
-1100
-954
-1179
-1109
-1077
-1382
-1121
-883
-1188
-990
-1066
-1006
-689
-873
-718
-407
-471
-332
-315
-164
-60
250
314
259
383
491
679
658
733
918
955
959
925
952
1146
1150
1129
1110
1057
1031
1138
1047
1031
1070
1012
918
842
786
810
864
683
638
588
460
526
489
391
473
343
359
313
323
330
422
293
410
352
363
462
429
545
465
624
533
604
728
651
847
723
824
915
770
987
814
975
810
696
947
621
633
748
717
388
445
601
27
507
61
19
256
-440
-203
-161
-750
-342
-797
-669
-1010
-1164
-630
-983
-947
-1046
-1052
-1287
-1034
-565
-1015
-811
-706
-701
-569
-378
-401
-7
140
-10
240
226
584
920
884
980
1029
1238
1350
1472
1477
1788
1852
1709
1799
1771
1976
2125
2021
1959
1973
1908
1976
1966
1906
1977
1922
1711
1700
1610
1733
1680
1604
1401
1357
1393
1280
1415
1219
1339
1228
1218
1207
1163
1337
1189
1366
1202
1233
1308
1269
1524
1224
1401
1662
1297
1535
1727
1557
1651
1753
1722
1667
1567
1921
1541
1582
1775
1337
1534
1391
1425
1204
1232
990
1119
637
883
672
331
544
-41
174
-239
-301
-184
-645
-616
-680
-842
-624
-625
-863
-695
-953
-947
-93
-687
-197
-294
-128
200
308
558
712
1382
1209
1343
1645
1552
2167
2182
2075
1942
2091
2173
2041
2098
2060
2181
2061
1944
1853
2018
2207
2147
2085
2031
1958
2056
2067
1934
1940
1971
1749
1607
1497
1380
1261
1267
812
870
815
750
898
875
778
899
781
832
958
947
1078
1097
823
934
1023
893
1165
1109
1046
899
1217
925
1117
1263
1079
1313
955
1297
1334
1230
1499
1183
1188
1258
1128
1263
1467
849
1463
644
1310
747
1016
634
550
423
-126
235
-590
-233
-583
-1223
-645
-1437
-923
-1140
-1488
-1163
-1957
-914
-1093
-1303
-906
-1225
-695
-672
-557
-332
-64
369
258
441
712
818
1618
1451
1301
1434
1556
1605
1578
1619
1682
1837
1667
1561
1520
1741
1664
1680
1410
1215
1140
1145
1034
783
755
582
376
352
97
179
224
-78
94
-199
32
190
252
242
176
51
333
313
164
245
161
27
64
32
16
309
289
97
289
206
520
586
599
742
468
807
763
533
892
550
708
471
235
291
466
208
-125
-177
-182
-559
-774
-400
-1416
-1126
-1307
-2161
-1164
-3036
-1342
-2166
-2651
-1657
-2299
-1931
-2247
-2390
-1839
-1414
-1607
-1574
-1359
-1437
-974
-454
-776
-383
48
101
65
374
420
1389
1204
1140
1206
1537
1742
1570
1597
1512
1846
2061
2405
2430
2553
2604
2416
2166
1643
1055
858
856
686
670
701
607
474
639
720
1193
1599
1472
1539
1149
1125
1055
740
338
-38
-290
-228
-300
-231
-145
161
254
709
748
1286
1732
2350
2535
2744
2803
2857
2946
3056
2961
2726
2833
2728
2369
3028
2429
2444
2067
1454
1864
1662
2310
1842
2589
1188
1595
762
797
261
447
-180
-77
-626
-162
-331
-432
-542
-590
-904
-323
-41
-95
287
66
448
952
1310
1239
2085
2159
2427
2511
2629
3006
3726
3767
3691
3677
3694
4023
4114
4085
3921
3883
3562
3241
2803
2776
2615
2452
2046
1677
1366
1372
1228
1044
823
518
398
290
1
-51
-403
-257
-333
-596
-474
-306
85
1001
1015
1605
1553
1977
2096
2409
2813
2954
3320
3303
3037
3317
3331
3502
3495
2985
2796
2328
2080
1633
1330
755
479
-288
-775
-1679
-2090
-2700
-3169
-3482
-4006
-3884
-4018
-4428
-4494
-4928
-5136
-5747
-5558
-6110
-5769
-5217
-5767
-4713
-5863
-4967
-5205
-4062
-2961
-2798
-1784
-1910
-987
218
886
1539
2030
2715
3013
3447
3605
4214
4825
5126
4702
4519
4492
4427
4725
4285
3987
3164
2804
2059
1682
1270
751
433
-87
-579
-1143
-1223
-1270
-1414
-1836
-2416
-2882
-2957
-3127
-3148
-3193
-2454
-2304
-2174
-1764
-1674
-408
572
670
1194
1343
1874
2666
3136
3432
3836
4266
4088
4259
3911
4284
4243
4229
3537
2830
2495
2023
1707
1188
256
-226
-1028
-1576
-2205
-2661
-3216
-3586
-4212
-5027
-5406
-6046
-6190
-6399
-6980
-6944
-6995
-6711
-6543
-6043
-5333
-5407
-4021
-4793
-3071
-1718
-1155
-80
131
1134
2568
3627
3987
4731
5824
6206
6671
6633
6797
7385
7627
7062
6546
5887
5501
5059
4377
3544
2371
1762
825
196
-630
-1226
-1767
-2114
-2677
-3326
-3564
-3287
-3133
-3145
-3236
-3470
-2563
-1752
-1593
-1192
-772
111
1454
1876
2557
3202
4343
4395
5622
5715
5586
6869
6453
6439
6323
5898
5918
5962
5264
4433
3930
3212
2845
2027
1309
380
-79
-886
-1607
-2531
-3248
-3742
-4720
-5211
-6299
-6973
-7240
-7478
-8243
-8167
-8476
-8693
-7341
-7732
-6406
-5577
-4083
-3708
-2146
-2132
-371
2116
2616
3879
4163
5106
6774
7723
8471
9156
10193
9976
9844
9208
9131
9028
8636
7549
6196
4928
3755
3157
2217
1433
-67
-979
-2037
-2721
-3429
-3884
-4091
-4263
-4451
-4865
-4907
-4388
-3688
-2800
-2207
-1249
-566
690
1431
2982
4091
5435
6428
6801
7856
8258
9031
9538
9518
9239
9025
8446
7989
7426
6719
6092
5268
4380
3372
2832
2248
1580
917
-116
-1103
-2070
-2659
-3266
-3777
-4226
-5397
-5696
-6250
-6559
-6821
-6669
-7140
-6676
-7056
-7265
-6850
-5999
-4410
-4168
-2185
-2232
-1034
579
-185
1949
3959
4681
5996
5310
5391
6763
7450
7417
7550
7389
6714
5579
4828
3910
3877
3170
1826
371
-1176
-2421
-3254
-3439
-4000
-4826
-5719
-6399
-6546
-6287
-5959
-5463
-4705
-4063
-3642
-3131
-2073
-766
796
1966
2951
3607
4513
5204
5951
7325
7572
8381
8178
7754
7729
7073
7260
6860
6272
5548
4185
3384
2477
1926
1789
1069
459
-411
-1184
-1361
-1610
-1399
-1706
-2265
-2649
-3318
-3154
-3303
-3389
-3662
-4005
-4528
-5304
-5228
-5606
-5009
-5040
-5669
-5561
-5165
-3920
-3185
-1157
-1290
-11
327
-428
2369
3529
4895
5392
4533
5005
5674
5723
5784
6071
5930
4899
3550
2407
1625
1597
753
-200
-1399
-2938
-3963
-4627
-4504
-4731
-4897
-5272
-5357
-5104
-4844
-4330
-3387
-2152
-1171
-695
-195
674
1968
3593
4244
4803
4890
5151
5804
6176
6327
6070
5887
5376
4930
4375
3714
3435
2960
2333
1538
784
218
7
-117
-435
-818
-999
-1211
-1095
-1027
-1295
-1126
-1684
-1994
-2050
-2421
-2144
-2544
-3417
-3630
-4598
-4772
-4913
-5599
-5262
-6059
-5986
-5773
-4901
-3843
-2100
-1145
-923
345
-433
1688
3688
4696
5876
5345
5244
5988
6096
6068
6219
6014
5227
3879
2494
1245
791
277
-738
-1654
-3179
-4350
-5135
-5192
-5170
-4989
-4898
-4794
-4337
-3839
-3112
-2073
-736
668
1849
2404
3076
3727
4827
5971
6552
6980
6728
6581
6241
6021
5736
5223
4722
4051
3322
2362
1581
1108
979
755
447
-276
-644
-767
-634
-257
-156
-29
170
-8
34
-482
-976
-406
-1346
-530
-1829
-2759
-2697
-4664
-3815
-5122
-5022
-5563
-6702
-6057
-6241
-4472
-3891
-2036
-571
31
882
153
2473
4692
6162
7052
6354
6527
6817
6430
6569
6435
6214
4954
3195
1686
134
-533
-1491
-2073
-2856
-4283
-5509
-6300
-6139
-5712
-5132
-4586
-3926
-3033
-2317
-1267
-91
1477
2934
4092
5001
5554
5935
6400
6943
7420
7521
6901
6187
5293
4575
3891
3058
2266
1789
1013
322
-337
-1027
-743
-674
-477
-517
-698
-355
-70
545
1002
1357
1515
1570
799
824
33
9
-53
-1136
-1665
-2760
-3893
-4389
-5679
-6474
-6662
-7259
-7313
-7145
-5827
-5095
-2029
-1267
-113
1614
631
3610
5453
7051
8365
7730
7905
8059
7778
7203
6746
6314
4810
2969
1044
-921
-1720
-2929
-3879
-4663
-5878
-6743
-7235
-7019
-6534
-5490
-4577
-3358
-1916
-740
564
2043
3650
5282
6628
7655
8045
8336
8001
8075
8224
7929
6981
5700
4381
3308
2319
1183
254
-208
-633
-1138
-1423
-1958
-1451
-839
-236
339
505
1146
1679
2435
3031
3420
3634
3499
2740
2450
1388
998
179
-724
-1734
-2986
-4319
-5644
-6631
-7561
-8327
-8576
-9075
-8213
-6406
-5276
-2149
-409
1189
3191
2905
5403
8220
10161
11329
10843
10631
10600
9854
8938
8005
7138
5298
2850
478
-1800
-3264
-4588
-5561
-6173
-7097
-7909
-8127
-7635
-6601
-5153
-3621
-1744
280
1872
3448
5067
6845
8564
9804
10638
10620
10373
9300
8906
8467
7531
6366
4146
2593
1305
47
-784
-1843
-2218
-2130
-2153
-1855
-1603
-839
482
1548
2645
3480
4251
5228
5966
6294
6656
6285
5924
5121
3998
2823
1509
292
-1003
-2419
-4204
-5681
-7321
-8592
-9799
-10498
-11092
-10578
-10115
-8167
-5835
-3944
-6
2043
4818
6296
6682
10035
12112
13722
13862
13088
12777
11474
9821
8112
6655
4888
2168
-372
-2911
-5102
-6718
-7927
-8219
-8351
-8546
-8398
-7626
-6250
-4451
-2316
-77
2551
4872
6696
8296
9414
10581
11574
12075
12101
11292
9805
8204
6568
5279
3846
1922
-10
-1501
-2672
-3441
-4224
-4457
-3675
-2892
-1773
-836
454
2111
3885
5349
6624
7695
8458
9033
9215
9089
8378
7599
6217
5018
3375
1443
-239
-1854
-3607
-4985
-7091
-8674
-10099
-11151
-11564
-11791
-11648
-10917
-9214
-6510
-3331
-777
3396
5895
8790
9908
10190
13249
14384
15464
14707
13264
11996
9691
7326
5098
3029
830
-1880
-4298
-6502
-8347
-9322
-9964
-9317
-8612
-7676
-6430
-4889
-2839
-505
2034
4727
7383
9427
10808
11727
12006
12154
11953
11455
10509
8923
6927
4572
2463
713
-717
-2290
-3846
-5039
-5375
-5243
-4891
-4166
-2864
-1080
620
2550
4415
6258
8070
9109
10235
10626
10831
10785
10141
9385
8022
6458
4929
3155
1259
-619
-2445
-3884
-5400
-6853
-8196
-9848
-10366
-11576
-10680
-10801
-9869
-8354
-7628
-4243
-1756
1485
4536
8053
10563
12924
12715
12302
14117
14088
14368
12589
10410
8361
5535
2651
415
-1559
-3536
-5492
-6919
-8186
-8899
-9119
-8840
-7027
-5469
-3385
-1302
584
2877
5117
7274
9478
11333
12407
12894
12778
11901
10901
9568
7938
6545
4534
2341
67
-2080
-3281
-3803
-4437
-5316
-5479
-5342
-3790
-1998
-401
1828
3624
5460
7300
8979
10725
11467
12087
11777
11529
10630
9509
8532
6955
5632
3743
2062
460
-1188
-3017
-4203
-5512
-6307
-7078
-8323
-8835
-9710
-9753
-9141
-8339
-6324
-5733
-3893
-2486
-272
3156
4920
8912
11097
12443
12939
10586
11565
11395
11229
10218
7671
5907
3041
498
-1852
-3568
-4828
-6154
-6784
-7230
-7627
-7503
-7129
-5380
-3379
-1127
1066
2985
4854
6568
8136
9434
10695
11438
11636
11359
10157
8638
6737
4688
2858
1398
-133
-1550
-3291
-4875
-5299
-5509
-4799
-4193
-3614
-2381
-656
1329
3538
5619
7378
8957
10389
11398
11963
11834
11205
10569
9509
8140
6708
5298
3827
2154
746
-597
-1716
-2967
-3897
-4867
-5440
-6090
-6696
-6962
-7280
-7390
-6791
-6415
-5310
-4057
-3985
-2219
-1578
1016
2988
5177
8469
10293
11508
10429
8426
9053
9310
9174
7978
5914
4258
1731
-451
-2556
-3734
-4553
-5296
-5457
-5597
-5831
-5857
-5184
-3485
-1450
705
2659
4244
5653
6927
7982
9016
9831
10206
10326
9762
8497
6725
4589
2665
1123
-56
-1011
-2132
-3383
-4556
-5131
-4985
-4279
-2706
-1371
-261
914
1891
4274
6565
8321
9647
10745
11421
11458
10725
9839
8853
7687
6702
5145
3877
2128
628
-488
-1628
-2245
-3122
-3484
-4210
-4834
-5167
-5479
-5273
-5444
-5686
-4965
-5008
-4369
-3504
-3742
-2147
-2360
-453
1033
2979
4969
7786
9148
9465
8141
6200
7578
7396
7332
6010
4265
2646
556
-1488
-2934
-3806
-4403
-4614
-4476
-4615
-4804
-4669
-3823
-1897
-271
1679
3383
4550
5826
6644
7324
8041
8410
8531
8449
7665
6214
4448
2476
915
-183
-1136
-1738
-2636
-3367
-4070
-4496
-3658
-2802
-1231
-284
527
2078
3624
5780
7411
8578
9467
10190
10545
10250
9280
8262
7412
6135
4989
3480
2170
1052
-96
-826
-1632
-2207
-2622
-2767
-2725
-3270
-3647
-3892
-3845
-3501
-4002
-3834
-3888
-3772
-2831
-3394
-2782
-3215
-2467
-1153
508
2489
3954
6715
7289
7789
6148
5558
7029
6869
6854
5513
4121
2667
645
-762
-1892
-2623
-3238
-3426
-3277
-3617
-3832
-3736
-2678
-1279
-6
1745
3040
4183
5043
5598
6225
6693
6981
7186
7207
6467
5237
3696
2046
877
-113
-593
-1062
-1844
-2388
-3023
-3052
-2678
-1712
-331
1270
2157
2680
3722
4797
6700
7884
8574
9139
9299
8859
8176
7083
5865
5058
4066
3484
2363
1303
312
-231
-525
-1127
-1263
-1347
-1309
-1913
-2222
-2646
-2979
-2879
-3188
-3335
-3434
-4078
-3963
-4043
-4263
-4365
-4291
-2978
-1684
-47
1244
4578
6367
7751
6736
5558
7125
7396
7781
6995
5991
4753
3016
1340
-262
-1558
-2602
-3067
-2987
-3402
-4001
-4457
-4010
-3127
-2237
-679
716
1996
3204
4121
5014
5775
6270
6887
7546
7617
7031
5845
4275
2982
1799
1217
470
-420
-1219
-1965
-2354
-2370
-2086
-1674
-759
-758
491
1550
3040
4541
5241
6645
7391
8314
8620
8195
8042
7287
6604
6125
5109
4395
3473
2722
1867
1127
463
-121
-342
-662
-1187
-2095
-2647
-3210
-3384
-3270
-3855
-4266
-5146
-4993
-5155
-4234
-4851
-4938
-4519
-3339
-2072
363
1363
4376
7762
7991
8988
6814
7769
8466
8635
8286
6959
5672
3690
1874
-37
-1756
-3197
-3880
-3770
-4202
-4934
-5384
-5487
-4608
-3654
-2119
-81
1555
3088
4561
5763
6834
7614
8302
9092
9441
8990
8088
6405
4668
3124
1970
949
-342
-1510
-2446
-2809
-3630
-3619
-3430
-2771
-1775
-1616
-200
1367
2916
4823
6326
7751
8950
9669
10106
10081
9742
8923
8479
7733
6584
5500
4314
3002
1799
756
-277
-1044
-1587
-2138
-2620
-3416
-3836
-4317
-4039
-3896
-3960
-3762
-4037
-3347
-3918
-2717
-3785
-2837
-2284
-1564
-347
266
1719
3240
7262
8002
8970
7400
6524
7604
7284
7074
5568
4561
3367
1776
133
-1832
-3503
-4188
-4080
-3886
-4122
-4456
-4515
-3555
-2576
-1503
213
1801
3684
5421
6725
7544
7872
8164
8639
9016
8680
7729
6259
4685
3034
1354
-98
-1226
-2227
-2708
-3082
-3518
-3730
-4136
-3652
-2990
-1975
-448
1608
3952
5466
6714
7581
8666
9728
10200
10821
10202
9392
8141
6767
5413
3618
2535
1371
599
-501
-1524
-2192
-2789
-3198
-3473
-3659
-3566
-3505
-3127
-2685
-2900
-3275
-3124
-3720
-2884
-2918
-3070
-2275
-3092
-2548
-2868
-1916
-1612
730
2770
6035
6801
6069
4670
4887
5549
5303
5181
4708
4210
2970
1629
-354
-2048
-3195
-3252
-2625
-2520
-3276
-3591
-3449
-3243
-2795
-1759
-236
1527
3243
4672
5358
5560
5642
6137
6778
7257
7101
6652
5432
3947
2464
1476
152
-774
-1336
-1801
-1914
-2901
-3396
-3552
-3300
-2457
-1632
63
1993
3588
4821
5786
6344
7372
8429
9183
9422
8838
7968
7113
5766
4671
3423
2669
2055
1310
661
-380
-844
-1406
-1607
-1824
-2172
-2335
-2080
-2395
-2232
-3265
-3082
-4026
-3662
-4173
-3736
-3718
-4275
-4031
-5160
-4847
-4221
-3302
-1372
623
4151
6621
6500
5934
4957
6322
6466
6946
6868
6511
5159
3562
2024
-140
-1980
-2931
-2625
-2537
-3349
-4189
-4471
-4608
-4519
-3919
-2507
-1028
659
2533
4443
5068
5589
6132
6672
7694
7569
7984
7525
6190
4576
2966
1564
270
-766
-1357
-1732
-2353
-3102
-3788
-4491
-4242
-3673
-2018
-276
1186
2822
4021
5120
6379
7161
8313
9118
9296
9414
8435
7800
6378
5333
4245
3445
2731
1760
1064
291
-482
-1379
-2069
-2703
-3230
-3179
-3396
-3184
-3957
-4313
-4803
-4650
-4473
-4270
-3934
-4300
-3893
-4404
-3604
-3912
-2830
-2893
-1309
934
4414
6686
7496
6153
5707
6442
6074
6135
5966
5663
4769
4044
2723
479
-1543
-2584
-2330
-2094
-2723
-2977
-2761
-2853
-3288
-2785
-1873
-1160
373
2349
3808
4390
4490
4962
5809
6036
6515
6931
6664
5492
4353
3659
2092
678
-75
-280
-285
-868
-1377
-2007
-2696
-2751
-2121
-884
214
1630
3103
4306
4758
5223
6069
6564
7383
7586
7683
7539
6392
5893
4672
4014
2939
2379
2025
1301
833
-51
-747
-1816
-2312
-2654
-2707
-2756
-2893
-3581
-3815
-4245
-4362
-4353
-4222
-4618
-4135
-4417
-4619
-4686
-4335
-4094
-3769
-1839
-2208
1610
3164
4654
5702
4197
4873
4785
5407
5127
5388
5110
4214
3631
2491
767
-420
-666
-1084
-1323
-1446
-2216
-2169
-2589
-3035
-2774
-2558
-1994
-899
448
1110
1686
2302
2216
3010
3243
4229
4445
4614
4552
4068
3536
2697
2216
1861
1726
1397
1408
576
386
-127
-153
26
240
1096
1649
2627
2803
3153
3317
3345
4150
4345
4995
5037
4888
4877
4365
4337
3579
3734
3433
3562
3579
2911
2270
1152
527
-93
-550
-856
-1551
-2115
-2904
-3833
-4680
-5618
-5930
-6323
-6356
-6190
-6249
-5651
-5532
-4903
-4572
-3940
-2632
-1763
511
2791
4784
6214
6266
6322
6560
6616
6246
6583
6135
5609
4993
4211
2658
894
138
-657
-1232
-2031
-2227
-2148
-2402
-2720
-2633
-2602
-2526
-1804
-710
322
793
1744
2410
2973
3151
3985
4662
4966
5352
5047
5249
4536
4465
3464
3584
2366
2874
2615
1948
1757
1149
996
871
1184
1607
1879
2513
2737
2719
3441
3174
4033
4198
4701
4634
5243
5213
5079
5191
4839
4721
4470
4326
3509
3046
2050
1578
854
418
-436
-990
-1578
-2470
-2998
-3956
-4281
-5111
-5082
-5800
-5523
-6037
-5405
-5353
-4802
-4582
-4862
-3640
-3587
-2361
-1299
172
1176
2512
2627
3634
3295
3626
3739
3968
3640
3306
3504
2684
2286
1177
763
-111
-451
-871
-866
-776
-1021
-874
-1099
-1304
-1439
-1436
-1013
-1002
-612
-30
5
834
697
1297
1505
1686
1996
2186
1993
1991
1990
1876
1636
1633
1731
1715
2134
1991
1982
1661
1648
1750
1496
1609
1409
1705
1617
1642
1712
1583
1530
1566
1787
1853
2057
2347
2620
2748
2852
2800
3008
2869
2840
2999
2739
2875
2918
2795
2594
2003
2063
1342
1413
642
676
383
161
258
482
628
761
1169
1511
1971
2620
2712
2879
3174
3072
4156
4162
5307
5991
7084
7804
8774
8836
9399
9165
9781
9722
9381
9831
9388
9426
8707
8392
7649
7064
6682
5696
5439
4742
4497
4401
4197
3858
3770
4087
3999
3894
3512
3103
2723
2332
1954
1555
1559
1747
2024
2817
3201
3800
4676
5305
5812
6489
7143
7591
8508
9454
10918
12218
13554
14672
14246
12503
12878
14473
14774
14666
14796
14538
15022
15054
14875
15103
14113
13609
13119
12512
11697
11049
10491
9538
9336
8181
8122
6777
7102
6039
6054
6182
6010
6901
7228
7352
8257
8389
8579
9811
9888
10457
10525
10835
11027
11596
11536
12793
12305
11422
10746
9647
8649
6291
3328
3815
12623
18255
13842
9564
6110
13766
18010
17150
17649
17289
17580
17334
17581
17356
17628
17292
17844
12875
7797
2739
1724
-3688
-7126
-6699
-5408
-7954
-9485
-9572
-11590
-12867
-14783
-14975
-15758
-15290
-14672
-13691
-11957
-13474
-12552
-12371
-11927
-13390
-12800
-11911
-10194
-9808
-9636
-9252
-9446
-8136
-6964
-5456
-6337
-6925
-7895
-8840
-7441
-6754
-5848
-5831
-5907
-4312
-5753
-3291
-5174
-3031
-4044
-3874
-4123
-4122
-3485
-4349
-3282
-4143
-3340
-4287
-3415
-3125
-3904
-3442
-3948
-5272
-4221
-5967
-5349
-5565
-5486
-7790
-5249
-7669
-7091
-6660
-7033
-7556
-7456
-8399
-9571
-10079
-12378
-14384
-14256
-13745
-14983
-14528
-17108
-19301
-17394
-11340
-11082
-8519
-16865
-19166
-11091
-11602
-13581
-12472
-7781
-4276
-5671
-6675
-7326
-6098
-6638
-8260
-8130
-10590
-11832
-12810
-12457
-13110
-13759
-13959
-13345
-11172
-10591
-9724
-8229
-8485
-7834
-7545
-7975
-8711
-9470
-9139
-8706
-7936
-7204
-7945
-7081
-7807
-7231
-7653
-7074
-7262
-7058
-7061
-6818
-6715
-6884
-6149
-6331
-5930
-5121
-4983
-5252
-4414
-4725
-5171
-3705
-4913
-4504
-4432
-4257
-4905
-3868
-4855
-4100
-4648
-3920
-4693
-2753
-4970
-3222
-2839
-3064
-3022
-1975
-2145
-3088
-1266
-2441
-2111
-1832
-1620
-2463
-723
-2568
-1566
-2535
-1809
-4091
-2385
-3196
-4145
-3258
-4214
-4772
-3275
-5343
-3217
-4875
-4837
-5013
-5041
-4561
-4667
-4851
-4560
-3638
-6462
-3627
-5409
-6728
-3268
-7315
-4992
-5422
-5223
-7139
-3981
-6896
-4959
-5960
-5522
-6220
-5655
-6391
-5106
-6997
-5627
-6841
-5730
-6690
-6770
-7995
-7568
-8128
-9296
-8073
-9684
-8753
-8661
-7932
-9427
-9283
-8848
-10072
-7018
-9173
-5590
-5921
-4209
-4779
-4392
-5265
-4727
-5210
-5100
-4131
-5069
-5034
-3890
-4967
-4089
-6301
-5317
-6248
-5056
-4290
-3403
-3162
-4311
-3501
-4595
-2376
-6323
-1831
-3560
-3484
-2147
-3267
-1409
-2006
-800
-1974
-1637
-2588
-1675
-1696
365
-469
-2299
-1498
-2595
-3771
-1545
-3321
-1301
-1983
-1410
-924
115
-834
-270
-3408
-5301
-8131
-5238
-5218
-3750
-5337
-5249
-3718
-2805
-1082
-1368
1652
-545
391
1518
-1007
1432
744
-828
872
1103
-365
1702
1535
-264
435
968
-1609
1775
-1171
1075
-200
1286
-1048
1937
-1456
820
201
207
877
67
998
956
200
1651
-303
729
674
-802
1610
-654
1
787
-729
-650
199
-1299
-56
-303
-2108
513
-2247
-420
-1865
-885
-2228
-504
-1816
-397
-1356
-1215
196
-2265
-560
-6
-2892
145
-498
-1615
-619
-369
-592
-1844
-593
-1607
-1762
-1751
-407
-2307
-1369
-1446
-2901
-847
-1707
-2187
-278
-1884
-1041
-1177
-1514
-967
-1441
-1707
-432
-2666
-1244
-1389
-3424
-1897
-1912
-3156
-1649
-1052
-3244
-921
-1595
-2841
-478
-2567
-1508
-1387
-1814
-887
-1704
-917
476
-1582
898
-99
-1012
1371
-857
-502
875
-2145
1035
-1378
362
-166
233
-288
1737
-366
1257
1336
-994
1962
-435
-185
2762
-111
1525
1179
1813
-373
2740
64
1774
1822
-47
2338
-495
1649
-1301
1814
-1905
566
-1482
-638
-2772
-2135
-2581
-5026
-3062
-5475
-3512
-2450
-1263
1631
2221
2764
404
655
-1805
-751
-229
-223
2264
881
4281
2226
1975
229
576
5026
4782
2829
5944
3696
4840
4185
2574
3450
3059
2874
1788
4226
2625
4673
5073
3053
4029
2203
2906
1748
2964
937
3456
1080
2526
1113
2373
954
2524
1404
1977
2052
1609
1465
3732
-222
2941
2353
-227
2537
2387
-682
4143
2504
932
6496
2123
4512
6363
2595
4058
3603
3208
2199
5531
689
4426
2775
1224
3309
1841
816
2118
1485
558
2028
1518
111
4335
-887
3428
2414
315
4587
-638
3848
1653
2391
2552
2766
869
2644
1460
1052
1749
1224
472
3408
-1075
3800
-659
2346
92
2803
-755
2030
725
-590
2934
-1105
3120
74
917
2161
1049
1516
3402
1297
2970
2764
2575
3375
2478
2773
2032
3938
944
3565
1909
3762
421
5426
1885
1643
4326
532
2173
2322
1772
3144
1582
5131
689
5436
1976
3486
3958
2800
3637
3408
4603
2384
5188
4196
3318
5758
4022
5078
4558
5202
4909
3647
6751
2930
5733
3556
5239
3724
4909
4742
4197
3914
3192
4213
1908
3479
3865
-348
6202
-720
3137
2669
520
1520
2648
699
1866
4066
-235
4917
3348
889
7109
316
5300
2937
3234
1425
4550
220
2865
3696
-975
4640
-267
1893
1941
404
1965
-424
3744
-1503
3908
284
2290
244
2489
-991
2669
-839
2032
19
1057
677
600
1378
-100
1733
310
436
2561
-848
3037
-311
2904
-224
3028
639
876
1300
627
354
142
1559
-1370
2347
-542
1688
1209
705
3049
57
2673
1681
121
2859
987
92
3543
151
1520
2137
1368
591
2362
794
671
2291
351
1328
1303
290
1568
-5
2239
-471
1996
-329
1301
-29
493
743
407
458
655
492
531
570
1457
-1165
3132
-2037
2337
-735
673
-228
158
-9
105
-194
636
-220
636
800
766
837
2354
258
2708
1676
1744
2276
2453
2308
1805
2867
1390
1076
2942
-414
2467
106
1617
1338
432
2356
729
2162
1294
3091
680
4071
1158
2397
3453
1295
2474
3956
345
4480
1439
3005
3012
2383
3150
2887
2906
2140
4560
1052
4836
1725
4215
1565
4365
1864
3619
2508
3316
2252
4126
1071
4808
660
4997
-58
5195
192
3745
2427
1656
2764
2014
1520
3281
565
3236
1003
2591
785
3630
-5
3732
1500
2403
2698
2961
1672
3612
1668
3235
1845
3781
1177
4791
739
4482
2571
2458
4074
1726
2612
-631
133
-1674
1969
931
2270
1434
1969
-17
806
-1020
1375
-2675
2368
-1242
1058
1242
1295
2551
908
2646
1083
2242
1782
748
2797
1224
2892
2933
4143
1748
5923
1776
5524
3497
4274
4799
3179
5878
3060
6135
3885
5757
4329
5546
3731
4841
4962
2937
5199
3662
2190
5527
2063
4979
3837
3958
4963
3546
5730
2686
5653
2105
6032
2366
4646
5086
2198
7391
2812
5425
5598
4706
6759
3985
7892
3693
7115
4303
6904
4432
5742
6479
4749
9964
5697
10412
5866
9287
4130
5649
4992
1470
6385
1463
4720
1522
5983
434
4208
2750
620
3326
293
2519
721
3020
465
2317
2101
521
2034
843
1818
37
3153
371
2371
2571
1219
4687
694
5616
1463
5389
3001
5748
1916
6076
1795
2744
3405
2478
2693
3862
4710
3404
5270
4801
4880
6026
5084
8045
4430
7928
6446
6164
8716
5932
9092
7245
8921
9032
10927
10604
11482
8261
12159
6667
12439
11515
12138
15434
14470
13820
15508
13403
18184
13818
15344
9201
12269
6247
7563
5187
5226
2700
7285
1226
5499
2296
996
2743
1462
959
1434
200
577
748
80
2723
-590
3173
-69
1597
1444
68
2132
147
2048
-500
1922
-1077
1612
-855
564
923
47
976
1329
1093
1237
2589
1794
2725
3097
4303
2324
6103
1694
4482
3756
2032
2742
2514
283
1985
-1097
654
-839
-1123
25
-1602
294
-2553
1694
-2428
-252
-135
-1204
-753
297
-1826
418
-1313
-614
1371
-1908
1695
-270
-1606
-358
-3107
-3802
-2503
-4587
-3602
-2297
-3114
-1726
-548
-3287
-226
1498
660
2560
-494
599
-2543
1496
-3647
948
-485
-671
802
1608
1361
2556
5062
1151
6764
3406
5100
5369
5240
6013
4571
6825
3438
5353
4180
4225
5052
5950
6019
6479
8680
5171
8685
6071
5576
7513
5762
6442
8140
5099
4924
6066
4490
8238
6406
7408
5847
5554
5454
3299
5509
3652
3542
5138
1750
4413
-62
2613
1033
-317
2973
-487
1390
2791
1527
-4
5592
-3227
4417
-2866
615
-1913
-1840
-2508
91
-1799
2395
29
1770
1869
1826
2236
4735
4494
7811
8925
7811
9366
6242
6863
4718
2946
3998
2049
2093
2740
1829
606
3867
-717
1403
1540
1071
-563
3633
-2073
560
1371
-3000
-7
-1560
12
882
3662
-1309
4801
8836
7410
9096
5407
7430
5552
3972
2334
966
613
-574
533
-43
-1119
-170
-2345
-1175
-496
-1310
-541
-1091
-2549
470
-3283
454
-2110
-1690
-1591
-2061
-2504
-1252
-2803
-708
-2422
-269
-369
413
295
-1943
-4668
-3938
-3225
-1801
375
-2602
-1201
-2165
-92
-1598
4482
1036
4893
2904
2304
3180
3507
2978
2926
1555
2254
578
1030
444
497
-1073
831
-2093
494
179
-62
1038
290
-1447
941
-3035
-1033
-3328
-1641
-3065
-1311
-3038
-1006
-2980
-3760
-2001
-4644
-3287
-917
-4620
1109
-3537
99
-1096
-795
-991
-75
-1990
-256
-1994
-1652
-1077
-668
-860
6232
6160
6435
3506
3030
4054
1191
679
4552
-429
5139
4728
3665
7148
6261
4615
6932
3976
4611
5255
3087
4650
3728
3735
4520
1578
5180
1501
2394
1691
256
194
-557
-1163
-78
-453
-910
1059
323
468
464
305
-1588
-2367
-2439
151
-1213
1595
1214
3041
2378
3920
5033
604
4018
894
2324
2832
3190
2186
4809
3295
1781
5302
-2390
3867
-2071
2937
-166
511
2568
-698
1993
-687
808
-185
-199
-1317
129
-2205
-609
338
-3442
1121
-2439
-912
-1074
-1919
-1399
-1487
2754
6845
8827
8662
12843
8306
12441
6717
5427
6090
11838
12630
16563
11489
11483
9709
2205
2981
-1278
-1603
2168
-2894
772
351
-228
1306
1558
151
4293
2153
3477
6536
3346
7048
5314
7021
7643
9269
9234
9997
10178
7917
7217
6076
5470
7430
7162
13071
12446
10825
10682
3602
3945
3710
2019
2790
3358
875
4351
1242
3432
2794
1545
3758
1735
3156
5597
4614
7072
9399
508
3825
-422
401
521
446
877
1380
650
-160
107
342
-1212
329
-998
-165
821
-1344
-828
-4227
-2724
-4726
-4825
-5930
-5394
-4802
-3322
-4232
-1535
-2276
-2770
-2088
-2077
2345
-219
-1975
-3118
-4609
-3807
-4650
-6406
-3680
-6949
-4391
-3528
-5983
-2898
-4292
-4531
-4429
-3571
-6246
-3635
-6286
-5202
-5300
-5528
-6046
-4224
-6038
-4956
-3798
-6113
-2287
-2658
-3934
-218
-2835
-3885
-1616
-4850
-4025
-2638
-4685
-1970
-3633
-2829
-2709
-3739
-1935
-5448
-927
-4632
-520
-3284
-205
-2770
-1630
-348
-4091
418
-2642
-1671
-1234
-2223
-1247
-3097
-938
-3044
-3001
-1355
-4329
-1968
-2391
-3833
-1964
-2067
-4062
-1018
-2622
-3023
-748
-3149
-527
-1112
-1049
1605
-530
4277
2603
7584
8180
12547
13333
17471
17185
15127
16099
15746
14867
14338
8491
11160
5726
6184
6042
2734
7077
3005
7674
4609
5650
5873
4476
5454
3748
1863
3993
2269
2633
5446
1338
7744
12933
15173
17219
16835
14573
10864
10925
8918
10862
5788
8271
2773
2802
3063
-841
1802
-954
818
-1118
409
1470
-846
3958
-858
4796
2824
215
2132
1297
2989
1655
-491
-1137
-3009
-2175
-4225
-3712
-4614
-5519
-5725
-4985
-6757
-3256
-6181
-4642
-4190
-6962
-5088
-5142
-8180
-3820
-5934
-6485
-3311
-7147
-3549
-5493
-4451
-3224
-7054
-6512
-6256
-8342
-5561
-9085
-5002
-8645
-3757
-7519
-4614
-5697
-6499
-4110
-7542
-3457
-7341
-4058
-5616
-3946
-6376
-2434
-4651
-5786
-1366
-6026
-2941
-2477
-4387
-2261
-2920
-3353
-3749
84
-5718
-751
-3081
-2370
-4054
-1261
-4231
-2287
-3133
-3628
-2991
-4980
-2179
-6515
-2085
-5885
-4683
-4619
-5600
-4924
-5126
-4181
-5640
-2917
-5755
-1772
-3967
-2073
-2122
-297
-2535
-827
-303
-3926
-981
-1624
-3930
-905
-1988
-3354
-1373
-1398
-2950
-1403
244
-3805
1790
-1505
1260
433
2846
-633
4112
-1141
1656
1920
36
2052
1663
1842
1574
866
1385
-458
1042
898
947
2185
6101
5739
5654
5350
3280
7012
7274
3202
8900
257
1967
-1037
662
1852
-137
2079
-45
-551
797
1375
-425
3065
-1367
69
743
-612
707
1040
483
1638
2010
1681
2763
3610
1635
4947
1934
2587
4007
-507
4802
-179
2084
1295
-1552
-8
-2381
-1870
-1825
-226
-690
158
1616
-1967
4384
1097
2176
3761
-346
-1556
-659
-4089
-3577
-3043
-4527
-2787
-4575
-2455
-3422
-4446
-1801
-4392
-3146
-1401
-6017
-718
-5192
-6320
-3037
-7654
-4054
-872
-4780
23
-2461
-5189
-2084
-6897
-6116
-4841
-5928
-2971
-2810
-3147
-1514
-4804
-2617
-6377
-2343
-4669
-3652
-927
-6296
-805
-4401
-3255
-2463
-2971
-2624
-3029
-1096
-3974
-1950
-5698
-5846
-5799
-7210
-5159
-5862
-4704
-6375
-3479
-6073
-4706
-3214
-6272
-2104
-5129
-3751
-4880
-4029
-5582
-5637
-3990
-7767
-2838
-7658
-4971
-4551
-7643
-2892
-8134
-5559
-5049
-7334
-3886
-5531
-3385
-4357
-3909
-2649
-4867
-2669
-2790
-4726
-2171
-4527
-4903
-1038
-6575
-2284
-1567
-10404
571
-8026
-4134
-3130
-4175
-3692
-1578
-5131
-1739
-4141
-2787
-1891
-3207
-3833
-2937
-3439
-3796
-1695
-4309
-1481
-3281
-484
-4554
3520
-3695
2365
3048
996
2174
5448
853
4084
5234
83
6075
821
2983
3068
940
3028
1218
3216
997
2504
1804
1594
1730
4436
3684
5457
5526
7272
8963
8524
6284
8794
744
10031
-382
6176
2441
1752
3298
-695
1202
-801
-1694
-1136
-481
-3304
-630
-2451
-2403
-2457
-2896
-3467
-1873
-2255
-2549
742
-2446
-1617
640
-4238
585
-3549
-1303
-310
-3214
345
3608
-495
6825
1989
2091
1821
-31
1178
2013
-3046
3418
725
1822
7115
5395
8512
13265
11278
15921
14582
12610
13214
13330
12513
15686
12576
12797
8066
7593
5582
6003
5455
6094
4066
511
3263
-2399
-594
-112
-3742
-1740
-1082
-4236
-72
-1647
-3911
-1948
-6850
-3772
-5221
-5432
-3481
-5764
-3155
-4259
-3377
-4238
-1605
-5278
-673
-5179
-3008
-3502
-4840
-2757
-5340
-3491
-2969
-4760
-688
-2822
-2165
198
-2312
-420
-2168
-908
-4122
-1625
-4734
-3945
-5187
-4623
-5560
-4204
-4741
-3413
-5868
-2852
-2797
-1373
66
955
-2926
1253
820
4114
15542
14638
11572
11835
8064
6587
5319
-1404
1162
-1860
-3696
-1043
-4889
-3928
-3852
-5770
-5224
-4701
-7295
-5237
-5284
-6522
-3877
-4462
-3903
-2404
-4075
-1254
-5338
-2136
-3260
-4624
-2146
-2776
-2756
-652
-1404
-1082
402
-3460
167
-3392
-1523
-2787
-3133
-4244
-233
-2271
-897
-2204
-2345
-1485
-2360
-1117
931
-1288
530
-106
-1365
88
-982
-822
212
-1240
-1838
-1891
-3476
-1700
-698
-2004
2333
-130
2349
2494
890
2135
293
178
-481
276
191
788
95
2059
-597
2874
-1206
922
-667
-1971
-748
-2616
-1793
-2160
-3108
-1979
-4121
-2974
-4309
-3721
-4972
-2710
-6140
-3653
-4246
-7306
-2918
-6779
-6485
-4552
-6253
-7500
-2031
-8346
-3324
-4141
-4940
-3009
-4186
-3992
-2269
-4258
-2099
-797
-4478
1694
-4499
-323
-1605
-467
-1794
2904
-1063
3500
2041
2743
4423
5693
3427
11476
6659
11237
15140
14862
16820
18191
14558
15766
10932
11530
15241
9148
13676
10592
7375
11098
3799
5983
4019
3573
1077
5450
1300
3450
4394
3719
3449
6300
3786
5858
7708
2975
7905
2252
1933
1818
-2452
-383
-847
-2784
432
-2785
-384
472
164
-962
1950
-2772
162
-2667
-794
-4202
124
-5373
-1256
-4524
-3111
-3202
-1168
-3687
-939
-3334
-4118
-3011
-5429
-4691
-3028
-7718
-1664
-5991
-5389
-3299
-4279
-6395
-1010
-6749
-1497
-3000
-3217
-1120
-1591
-2825
-918
-1979
-3264
-1831
-3259
-4128
-2304
-4814
-2604
-3444
-4522
-3765
-3857
-5802
-2124
-5628
-3818
-5434
-7432
-5477
-4215
-5105
-1147
-3630
-1133
-1006
-2702
218
-1807
-1126
835
-1902
1074
-1197
-1551
-1451
-1458
-3947
-2397
-3332
-5218
-3495
-4700
-5384
-5061
-4548
-6117
-2339
-6932
-5641
-7180
-6790
-4357
-5316
-2605
-3811
-3250
-5610
-2810
-6808
-3454
-6442
-4915
-6076
-6006
-5063
-6140
-6370
-4282
-7005
-4984
-4679
-5186
-5057
-3325
-6534
-2537
-5786
-5305
-3241
-5291
-4984
-1803
-6970
-1923
-3775
-5369
-2403
-2440
-6647
408
-4863
-2247
-2617
-750
-4778
1973
-3800
-1151
744
-1482
-739
2288
-886
666
3352
565
3057
4417
2317
5888
6178
4800
9030
7135
8766
9488
9008
9630
7551
7590
11278
9557
15175
15839
15837
16837
16928
15467
15459
10506
12127
9416
10484
11823
12374
13948
13867
13252
12106
9624
8389
7520
5480
8823
6249
5866
6550
2842
2261
3176
-1396
249
-1078
-3558
-968
-1911
-195
-588
1077
-1487
-2657
-644
-3610
-2066
-779
-3617
-1290
-1068
-2811
-411
-1638
-3635
-1998
-3154
-4046
-347
-3222
-3243
-613
-4744
-1709
-2628
-4185
-2261
-2436
-3931
-913
-3557
-891
-4082
-751
-5294
-1863
-4721
-2615
-4709
-3399
-4639
-4190
-4567
-4098
-4747
-4291
-3567
-5618
-1553
-4583
-2872
-1047
-3417
-2426
-1848
-4263
-4158
-3244
-6015
-4317
-5300
-6164
-4841
-3438
-6059
-2795
-3855
-4065
-597
-2571
-1129
1598
-265
1938
2338
895
1820
1820
-1807
1977
-575
929
451
1069
-737
107
-860
-1665
-1398
-2927
-2075
-2756
-3325
-4756
-2758
-6797
-5760
-6033
-6812
-6894
-6098
-6735
-5677
-4783
-5160
-3875
-2734
-5670
-720
-3069
-4074
-900
-3625
-3484
-1803
-5454
-4624
-4311
-4273
-2595
-1675
-461
-1184
-915
-1042
-3439
-801
-2579
-2457
-770
-889
-953
1139
-1348
-187
-1269
-618
-1766
1000
-54
134
5160
1798
4287
2697
1377
2159
3758
2217
6786
5831
8920
10177
11682
12148
13800
12519
11421
10270
8698
9057
8660
7252
10825
5262
8796
7314
4192
7990
5693
3737
11101
2745
7391
8776
1510
6867
4633
1168
5706
444
1723
1615
-957
-409
644
-3137
-556
-1716
-3271
-2000
-3689
-4177
-4444
-4234
-6145
-3824
-5421
-5776
-3685
-5649
-5129
-4090
-5118
-5047
-3496
-5038
-3710
-3740
-5133
-1505
-6616
-1661
-4173
-4119
-2628
-3307
-3759
-2407
-2458
-4311
-407
-4092
-2393
-524
-3249
-2041
971
-4837
488
-725
-3396
2109
-1221
-231
2783
741
4024
2735
1163
2745
4092
2942
2807
2832
3772
4994
3015
5091
2565
3585
1636
2019
933
408
161
4
-2538
-2
-3585
-2744
-1939
-3342
-3814
-874
-4793
-2193
-2136
-4918
-1696
-4409
-3156
-3460
-3061
-3499
-2938
-2951
-3060
-3106
-2987
-3238
-2726
-2544
-2301
-663
-2448
898
392
1556
2187
3292
1992
4402
1992
3406
2411
2408
1878
2782
-365
1439
1110
-1352
2457
601
2254
1596
499
-1003
188
-2777
571
-2705
-176
723
-337
2569
3312
2877
10716
9354
11101
11663
6778
6839
7628
2414
5973
1391
1886
-791
-143
-1959
-1141
-700
-1291
-979
-868
-929
-905
-406
53
-491
-40
-178
-629
-715
-795
-2013
-572
-3043
-2056
-1846
-3701
-1526
-2866
-2618
-1080
-4315
-1467
-5137
-532
982
9552
18623
17353
14683
9961
6704
663
4918
-1942
836
-2028
-2055
-6103
-4032
-7310
-6720
-8014
-6325
-9281
-6409
-7505
-8885
-6896
-9053
-9586
-8376
-10505
-10276
-8375
-10637
-7750
-8346
-10760
-8431
-9277
-10239
-7398
-9623
-8898
-7117
-8943
-7935
-7890
-8565
-8557
-6804
-8992
-5989
-7988
-6661
-8015
-6116
-9145
-6430
-7245
-9792
-4904
-9802
-7314
-6549
-8638
-5611
-7308
-8003
-5073
-7694
-7065
-4878
-8557
-5238
-5892
-6975
-4076
-5592
-5686
-2393
-5597
-3343
-2707
-4839
-2411
-3116
-3129
-3425
-1243
-5025
-1807
-3372
-4441
-3525
-3780
-4820
-3313
-4353
-3708
-3669
-4435
-3855
-4446
-5042
-3917
-5333
-4958
-4601
-6213
-5725
-4815
-8220
-4753
-4921
-6348
-3116
-6251
-5673
-3499
-7721
-3873
-5521
-5689
-5743
-4627
-5744
-4196
-4798
-4143
-5072
-4134
-1452
-3534
-1797
-401
-3874
-649
113
-3936
1270
-1082
-2009
-244
763
-1868
2403
634
2146
1933
5116
2832
5957
6531
6390
6746
9244
5168
8953
6098
5234
7777
4870
7420
7304
6823
10418
8027
11143
10934
9296
11138
10060
7573
11529
9431
11047
15582
13889
16416
13821
11128
8027
6762
7037
5571
12931
10240
12166
10511
10268
5208
5951
3243
6474
2180
6676
4697
2335
4584
1660
-3
2841
-666
1403
1202
1164
326
1463
1207
-63
2263
-1036
-407
-546
-3560
-2463
-1915
-6547
-1533
-6887
-5009
-4458
-5369
-5320
-2763
-6115
-2758
-2982
-3296
-1615
-2304
-2504
-2738
-463
-2070
-868
625
-236
327
3184
-1404
3212
4721
2430
8249
6468
7208
11224
8163
12695
10079
9486
12234
7480
9918
6651
4910
4642
1947
855
668
22
356
71
1944
-54
1692
36
2182
-265
1621
936
-259
662
148
-1421
340
-507
-2191
1997
-1580
1099
1190
1293
1176
2096
1978
1521
2076
2193
493
2763
1858
1397
3985
1674
3005
808
2062
604
2698
3171
1813
749
4250
-1977
618
676
-1043
2397
160
2920
-1263
1129
-133
-2007
-1260
-419
-4205
-510
-3300
-3174
-1393
-3981
-1939
-2860
-2752
-2371
-3145
-2363
-3205
-3733
-1182
-3544
-1446
206
-1994
1788
133
888
-970
-606
-4898
-2937
-5223
-6472
-5614
-6382
-5583
-4382
-5867
-5840
-4714
-7677
-4888
-5052
-6346
881
-1472
3661
3309
-392
-109
-615
-2198
-669
-461
-2062
-419
-1078
-2634
-757
-2665
-3595
-1171
-4375
-2753
-1783
-4550
479
-1420
-387
5201
1616
7364
10163
10244
13087
15778
12507
16417
13680
13002
12342
11234
9626
10923
10873
10547
12294
11142
10436
10188
9495
10797
12766
14573
14342
16845
16155
13240
8537
5363
2306
2291
-254
694
-1142
414
-1368
255
202
-796
1779
920
963
2726
860
967
4099
-382
2588
620
-855
290
988
246
2598
4288
2311
6291
4142
3717
7824
4251
5764
8916
4667
9820
10347
8308
11495
8578
6359
12558
8630
12193
12848
11888
11152
13197
11949
10440
9505
4932
3046
4819
836
1957
1471
59
-1063
-560
-3805
-1682
-2917
-4124
-2167
-2982
-4594
-2651
-4674
-6171
-3670
-7340
-4143
-6266
-4493
-5147
-5287
-4145
-5946
-4443
-4374
-5665
-4958
-3096
-7377
-3749
-4662
-5987
-4031
-3001
-5903
-1426
-4421
-2392
-2475
-1279
-2555
-93
-807
-939
341
909
718
3410
3499
4114
6545
5044
6638
6412
5452
10571
7918
7639
9492
5931
12034
7451
1439
2478
3849
-933
2572
205
-896
1145
-130
-1322
1009
-2447
-1911
-1990
-5296
-2900
-6781
-4561
-7165
-6084
-6983
-6555
-8388
-6978
-9325
-6613
-9050
-6250
-7819
-6846
-6708
-7479
-6353
-6829
-6575
-5612
-5222
-6358
-3620
-5162
-4497
-3166
-4391
-2933
-2233
-3953
-374
-3268
-1782
-589
-1933
-281
811
1783
4923
5897
7471
9278
6632
9914
7457
8540
9616
8803
3289
5878
2814
-1055
90
-2181
-3872
-2579
-2994
-5322
-3656
-4281
-5513
-3599
-3039
-2251
-53
197
-706
-335
-2574
-2359
-738
-2099
870
515
3569
4596
8483
10611
14479
16344
16488
17429
17035
13141
11608
11874
8819
8414
1130
3895
448
3120
4997
6148
7855
9020
2382
1782
-515
-1618
1150
-527
2902
4993
6904
10974
12941
11522
13125
7730
4604
3290
537
1719
3625
-104
783
2861
1717
1689
1454
-1182
-3986
-3840
-6639
-6989
-6886
-7330
-7144
-2581
-6804
-4187
-3988
-6832
-5228
-5663
-6323
-6528
-4432
-6545
-4558
-3206
-5820
-3186
-3129
-5001
-2257
-4542
-3625
-4474
-4080
-4613
-5755
-4011
-5844
-5588
-3754
-4638
-4965
-3942
-7769
-6575
-8732
-7508
-7928
-5110
-7991
-6105
-6669
-8499
-7217
-9192
-9007
-8186
-9412
-7722
-8831
-7691
-8165
-7998
-7879
-7950
-7720
-7630
-8576
-7195
-7489
-7033
-4696
-4955
-3058
-1440
-1856
123
585
413
2618
2955
3952
5184
5625
5599
2869
1326
-56
-765
-1435
-513
-687
79
1374
1713
894
2260
-922
-540
1269
-2086
1161
1585
1500
3658
6004
3815
8270
6704
10692
9144
11237
8235
5237
4637
2994
2913
6545
5852
5878
4762
2793
2991
-560
2730
-216
-550
375
-2314
-2511
-283
-4178
-418
-759
-284
1026
587
1386
497
1783
2520
3250
2104
4119
3769
4956
7514
9766
9690
10683
8804
8923
8993
11143
13694
15966
11558
12016
11751
11774
12439
9301
7707
8749
5553
4255
4852
2729
5074
1536
916
-874
-2255
-2239
-2421
-2628
-4050
-6437
-6240
-6773
-7610
-6819
-8242
-8178
-9028
-7388
-6584
-6848
-4546
-4164
-5812
-2954
-3249
-3047
865
2768
-761
2251
2707
3779
6136
5722
4039
6039
3135
1813
4499
203
264
292
-2872
-2022
-2384
-3792
-2439
-3449
-3462
-3434
-2234
-1701
2597
4232
11590
15658
12964
9013
9062
4054
5882
4068
3772
4386
2524
-1353
-1157
-3978
-5231
-2445
-3917
-3985
-1964
-3985
-3874
-3647
-7692
-8050
-7949
-9956
-10225
-8627
-7566
-5581
-4293
-5182
-5621
-5367
-5244
-3683
-362
662
258
712
461
-744
-70
-656
-517
-1081
-46
-1913
875
-232
237
1221
1153
491
303
841
336
2048
3022
4150
4944
12258
13258
14220
14755
15705
15186
16264
15078
16987
17514
17253
17462
17250
17487
17204
17608
16536
11579
4827
4017
4090
376
-243
70
-3940
-3556
-3920
-6180
-4894
-6629
-6815
-8387
-6150
-4293
-6450
-7519
-6055
-7774
-6866
-6167
-6581
-5531
-3876
-4105
-6177
-4529
-7168
-8143
-6948
-6762
-7425
-6090
-7648
-9543
-9254
-10380
-12398
-12716
-12284
-14460
-12493
-12162
-11481
-11267
-10295
-9479
-7122
-7649
-7306
-6481
-7833
-6252
-3900
-2260
-2531
-2206
-2010
-291
-2237
2289
-973
-2598
-1
-4194
-3787
97
-5138
-2940
-90
-3870
-1542
592
-2691
-538
-776
-3035
-925
-224
2103
6187
6125
4978
5031
2168
1797
-1171
-645
-1953
-2949
-2613
-2399
-3682
792
3299
5128
5827
1269
1413
593
-1984
-3873
-5348
-7080
-9293
-10938
-11313
-11073
-12382
-10790
-10741
-12332
-10833
-11304
-13971
-12098
-13655
-14104
-12865
-13295
-13086
-11660
-11859
-10829
-10935
-10803
-10190
-10633
-9498
-8790
-8555
-7403
-6745
-7631
-5146
-6441
-5289
-5063
-4770
-5147
-4079
-3988
-4709
-3759
-4957
-6241
-6175
-8216
-7079
-6916
-7071
-6040
-7715
-7744
-6999
-9202
-7228
-6056
-7745
-4297
-3734
-6960
-2156
-3864
-5175
-417
-2689
-4373
295
-2996
-3906
2002
-4704
-3762
-2592
-7676
-2658
5585
4266
6967
10035
2548
-1442
-1780
-4079
-2779
-871
-4345
-2491
-1699
-9724
-11771
-12906
-12739
-5861
-5940
-8871
-8631
-7851
-10143
-10737
-7988
-11458
-9791
-7249
-10440
-8679
-6188
-9547
-7162
-5265
-7799
-6477
-3850
-4307
-3303
536
-1856
-526
1866
396
239
376
969
2153
1642
1192
753
-73
-422
935
1711
2599
5826
4669
4120
8707
8073
6454
4438
2046
223
898
-1062
-2391
-389
-1762
-1750
-69
370
-272
-792
783
-1172
-1082
327
-1217
-3945
-173
-4511
-4609
-196
-2992
-2217
2016
-1464
-1983
479
-3113
-3938
-484
-1748
-376
4123
2968
3854
4939
3981
3468
5633
3915
2644
3042
-1211
826
1176
1303
4788
5745
4208
5848
5058
3711
5426
3833
-250
499
-1926
-6401
-4578
-6618
-8951
