23
23
20
20
23
22
20
19
18
19
20
20
21
22
21
19
20
22
23
23
21
18
18
20
23
25
22
19
20
20
22
24
24
22
18
18
17
18
19
21
20
20
20
21
21
20
20
19
17
18
18
21
23
18
16
17
20
21
20
21
22
23
23
20
17
18
20
22
22
22
24
25
26
23
21
20
23
20
19
18
20
23
24
24
22
22
22
19
19
19
18
17
17
19
22
24
22
21
19
19
18
17
18
21
22
19
16
16
16
18
18
18
17
19
19
17
19
20
18
17
16
17
19
19
19
17
15
18
19
17
14
13
16
18
17
15
13
11
14
18
19
18
17
16
15
14
16
17
18
17
17
16
15
17
19
20
19
16
14
14
16
16
16
16
15
16
14
13
12
17
19
18
12
10
13
15
19
19
15
13
13
11
11
12
14
15
14
13
13
14
12
11
11
10
13
13
13
12
12
14
17
15
13
13
14
15
15
13
12
13
12
12
11
14
15
15
13
12
10
9
9
7
9
11
10
10
9
10
13
15
13
10
6
7
10
11
11
12
12
13
12
12
11
10
9
6
5
5
7
8
8
10
14
15
13
10
9
10
11
13
13
12
15
14
12
12
13
14
14
14
13
13
13
14
12
11
11
11
10
9
11
9
11
13
15
15
15
13
11
12
14
13
15
15
16
16
15
16
15
15
15
14
15
18
19
17
15
14
17
18
17
17
14
14
15
16
18
16
16
16
14
17
18
19
21
18
19
17
15
15
17
18
20
20
19
18
18
18
20
21
22
21
19
19
20
23
24
23
19
17
19
19
20
19
17
17
16
16
15
13
14
15
15
16
15
15
18
20
20
18
17
15
17
18
17
15
14
16
18
23
21
19
18
17
20
20
19
17
17
17
18
20
20
17
15
15
17
19
18
18
19
18
18
19
20
21
20
19
19
18
19
20
20
16
13
12
13
15
19
20
19
19
18
19
16
16
18
18
20
21
21
20
21
22
20
20
21
19
17
18
17
17
20
20
17
16
16
18
21
22
22
22
19
20
23
24
23
22
19
20
22
23
23
22
20
18
19
19
21
23
24
22
20
21
23
23
24
21
19
20
23
26
26
28
26
24
24
26
27
28
26
25
23
25
26
24
22
22
23
25
25
25
25
24
23
25
27
27
26
25
27
31
32
32
29
29
30
27
24
23
25
30
30
27
27
30
30
27
23
23
23
24
23
20
22
24
24
26
24
22
22
25
24
23
24
23
24
26
28
27
27
29
29
28
26
25
27
29
29
28
28
27
29
30
29
29
30
30
28
28
28
28
29
27
27
30
30
27
25
23
25
26
26
24
25
25
26
28
27
25
26
26
27
27
29
28
28
28
28
26
27
27
26
27
27
25
23
22
24
26
27
28
25
26
26
27
28
26
25
27
27
28
28
27
27
27
28
26
25
25
26
27
25
24
24
24
25
24
23
22
25
27
27
27
28
30
29
27
26
27
28
29
28
27
26
24
24
25
25
25
21
20
22
26
27
26
24
22
25
26
25
25
25
25
26
26
24
22
26
32
30
27
23
22
26
27
28
26
25
24
22
22
22
23
23
23
24
23
22
24
25
27
27
25
25
27
27
28
27
26
23
23
23
25
26
26
24
23
24
24
23
23
23
26
29
29
29
25
24
25
25
25
25
23
25
27
27
26
25
22
22
22
23
26
25
24
22
22
24
23
23
22
20
19
21
18
19
19
19
20
21
24
25
24
21
20
22
22
19
17
16
19
23
25
26
24
22
21
22
21
23
22
20
19
20
23
26
25
22
19
20
21
23
23
24
24
23
21
19
19
21
23
23
21
21
20
21
20
18
17
18
19
20
20
19
19
20
21
22
22
22
21
20
21
20
21
20
20
20
20
21
23
27
28
24
21
19
21
23
24
22
23
23
22
21
17
17
19
18
17
16
17
19
18
19
19
17
15
14
15
19
19
18
21
23
23
21
19
18
21
22
20
18
19
21
22
20
21
23
26
26
24
21
21
22
20
19
21
24
22
20
16
17
20
23
23
18
16
15
17
20
20
19
18
20
19
21
22
21
22
20
16
16
16
18
18
19
18
19
20
19
19
17
17
18
17
15
15
17
20
20
17
18
16
17
18
19
19
20
18
14
13
16
19
20
20
20
17
17
14
14
14
14
15
17
16
16
17
16
17
17
18
18
17
15
15
17
18
17
16
16
15
16
18
18
16
16
17
17
15
15
19
21
19
17
18
20
20
21
21
20
21
23
22
21
20
19
20
18
19
19
21
21
20
16
15
17
19
19
17
16
16
19
20
20
20
22
22
21
20
21
23
23
22
23
22
25
26
25
23
21
20
24
26
25
22
22
21
22
21
22
21
21
22
21
22
22
25
23
21
22
23
23
21
20
19
20
20
20
22
24
24
23
20
18
19
19
20
21
21
22
21
21
23
23
23
21
21
23
23
23
23
24
25
26
26
26
25
25
28
29
26
23
23
22
23
22
24
26
28
27
24
23
24
24
23
24
24
26
28
27
27
27
28
29
27
25
24
26
27
26
26
27
30
30
30
30
28
28
28
30
32
31
30
31
31
32
32
31
31
32
33
32
30
29
29
32
31
33
32
33
33
29
25
26
30
33
32
30
29
30
32
32
31
30
32
32
31
31
30
30
30
29
27
26
27
26
29
29
31
33
34
35
33
32
30
31
31
32
31
32
32
34
35
35
32
30
30
30
30
31
31
33
31
30
30
31
28
27
27
26
27
28
27
28
30
29
28
27
26
27
26
28
30
35
38
35
32
30
30
31
33
33
33
33
30
28
29
31
29
29
30
29
31
31
31
31
32
30
30
31
32
31
31
29
30
30
31
28
28
30
28
29
29
27
27
27
24
26
27
27
28
28
29
30
27
27
26
24
23
24
24
24
24
27
30
29
27
23
22
25
28
29
29
27
25
23
25
27
29
31
29
27
27
28
29
28
25
25
24
26
26
26
25
26
25
24
25
25
25
25
24
23
21
23
23
22
22
20
22
25
27
26
27
26
26
24
23
22
23
25
27
27
28
27
27
26
24
23
24
25
25
24
24
24
25
25
26
24
23
22
24
27
27
24
22
22
22
23
24
24
23
23
24
22
19
19
22
23
25
26
25
25
26
25
23
24
24
27
27
27
24
21
22
24
24
25
22
22
23
21
24
24
25
23
22
22
24
26
26
26
25
23
25
28
28
24
20
19
20
23
22
22
21
22
20
20
21
21
21
21
22
24
26
25
24
24
22
22
23
25
25
23
23
24
26
27
26
22
21
21
21
21
22
24
23
22
21
24
25
24
24
25
25
25
22
21
22
22
20
21
21
24
24
23
23
21
21
22
22
20
22
23
24
26
26
26
27
24
22
20
18
19
21
19
20
23
24
21
19
17
19
23
26
26
27
26
24
23
24
22
23
23
22
20
21
23
20
21
20
21
21
21
20
21
23
23
22
23
23
23
21
20
22
21
20
19
19
22
22
19
16
14
15
17
19
17
17
19
22
22
19
18
20
21
22
22
22
23
22
22
21
22
22
22
21
21
21
23
21
20
19
21
22
21
20
21
22
21
22
21
20
22
21
21
22
24
23
22
20
19
20
23
22
21
21
21
19
19
21
20
22
21
23
23
22
22
22
23
24
23
23
22
23
25
25
25
24
23
24
26
28
27
26
24
24
25
26
29
29
27
29
29
29
31
30
26
25
24
26
28
29
31
31
30
31
31
29
28
31
32
30
29
30
31
30
29
31
32
30
30
31
30
29
28
28
26
26
25
27
28
29
31
31
29
28
26
26
27
29
29
28
27
26
24
26
28
29
26
24
24
24
26
27
27
28
27
27
26
26
28
30
28
28
29
30
29
27
27
28
28
29
30
31
29
31
29
25
26
27
29
30
31
30
33
35
34
32
31
30
29
27
27
28
30
31
29
28
28
27
23
22
23
26
28
30
31
33
33
32
29
27
27
26
26
26
27
27
31
29
29
30
30
30
30
27
28
30
32
31
31
31
31
32
34
34
31
30
29
31
31
30
32
32
32
31
28
27
29
32
30
27
27
29
33
34
29
26
28
31
33
33
33
34
34
33
30
29
31
34
33
30
30
33
36
38
37
35
34
33
32
29
30
33
35
34
34
35
35
35
34
32
31
31
32
31
31
32
34
32
32
33
33
34
34
34
35
34
31
31
31
32
33
30
32
32
29
29
30
33
33
31
31
31
34
33
33
30
30
31
33
33
36
36
34
32
28
29
31
30
29
27
27
27
27
27
28
31
31
29
27
27
30
33
34
34
32
32
30
27
28
32
32
31
27
25
26
28
29
29
29
30
32
29
28
28
29
29
29
29
30
29
30
28
28
27
25
24
24
24
25
27
26
26
25
27
25
24
27
27
27
27
31
31
29
29
30
31
31
28
27
26
29
30
29
28
28
28
28
28
27
26
26
28
27
25
25
25
25
24
24
26
26
26
27
28
29
27
28
27
28
31
31
27
25
26
29
31
31
28
28
28
26
25
25
26
27
29
27
27
29
30
28
25
23
27
30
32
29
26
25
25
26
24
25
27
29
28
27
26
24
25
26
25
25
28
27
26
25
27
29
28
26
24
23
24
27
29
27
25
24
26
28
25
27
26
27
28
27
28
28
27
24
24
25
28
27
24
22
24
24
23
23
24
25
25
26
24
28
29
27
25
26
27
26
25
22
20
23
24
24
22
21
23
23
23
23
23
23
24
25
24
25
25
24
24
22
21
20
22
24
24
23
21
20
20
21
23
23
22
23
24
24
23
25
28
28
25
23
20
22
24
22
21
21
21
23
21
20
17
16
19
21
19
20
23
23
25
24
23
25
25
24
24
22
22
23
23
25
25
24
24
23
22
21
21
19
20
22
22
23
20
18
16
18
20
21
20
20
19
17
19
21
20
21
21
22
20
19
18
19
21
21
21
23
21
17
16
17
20
20
15
15
17
18
21
19
16
17
18
17
19
20
21
21
18
17
17
19
18
17
18
16
16
17
19
18
19
20
20
20
20
19
18
21
21
22
24
25
24
23
21
18
18
19
21
20
19
21
20
20
20
20
20
20
19
18
17
18
18
20
19
17
20
20
22
22
22
20
20
19
19
19
20
19
18
18
16
17
16
18
20
22
21
19
19
20
24
24
22
20
23
24
25
24
24
24
25
25
23
22
21
21
20
21
22
23
22
19
18
20
20
22
23
25
23
22
20
22
24
26
26
22
23
22
24
24
23
24
24
25
26
26
25
25
24
24
25
25
26
26
26
26
24
25
26
24
24
24
27
28
27
23
23
24
24
24
24
26
27
25
23
24
28
30
29
26
25
26
27
26
26
27
26
25
27
27
27
29
28
25
29
29
30
31
28
29
27
28
29
30
30
27
27
27
29
28
27
25
23
23
27
26
26
28
30
28
27
27
26
27
26
25
25
24
26
28
27
28
28
29
28
25
26
26
26
29
30
31
32
32
30
28
27
29
31
32
31
29
27
27
29
33
34
33
33
31
31
33
34
32
31
30
29
30
30
28
28
29
27
27
26
25
27
28
31
31
28
29
32
32
34
32
33
33
33
31
31
33
33
32
29
28
31
32
32
29
29
30
30
29
29
32
34
34
32
29
30
32
33
33
31
31
32
32
29
28
28
26
25
29
31
33
34
36
34
34
33
31
32
32
31
31
34
34
32
31
31
34
35
34
34
32
33
33
33
33
33
32
32
31
31
33
32
31
31
33
32
30
30
31
32
33
33
34
36
35
36
33
33
34
31
27
27
31
33
30
28
27
29
33
33
30
26
28
29
30
32
31
32
33
37
37
35
32
32
34
34
31
30
31
33
34
34
34
37
36
34
32
31
35
36
35
33
34
34
35
38
36
36
36
35
35
35
37
38
35
35
35
34
32
34
33
35
38
35
32
30
31
32
32
34
34
35
35
32
31
33
36
36
33
31
31
35
36
34
33
34
35
37
38
38
39
37
35
33
32
33
34
36
37
35
32
29
32
34
34
33
34
33
31
30
28
29
30
32
32
35
35
34
31
30
30
32
33
31
28
27
29
33
35
34
33
30
30
31
33
34
32
29
31
32
30
31
32
31
29
28
27
29
29
27
26
27
30
31
31
28
27
27
27
26
26
27
28
30
31
31
30
30
30
30
30
30
31
31
30
28
27
30
32
33
30
30
29
31
31
33
33
36
39
36
35
34
36
34
33
30
31
33
33
33
35
36
33
31
28
28
32
33
32
30
29
31
32
33
31
29
30
30
30
33
36
38
37
33
30
29
28
33
34
34
33
33
32
34
34
32
32
33
37
36
32
31
33
35
35
31
29
30
33
34
33
34
32
32
31
29
27
27
32
34
34
32
30
30
32
32
32
34
35
35
34
32
32
34
35
35
34
35
34
34
37
35
35
33
32
35
36
35
33
31
34
34
33
30
30
30
32
34
34
34
33
33
33
34
33
31
31
31
32
33
32
31
32
34
33
31
30
32
33
31
32
31
33
32
32
30
27
30
32
31
31
31
31
31
32
33
30
29
29
28
27
26
27
26
29
29
28
29
31
30
26
25
26
30
30
27
24
25
26
27
29
27
26
25
25
27
28
27
25
24
23
25
27
26
26
25
23
22
23
22
21
21
22
23
22
23
23
24
25
24
21
22
27
29
28
27
27
24
25
23
23
25
27
26
23
24
24
26
26
23
22
24
27
27
24
25
26
26
26
25
25
27
28
28
28
28
29
29
26
26
28
27
25
25
26
27
27
25
24
26
27
27
29
30
29
28
27
27
27
27
27
30
33
35
32
28
28
28
27
28
32
32
33
30
28
29
30
29
28
29
30
28
28
28
27
29
29
26
26
29
28
30
30
30
33
34
30
26
27
28
32
32
29
29
30
32
30
29
25
25
28
27
27
28
27
29
30
29
29
25
25
27
27
29
31
28
25
28
30
30
30
30
30
28
29
28
28
28
29
30
29
27
29
30
30
29
29
31
33
34
30
28
27
31
32
30
29
29
30
29
30
31
31
33
31
30
29
30
29
29
27
26
27
30
28
24
25
24
26
26
24
23
25
28
31
31
29
27
29
29
27
27
27
29
29
28
27
28
27
27
26
26
27
26
27
26
27
27
24
24
25
27
26
24
22
25
28
26
25
23
22
23
26
29
28
26
24
23
22
25
25
25
24
22
23
24
24
23
22
22
23
27
28
28
26
25
25
24
26
27
27
27
26
25
26
27
31
28
26
25
24
23
23
24
24
25
23
22
24
27
28
28
26
24
24
25
26
29
31
30
26
24
23
26
27
28
26
25
24
24
22
23
24
22
20
20
19
21
23
24
26
28
26
25
26
26
27
27
27
28
27
24
23
25
25
28
29
30
31
33
30
27
27
29
31
30
30
30
30
31
30
30
28
27
26
28
29
29
29
28
29
30
28
26
27
28
27
25
25
25
24
26
27
27
26
26
27
28
28
27
27
26
25
27
28
28
27
27
27
28
28
25
26
29
29
26
26
24
28
30
30
26
23
25
25
27
29
29
29
26
26
26
26
28
30
28
28
26
24
22
24
28
27
28
26
24
24
25
24
26
30
33
33
32
31
30
31
29
29
32
31
31
32
31
32
32
27
25
25
26
26
26
27
29
31
29
27
26
28
31
30
25
26
27
28
30
28
27
25
26
27
26
29
29
29
27
27
29
30
30
32
35
35
33
33
33
34
34
33
32
33
35
37
32
28
26
32
32
30
31
31
31
32
31
28
30
34
35
32
30
29
31
32
30
30
31
34
34
31
30
32
34
34
32
31
31
32
31
33
34
35
38
36
33
32
34
35
36
33
33
33
33
34
36
37
36
35
34
32
30
32
34
33
31
31
32
36
36
36
33
32
32
36
36
36
36
35
32
33
34
33
33
33
30
30
30
33
33
31
30
29
29
31
32
32
31
31
32
32
31
32
32
32
32
32
30
28
29
31
33
34
33
31
31
31
30
30
32
38
38
34
33
33
36
38
36
34
34
34
34
37
36
35
33
32
32
34
37
36
35
34
34
35
34
32
30
29
31
31
32
34
35
33
32
31
31
31
32
32
32
32
32
35
33
31
29
29
30
33
34
34
33
33
32
31
30
30
34
32
30
30
30
34
35
31
31
34
35
34
30
29
30
33
34
34
32
33
32
28
28
31
32
32
32
29
30
32
31
31
32
33
31
30
27
28
32
33
32
32
30
32
34
35
33
31
28
27
28
31
34
33
33
31
31
31
32
32
31
33
31
30
32
32
32
32
31
30
30
31
30
29
28
30
30
30
30
29
30
29
28
29
31
31
30
30
28
30
33
33
32
30
29
30
31
31
31
32
31
29
28
27
27
29
31
30
28
28
30
31
30
29
31
32
35
32
28
28
31
33
31
29
28
31
32
31
27
25
26
27
27
27
30
30
30
27
25
25
27
27
25
25
26
28
28
24
24
25
25
25
26
26
26
26
26
26
23
23
25
28
29
26
25
29
31
31
26
23
24
25
27
28
30
32
31
29
28
27
30
29
28
28
29
30
32
32
32
32
32
32
32
32
32
34
37
37
36
31
28
29
30
30
31
32
33
32
33
34
35
33
31
29
29
32
32
33
32
31
33
32
33
31
29
27
29
30
31
31
28
26
25
28
29
31
31
28
26
28
30
30
30
30
29
29
31
30
30
27
27
26
29
30
29
27
26
29
33
33
30
29
30
34
33
30
32
30
30
32
33
34
35
35
31
28
27
28
30
30
30
30
33
33
33
32
30
28
28
30
28
29
30
31
30
31
32
31
32
30
31
31
31
30
28
29
28
26
26
26
26
28
27
27
27
29
29
27
27
26
25
26
26
27
29
28
29
30
31
27
26
26
28
30
28
30
29
28
27
27
26
25
24
25
29
32
32
30
26
24
25
26
28
27
28
30
32
33
33
30
27
25
23
25
25
26
28
31
31
29
29
30
29
27
25
26
27
29
27
27
30
31
33
30
28
27
27
27
25
25
24
26
27
27
28
28
28
27
24
25
27
31
34
32
27
25
26
27
27
28
27
25
26
29
28
29
28
24
22
24
26
30
28
27
27
24
23
26
26
24
22
21
23
25
23
20
20
23
27
26
24
23
23
23
22
22
23
24
22
19
17
19
25
28
27
22
18
19
19
22
23
24
22
23
20
19
21
22
21
22
23
25
25
25
23
23
22
21
21
23
24
23
21
20
22
22
21
22
25
25
24
23
23
25
28
31
30
28
28
27
26
25
24
27
28
26
28
26
27
28
26
22
23
23
30
33
29
26
24
26
28
29
26
28
29
29
29
29
29
30
27
26
25
24
25
28
27
27
26
26
26
27
29
27
27
26
27
26
26
27
27
27
27
26
25
27
29
28
27
27
25
25
25
28
29
31
31
28
28
30
31
30
28
27
26
28
30
30
31
31
33
30
27
26
27
28
30
31
32
29
28
28
26
29
29
27
28
27
27
28
27
28
29
29
30
30
30
30
30
29
29
30
29
30
30
31
32
31
28
29
31
32
31
31
30
32
33
33
33
33
32
30
29
29
29
29
26
26
25
26
28
31
31
28
26
25
28
27
28
27
28
29
30
28
29
28
27
27
27
28
28
29
28
27
28
28
30
30
32
35
32
30
30
31
30
30
28
28
27
26
29
30
28
26
25
24
26
27
26
24
27
25
23
24
25
28
28
26
22
23
26
26
25
25
25
27
26
25
24
23
26
28
28
25
23
25
28
27
27
29
30
31
28
26
27
27
27
28
28
27
30
30
27
27
28
29
28
27
27
28
28
27
26
26
25
24
25
26
27
30
30
28
29
29
27
29
28
26
27
28
31
33
35
36
33
30
25
24
26
30
31
31
31
29
31
30
29
28
28
26
27
26
29
32
32
31
30
28
27
30
31
33
34
31
29
31
32
30
30
30
32
32
32
32
33
35
33
31
30
29
31
32
31
30
32
34
34
34
31
33
33
35
34
31
31
30
32
32
32
33
33
32
32
33
33
34
33
33
34
32
34
36
38
36
35
33
35
38
38
37
36
35
34
36
36
36
35
33
32
31
31
36
38
36
33
33
32
35
34
30
32
33
34
35
36
37
38
35
33
33
34
34
34
36
36
36
35
34
34
37
40
38
36
36
38
37
35
38
37
39
37
36
35
38
39
37
36
34
33
34
36
35
35
33
32
33
36
36
36
35
35
34
33
33
33
35
36
35
33
33
32
33
35
36
36
36
35
33
34
35
37
36
34
32
30
31
36
38
34
30
30
30
32
32
31
32
33
29
27
26
28
31
33
31
31
32
32
32
32
31
31
31
29
28
30
32
31
31
28
28
28
28
27
28
27
31
33
34
33
33
33
30
29
30
32
33
31
29
29
30
31
30
31
31
33
34
33
33
32
32
32
32
33
34
31
27
28
31
34
34
33
30
28
29
31
32
30
29
29
32
33
33
32
29
30
28
29
32
33
34
33
32
30
30
30
31
31
29
26
27
29
29
29
28
31
33
33
31
30
31
32
32
28
28
29
31
31
32
33
30
28
24
22
23
29
33
31
30
32
32
31
29
27
26
25
25
26
27
29
28
28
26
24
22
23
25
24
22
22
21
21
20
22
25
27
26
22
19
19
22
24
25
24
20
20
20
22
26
26
23
20
20
23
25
25
25
24
22
20
19
19
21
24
24
22
20
22
23
19
18
17
19
19
18
20
23
24
23
22
23
21
20
20
18
21
23
24
23
21
23
23
20
19
19
18
19
22
24
24
22
19
20
21
24
23
21
22
23
22
21
21
20
21
20
18
17
18
22
22
20
18
19
22
23
21
21
23
22
22
21
21
20
19
18
19
18
18
18
17
18
21
21
18
14
13
14
15
20
20
21
19
18
19
20
21
20
19
15
18
21
21
20
20
19
19
18
19
21
19
18
17
17
21
23
19
17
14
15
17
19
17
19
19
19
20
20
19
18
18
18
19
22
21
20
19
17
17
16
18
18
20
19
18
19
22
24
23
19
15
13
15
18
18
18
19
19
20
19
17
17
15
15
15
19
20
22
22
19
17
18
18
18
16
16
17
16
15
17
20
19
16
13
13
14
15
15
13
14
15
15
13
10
10
14
16
18
18
17
18
17
15
15
17
18
17
17
19
21
23
23
21
19
21
18
18
18
19
20
19
19
20
21
24
24
23
22
22
21
21
21
24
24
23
22
22
23
21
22
21
22
21
20
20
21
23
25
26
25
23
25
24
22
25
29
28
27
25
25
25
24
26
26
24
22
22
24
25
24
22
21
24
26
26
25
23
23
25
24
24
22
25
27
28
28
27
27
27
28
27
28
27
26
26
26
28
26
27
26
25
25
26
26
26
24
22
24
23
24
24
23
23
23
25
26
26
26
25
25
23
23
25
28
27
25
23
23
23
21
19
18
21
25
25
24
23
20
24
26
25
22
21
21
24
25
26
26
25
25
24
21
20
23
24
22
20
18
19
22
24
23
23
23
23
23
20
18
19
22
23
25
24
24
25
26
24
22
22
23
24
24
23
22
22
23
22
23
22
21
21
23
22
23
23
21
21
22
20
21
22
23
25
24
23
24
24
25
24
19
19
20
20
23
24
26
28
26
23
22
21
23
22
20
22
24
27
29
31
29
26
23
23
24
25
24
22
24
25
26
27
23
23
23
25
26
24
24
24
24
25
24
25
27
27
27
27
29
29
29
28
29
29
28
28
31
32
31
29
30
31
32
31
30
30
29
27
29
30
29
30
31
28
29
32
32
32
31
29
29
29
29
29
29
32
33
32
32
28
26
27
29
29
33
32
28
27
27
27
28
27
26
25
26
28
28
28
27
28
30
31
30
30
31
28
28
29
29
30
31
30
30
31
29
32
34
33
30
30
29
29
31
29
28
27
28
29
28
26
27
28
29
30
28
25
23
25
28
29
26
25
28
26
26
26
28
31
29
26
25
28
32
33
28
26
27
30
32
30
27
26
26
26
25
24
25
28
27
28
28
28
26
23
22
23
27
28
24
22
22
25
29
29
25
21
23
24
27
27
28
27
27
25
24
24
25
25
25
23
23
22
23
25
24
25
21
21
22
24
23
22
21
20
22
24
23
21
22
19
21
23
26
25
22
20
21
22
22
20
19
20
19
22
23
24
24
24
24
22
21
21
22
21
20
21
21
24
23
20
19
19
21
22
21
20
20
21
21
21
23
23
24
24
23
21
23
23
24
25
24
24
26
27
26
25
23
22
22
22
23
24
24
25
24
21
23
24
24
25
24
25
28
25
22
20
19
22
24
23
23
23
23
23
22
23
24
26
22
19
18
18
20
23
22
19
20
21
23
22
20
21
23
23
22
20
22
24
27
27
21
20
19
19
20
20
20
22
21
17
16
16
20
22
22
22
21
20
18
18
20
23
24
24
24
24
23
22
23
26
26
22
18
18
21
22
21
20
20
23
23
23
20
23
23
21
19
20
22
23
23
22
22
25
25
24
20
19
21
23
27
24
22
24
23
23
24
24
23
21
20
22
25
25
23
20
20
23
26
25
24
23
23
23
23
21
20
22
23
21
21
23
25
25
22
21
18
17
17
17
18
21
24
21
21
22
23
25
25
22
20
22
24
26
29
29
26
24
22
22
20
19
20
23
25
22
20
19
18
20
20
19
19
21
22
22
21
19
21
20
19
18
15
19
20
21
20
20
19
17
16
15
13
14
15
17
18
16
17
18
18
18
18
20
21
22
21
19
20
25
26
25
21
18
18
20
22
21
18
19
20
20
22
21
21
21
17
14
13
17
21
22
20
20
19
18
20
20
21
23
20
18
20
19
18
18
17
18
20
20
18
17
15
13
12
12
13
13
11
13
15
17
20
19
15
13
15
15
17
15
12
11
13
15
17
16
14
14
15
16
15
15
14
15
12
12
13
13
16
17
17
16
14
11
9
9
11
13
13
14
16
16
12
12
15
15
13
11
10
13
14
14
13
12
13
13
12
13
13
13
12
11
10
13
15
15
15
15
14
14
15
15
16
16
13
9
9
13
17
14
12
12
14
15
15
12
13
14
14
14
15
17
19
16
15
17
16
16
14
15
16
16
14
12
12
13
13
13
14
17
19
19
18
18
19
20
20
21
20
20
22
23
22
22
23
20
20
20
17
19
21
21
18
17
16
16
17
15
15
18
20
21
20
20
20
19
18
18
16
16
16
18
19
15
15
16
14
15
17
16
17
16
15
14
13
15
17
18
18
15
16
17
17
16
15
17
19
18
16
16
16
16
16
17
17
17
17
15
11
11
10
9
11
10
10
12
12
13
16
17
13
11
9
9
13
14
14
15
15
15
15
13
12
13
11
14
17
16
14
10
12
12
12
11
10
11
12
11
9
9
14
18
16
13
13
15
14
12
13
13
13
10
7
6
9
11
9
6
7
9
10
9
7
9
11
11
9
10
12
13
13
14
13
13
14
14
14
16
14
10
8
8
11
15
16
14
12
10
11
12
10
10
10
11
10
10
11
12
13
11
10
9
8
9
10
10
11
11
10
9
9
9
10
11
9
8
11
11
10
9
8
7
6
5
7
8
8
9
11
12
10
9
7
8
9
11
8
6
6
8
10
10
7
6
5
6
7
5
6
5
5
3
3
5
9
10
9
10
12
10
9
7
5
5
7
6
5
5
5
8
10
7
5
6
5
4
4
3
1
1
-1
1
4
4
3
3
4
7
9
6
3
3
1
1
5
6
9
11
9
7
6
6
5
5
4
3
4
5
5
5
5
4
1
1
1
2
3
2
4
2
1
0
1
2
-3
-4
-4
-2
0
-2
-1
1
-1
-3
-6
-7
-5
-3
-3
-3
-3
-3
-2
-4
-7
-7
-4
-5
-6
-4
-5
-3
0
-1
-2
-4
-7
-4
-5
-6
-6
-5
-5
-5
-4
-3
-4
-5
-9
-9
-7
-7
-3
-3
-2
-5
-7
-8
-7
-8
-7
-6
-4
-2
-2
-7
-6
-4
-1
-1
-2
-3
-4
-4
-5
-7
-5
-4
-3
-4
-5
-5
-5
-4
-5
-6
-8
-8
-8
-4
-3
-4
-6
-8
-7
-5
-5
-7
-8
-7
-7
-7
-4
-3
-2
-4
-6
-5
-3
-2
-2
-5
-6
-4
-4
-3
-3
-4
-4
-4
-6
-7
-7
-6
-4
-3
-4
-7
-7
-6
-4
-5
-7
-5
-3
-3
-4
-6
-8
-7
-6
-8
-7
-6
-7
-8
-7
-6
-5
-5
-6
-6
-5
-6
-8
-9
-7
-5
-5
-4
-4
-6
-8
-9
-9
-9
-10
-10
-11
-8
-5
-4
-8
-10
-10
-9
-8
-8
-10
-11
-10
-12
-10
-7
-4
-5
-7
-8
-5
-3
-5
-6
-6
-4
-5
-5
-4
-4
-6
-6
-6
-7
-6
-7
-8
-8
-7
-6
-5
-7
-8
-10
-12
-12
-10
-6
-5
-8
-9
-8
-7
-8
-6
-5
-5
-5
-6
-7
-5
-3
-3
-4
-4
-3
-4
-5
-5
-5
-5
-2
0
-3
-5
-6
-7
-7
-7
-6
-3
-3
-2
-6
-6
-5
-4
-6
-7
-10
-9
-7
-6
-6
-3
0
0
-3
-6
-8
-6
-5
-2
-3
-5
-6
-4
-5
-5
-4
-1
-1
-2
-3
-4
-4
-5
-4
-6
-6
-7
-9
-8
-5
-5
-4
-7
-10
-10
-8
-4
-5
-6
-8
-10
-7
-8
-5
-4
-6
-7
-7
-7
-6
-8
-9
-11
-6
-2
-2
-4
-6
-4
-6
-5
-6
-5
-5
-2
-2
-1
1
0
-2
-6
-8
-8
-7
-6
-8
-5
-6
-9
-10
-13
-13
-12
-12
-12
-12
-13
-13
-11
-10
-10
-9
-11
-11
-14
-16
-11
-9
-10
-13
-13
-14
-12
-10
-8
-9
-10
-9
-7
-5
-8
-8
-9
-9
-7
-5
-6
-7
-7
-9
-10
-10
-8
-5
-5
-8
-11
-11
-9
-7
-10
-11
-13
-12
-11
-12
-9
-10
-11
-12
-14
-15
-13
-14
-13
-13
-11
-8
-7
-9
-11
-13
-10
-10
-10
-8
-8
-7
-7
-8
-6
-7
-9
-7
-7
-5
-5
-5
-7
-6
-6
-6
-6
-5
-8
-8
-8
-11
-12
-11
-9
-7
-7
-8
-8
-7
-5
-7
-8
-8
-10
-12
-10
-9
-6
-7
-8
-8
-6
-6
-7
-8
-7
-6
-8
-11
-11
-8
-7
-7
-8
-8
-7
-7
-7
-9
-8
-7
-9
-13
-12
-9
-8
-4
-4
-7
-8
-7
-6
-9
-7
-4
-6
-7
-7
-6
-5
-5
-3
-5
-8
-7
-5
-3
-2
-5
-6
-7
-6
-6
-3
-4
-6
-7
-8
-6
-5
-5
-6
-6
-6
-6
-4
-3
-5
-1
-2
-5
-4
-5
-1
-2
-6
-6
-6
-6
-8
-7
-5
-2
-2
-6
-8
-9
-5
-6
0
-1
-3
-4
-7
-5
-7
-6
-7
-8
-7
-5
-6
-6
-6
-9
-8
-10
-8
-8
-10
-7
-10
-8
-12
-13
-11
-12
-14
-15
-12
-10
-9
-12
-14
-15
-16
-15
-16
-12
-8
-8
-12
-10
-8
-8
-6
-10
-11
-13
-11
-8
-11
-10
-11
-12
-14
-12
-19
-12
-16
-16
-16
-20
-14
-19
-13
-15
-12
-16
-15
-16
-17
-17
-19
-15
-20
-18
-19
-24
-20
-23
-15
-20
-20
-22
-20
-20
-21
-21
-25
-18
-21
-16
-19
-18
-19
-19
-18
-22
-16
-19
-14
-21
-19
-21
-22
-17
-21
-24
-27
-24
-21
-16
-22
-20
-23
-25
-22
-29
-26
-24
-25
-26
-27
-25
-17
-22
-19
-20
-25
-20
-23
-19
-20
-20
-17
-17
-21
-17
-22
-21
-18
-26
-22
-27
-23
-22
-25
-20
-25
-24
-23
-21
-25
-20
-26
-18
-22
-25
-22
-28
-24
-25
-24
-28
-25
-29
-22
-28
-29
-27
-30
-24
-30
-27
-24
-25
-26
-30
-31
-26
-26
-24
-22
-29
-24
-27
-28
-25
-30
-28
-27
-27
-25
-22
-26
-19
-28
-29
-27
-32
-27
-31
-30
-24
-24
-27
-25
-32
-24
-29
-29
-26
-29
-28
-25
-25
-20
-20
-29
-23
-31
-26
-26
-26
-18
-27
-26
-25
-24
-26
-29
-30
-22
-23
-27
-23
-28
-21
-28
-27
-27
-25
-28
-27
-29
-27
-25
-29
-22
-32
-27
-30
-26
-27
-27
-30
-26
-29
-28
-30
-34
-25
-28
-27
-26
-33
-26
-29
-26
-25
-30
-30
-23
-25
-22
-21
-31
-20
-31
-24
-27
-23
-22
-19
-25
-24
-29
-28
-24
-26
-20
-25
-23
-29
-26
-28
-26
-25
-27
-27
-27
-29
-24
-25
-24
-22
-35
-26
-28
-22
-23
-27
-28
-29
-29
-34
-27
-35
-26
-35
-32
-26
-30
-23
-27
-28
-27
-33
-26
-30
-24
-34
-26
-26
-38
-23
-38
-21
-32
-27
-24
-22
-27
-24
-29
-22
-24
-23
-19
-22
-18
-25
-13
-21
-15
-20
-22
-5
-28
1
-28
3
-25
-8
-18
-15
-6
-20
5
-20
2
-23
-5
-18
-5
-13
-11
-5
-20
4
-20
0
-16
-18
-5
-24
-5
-31
-15
-20
-19
-23
-17
-32
-16
-33
-31
-30
-29
-45
-16
-67
-16
-54
-40
-40
-65
-24
-64
-41
-69
-47
-66
-45
-75
-63
-59
-72
-59
-78
-79
-65
-82
-60
-87
-68
-78
-64
-75
-67
-66
-61
-48
-73
-40
-61
-38
-43
-37
-31
-25
-15
-15
1
-4
9
12
17
36
23
51
46
60
62
66
82
75
98
90
105
105
97
119
107
114
121
110
116
118
91
120
100
95
88
80
67
71
39
36
34
-10
7
-38
-52
-60
-111
-106
-129
-157
-172
-202
-227
-241
-259
-307
-279
-351
-329
-362
-396
-361
-448
-376
-445
-408
-445
-443
-422
-409
-379
-395
-347
-367
-299
-306
-239
-210
-193
-153
-133
-76
-39
-7
41
75
110
122
163
187
249
255
286
301
327
336
369
369
398
401
410
410
393
416
407
435
397
400
380
384
363
357
346
338
318
286
278
256
249
223
196
184
143
119
93
74
40
17
-39
-41
-75
-113
-147
-193
-226
-263
-305
-321
-383
-402
-443
-522
-511
-588
-607
-668
-626
-725
-712
-749
-789
-733
-587
-706
-740
-734
-661
-483
-573
-535
-487
-341
-327
-345
-306
-67
1
-49
-26
39
206
224
176
306
391
390
328
347
426
519
441
415
446
436
419
366
385
419
380
294
262
244
241
220
181
176
135
78
55
35
76
15
8
-21
-49
-12
-46
-19
33
2
1
30
12
102
97
100
193
179
232
259
229
332
349
342
383
349
339
400
321
348
324
220
298
166
164
87
-13
-20
-119
-196
-284
-345
-448
-473
-641
-661
-705
-806
-802
-875
-908
-914
-906
-884
-920
-967
-957
-756
-790
-800
-747
-686
-545
-525
-527
-397
-206
-241
-171
-154
-17
146
106
147
259
320
355
352
392
527
550
466
517
519
572
558
504
542
554
495
439
432
419
423
368
308
296
250
240
187
178
132
123
88
44
45
34
61
45
40
5
67
47
73
98
98
141
152
129
200
221
242
265
247
255
268
276
236
254
241
200
112
126
91
78
-33
-60
-96
-249
-198
-251
-463
-385
-508
-618
-632
-813
-697
-879
-795
-881
-943
-814
-990
-913
-1032
-855
-773
-867
-844
-811
-705
-572
-567
-607
-300
-299
-347
-164
-213
59
121
77
137
267
303
336
376
419
599
490
477
522
564
628
570
545
577
568
478
489
481
493
474
368
351
323
326
259
233
200
159
142
83
63
109
115
55
61
-3
68
42
66
50
106
92
84
140
112
234
195
202
213
231
224
297
264
239
310
234
161
202
246
131
95
146
59
-132
66
-98
-270
-24
-418
-358
-347
-611
-595
-508
-793
-879
-668
-922
-919
-934
-796
-1075
-934
-1030
-1048
-847
-851
-932
-932
-636
-836
-641
-538
-529
-365
-297
-328
-293
14
24
66
136
224
285
318
365
391
614
549
481
560
590
642
629
621
621
645
546
531
540
557
576
460
455
435
377
350
340
289
310
254
193
225
161
208
132
163
134
99
125
119
110
150
127
136
172
115
185
186
207
203
159
248
174
279
170
252
209
185
168
130
166
61
0
133
-55
-149
-25
-110
-285
-324
-207
-515
-604
-439
-771
-738
-852
-885
-836
-993
-1022
-824
-1112
-1076
-1018
-1235
-721
-1012
-1030
-814
-873
-867
-527
-755
-512
-277
-471
-287
-219
-128
113
135
58
275
302
330
395
443
588
627
524
552
616
697
657
667
640
658
623
546
579
630
599
572
577
413
500
471
377
488
379
327
326
255
236
358
212
256
193
103
198
154
170
146
192
93
156
114
134
207
156
170
142
247
127
255
273
143
234
253
138
135
206
35
105
145
-150
55
-83
-117
-285
-238
-205
-502
-449
-635
-612
-834
-626
-1080
-877
-1046
-908
-1015
-1079
-1100
-1064
-1295
-965
-846
-1237
-757
-1000
-929
-625
-749
-703
-263
-431
-436
-156
-326
50
156
80
186
324
287
371
442
534
687
629
554
622
691
759
717
762
716
753
629
616
753
738
754
651
517
597
586
542
575
506
432
405
301
353
354
395
288
184
206
174
187
201
189
72
195
24
30
237
220
79
182
224
200
-22
450
179
130
378
141
106
166
152
155
186
-225
142
-155
-83
-235
-124
-257
-604
-343
-515
-700
-852
-594
-974
-964
-1168
-939
-1134
-1155
-963
-1171
-1270
-1415
-765
-1143
-1036
-920
-1041
-822
-749
-799
-613
-260
-484
-274
-301
-224
157
194
126
280
437
406
490
497
672
829
733
744
740
824
877
829
851
912
824
760
710
754
843
781
646
641
585
576
552
479
476
433
341
295
246
230
389
185
146
103
165
85
83
117
226
57
9
407
-83
302
434
51
246
395
188
285
392
296
202
332
287
29
276
227
18
172
-152
16
-132
-259
-243
-420
-422
-625
-836
-672
-1002
-865
-1095
-1200
-1179
-1146
-1151
-1336
-1170
-1421
-1404
-1133
-1039
-1190
-944
-1043
-997
-571
-780
-780
-120
-301
-372
-127
-105
106
488
272
357
711
469
635
643
864
1060
1016
763
866
960
1060
1020
904
1050
941
812
714
792
944
839
687
519
546
555
496
477
440
401
306
206
146
306
254
240
136
-19
69
314
80
103
431
114
184
336
222
348
463
429
280
390
515
335
496
526
144
387
351
127
120
443
-75
-192
8
-332
-137
-461
-387
-903
-427
-1114
-775
-1229
-1178
-1149
-1454
-1234
-1360
-1197
-1598
-1243
-1611
-1284
-1035
-1297
-1006
-1166
-916
-867
-543
-799
-262
-114
-294
46
-149
403
577
568
463
819
779
830
1024
946
1223
1332
1020
999
1197
1179
1218
1191
904
1094
967
773
860
887
756
726
550
351
589
422
355
372
234
236
151
126
178
286
147
143
124
84
272
236
357
212
361
425
332
371
701
412
604
651
407
638
600
673
382
484
316
441
159
291
139
-109
-29
-424
-357
-648
-264
-1359
-673
-1204
-1476
-1451
-1422
-1671
-2013
-1356
-1741
-1500
-1985
-1531
-2020
-1314
-1116
-1448
-1215
-1209
-899
-781
-500
-608
33
135
-93
153
216
849
868
986
755
1188
1174
1172
1261
1382
1602
1535
1205
1199
1338
1366
1318
1228
960
1086
855
687
794
713
621
533
283
177
300
160
204
79
18
-92
-44
-31
-65
84
59
11
72
32
237
383
296
481
416
386
601
789
496
823
881
476
978
603
631
423
815
320
248
183
246
-288
-239
-282
-866
-718
-1266
-1192
-1524
-2024
-1717
-2291
-2164
-2485
-2118
-2285
-2143
-2335
-2474
-2584
-1878
-1497
-1987
-1576
-1558
-1307
-745
-879
-613
147
242
121
294
414
1071
1509
1488
1343
1472
1676
1603
1811
1947
2051
2016
1738
1425
1582
1589
1530
1501
1140
886
751
539
599
585
333
258
-27
-255
-180
-200
-191
-183
-392
-486
-489
-340
-320
-148
-104
-107
-108
3
158
292
557
471
651
696
699
849
895
1020
996
696
734
662
597
626
343
171
41
-258
-667
-536
-850
-1453
-1604
-1978
-2327
-2255
-2746
-2942
-2919
-3007
-2786
-2464
-3073
-3057
-3193
-2350
-1800
-2070
-2094
-1739
-1327
-976
-603
-596
401
590
537
585
938
1690
2016
2148
1793
2153
2126
2278
2186
2509
2447
2242
2025
1627
1721
1512
1509
1301
1039
628
276
220
185
85
-174
-358
-442
-671
-721
-781
-641
-422
-666
-748
-735
-497
-294
-85
48
39
226
222
521
661
905
949
1067
1028
1028
1051
1183
1136
965
872
492
516
227
279
-370
-366
-987
-1122
-1866
-1927
-2267
-2919
-2736
-3801
-3588
-4086
-3848
-3909
-3551
-3249
-4237
-3496
-4393
-2731
-2260
-2044
-2016
-1944
-1175
-777
63
-110
915
1539
1759
1872
1610
2233
2844
3551
3294
2942
2637
2651
2800
2903
2585
2264
2014
1423
1086
549
401
530
313
-331
-884
-1402
-1318
-1149
-1273
-1317
-1552
-1671
-1696
-1529
-1296
-846
-782
-560
-608
-333
-42
418
840
997
1082
1145
1393
1566
1863
1802
1969
1742
1602
1264
1192
1069
956
661
111
-360
-666
-1192
-1159
-2293
-2288
-3475
-3887
-3762
-4844
-4495
-5481
-5392
-5344
-5085
-4468
-4603
-4636
-4859
-4213
-2972
-2417
-1676
-1829
-1101
-339
20
765
1310
3005
3561
2927
2978
2707
4328
5014
4749
4247
3657
3363
3176
3099
2798
2567
2062
957
391
-455
-687
-719
-834
-1233
-2220
-2878
-3156
-2733
-2490
-2471
-2489
-2519
-2291
-2183
-1784
-1224
-436
134
247
402
692
1272
2043
2523
2731
2737
2658
2743
2831
2940
2857
2796
2281
1851
1252
1115
746
513
-174
-932
-1359
-2300
-2569
-3611
-4177
-4502
-5572
-5430
-6427
-6482
-6989
-6579
-6446
-5760
-4664
-5325
-4720
-4880
-3803
-1875
-879
-377
-54
658
1483
2668
3129
4373
5681
5419
5314
4725
5248
6182
5996
5592
4881
3831
2982
2485
2033
1872
994
-362
-1210
-1947
-2737
-2866
-3084
-3291
-3469
-4362
-4513
-4071
-3496
-3324
-2586
-2292
-1524
-666
-711
360
1393
2115
3052
3274
3389
3943
4278
4448
4990
4692
4389
4272
3686
3351
3033
2532
2251
1586
730
-7
-506
-943
-1427
-2239
-2771
-3841
-4236
-5054
-5732
-5993
-6557
-6465
-7143
-7208
-7264
-7133
-5444
-5842
-3729
-3734
-3323
-2397
-2128
-187
1715
2768
2787
3560
4071
5288
6313
6497
7027
7551
6773
6004
5953
5241
5661
4775
3599
2557
938
-152
-544
-1091
-2050
-3014
-4127
-4925
-4817
-5028
-5272
-4412
-4592
-4600
-4216
-3924
-1578
-565
557
774
1769
3309
4518
5318
5595
6170
6347
6862
6511
6555
6038
5874
5175
4650
3868
2919
2631
1940
1390
434
-269
-1041
-1262
-1984
-2326
-3005
-3284
-3884
-4312
-4809
-5356
-5372
-5979
-5456
-5525
-6028
-5777
-6290
-5363
-4044
-3695
-2080
-855
-1043
-300
-718
1021
3695
4756
4821
4500
4383
5384
6146
6247
6840
6276
5576
4597
3595
3135
2812
2197
1451
286
-1560
-2784
-3600
-3472
-3583
-4087
-4903
-5141
-5044
-4944
-4705
-3975
-2614
-1318
-536
-432
204
1281
3541
5370
6093
6445
5796
6070
6683
6803
6918
6363
5311
4589
3479
2573
2176
1778
1482
706
-344
-1360
-1775
-1652
-1493
-1484
-2194
-2972
-3337
-3365
-2751
-2641
-2921
-3350
-4152
-4515
-3895
-4106
-3673
-4318
-5199
-4161
-3651
-2681
-1431
-1257
-1047
-92
-1108
704
2212
2979
4045
3215
3284
4062
4330
4455
4795
4400
4284
3306
2590
1909
1477
1058
148
-420
-1557
-2569
-3317
-3633
-3558
-3239
-3541
-3651
-3542
-3439
-2489
-1556
-712
234
745
1265
2581
3371
4417
5302
5574
6170
6128
5805
5586
5301
4953
4624
3653
2803
2015
1360
962
461
40
-454
-804
-1267
-1404
-1419
-1315
-1212
-1271
-1713
-2023
-2140
-1946
-1530
-1479
-1961
-2696
-3439
-3526
-3515
-3634
-4470
-4469
-4558
-2872
-2695
-1846
-1394
-1480
-436
-814
647
2118
3189
3318
3275
3301
4069
4454
4119
4432
4239
4000
2747
2051
1003
844
132
-804
-1421
-2350
-3373
-3997
-4152
-3791
-3453
-3653
-3631
-3072
-2124
-1483
-812
27
1028
2239
2882
3520
4444
5153
5786
6164
5922
5937
5389
4869
4498
3699
3117
2093
1365
843
294
-265
-861
-1148
-1209
-1422
-1605
-1745
-1550
-1271
-1179
-1366
-1489
-1849
-1487
-1492
-1096
-1595
-2118
-2839
-2986
-3783
-3602
-4693
-4745
-3891
-4145
-2677
-1847
-1394
-817
-1034
-1483
764
2524
3448
3794
2928
3125
4057
4365
4002
4363
3870
3355
2637
1493
472
-6
-902
-1453
-1823
-2911
-3966
-4422
-4481
-3741
-3410
-3427
-2960
-2040
-1032
-407
197
1021
2282
3509
4150
4743
4870
5376
5610
5958
5916
5219
4490
3642
2989
2474
1556
638
73
-336
-648
-1099
-1598
-1713
-1513
-1299
-1222
-1094
-783
-520
-201
-243
-366
-543
-519
-301
-201
-636
-1217
-2293
-3162
-3496
-4570
-4585
-5102
-5348
-4647
-3971
-3041
-1355
-1944
-1219
-1422
-158
2300
3185
3786
3671
3636
4282
4631
4113
4265
3916
3440
2677
1579
259
-669
-1431
-2240
-2480
-3308
-4200
-4617
-4507
-4072
-3496
-3125
-2509
-1007
64
750
1374
1859
3228
4601
5280
5745
5551
5617
5639
5560
5059
4345
3459
2614
1832
1031
-22
-894
-1308
-1497
-1435
-1761
-2125
-1968
-1644
-1076
-643
-359
159
407
729
839
745
694
648
445
715
105
-888
-1878
-3382
-4006
-4955
-5691
-6336
-5731
-5761
-4388
-3662
-2253
-2104
-1487
-1595
252
2741
3668
4336
4025
4643
4964
5205
4214
4360
4015
3529
2559
1273
-259
-1499
-2453
-3080
-3170
-3923
-4666
-4951
-4692
-4068
-3488
-2812
-1460
174
1313
1939
2381
3337
4672
5938
6348
6361
5822
5698
5536
5128
4558
3364
2567
1616
768
-18
-1070
-1707
-1900
-1759
-1632
-1857
-2045
-1618
-1012
-242
211
613
1219
1483
1806
1732
1825
1549
1332
913
647
221
-854
-2207
-3875
-5319
-5988
-6794
-7343
-6936
-6703
-5203
-3775
-2365
-1825
-956
-954
915
3646
4896
5920
5900
5779
6230
5991
4835
4919
4268
3567
2514
730
-1099
-2533
-3732
-4382
-4451
-5061
-5535
-5538
-5295
-4590
-3708
-2746
-902
1022
2432
3185
3660
4474
5729
6881
7219
7079
6601
6157
5601
4787
3603
2700
1848
955
125
-1066
-1879
-2462
-2569
-2158
-1942
-1794
-1625
-1335
-385
193
865
1507
2063
2600
2741
2516
2575
2365
1993
1711
1041
225
-948
-2573
-4405
-5518
-7031
-7887
-8270
-8331
-7565
-6245
-5498
-3122
-1634
-697
633
891
3513
5711
6856
7479
7482
7120
7049
5944
5154
4631
3511
2234
657
-1104
-3019
-4392
-5620
-6026
-5999
-6276
-6093
-5592
-4984
-3832
-2505
-770
1261
3054
4084
4957
5779
6520
7486
7704
7454
7115
6309
5529
4460
3129
2117
1115
136
-725
-1644
-2378
-2936
-3061
-2780
-2228
-1669
-1402
-672
42
901
1583
2224
2923
3473
3892
3770
3837
3183
2793
2107
1452
624
-572
-2044
-3769
-5753
-6793
-8495
-8722
-9616
-9359
-7699
-6398
-4982
-2172
-1012
1131
2453
2138
5623
7205
8310
9095
8401
8188
7708
5904
4945
3901
2457
988
-660
-2390
-4426
-5959
-7165
-7308
-6797
-6642
-6001
-5194
-4233
-2638
-1010
844
3051
4742
6009
7038
7505
7913
8354
7894
7574
6815
5813
4760
3201
1826
824
-318
-1158
-2049
-2706
-3064
-3389
-3250
-2655
-1927
-1098
-404
571
1494
2307
2934
3436
4207
4487
4681
4655
4351
3878
3026
2168
1336
275
-899
-2629
-3946
-6099
-7774
-9354
-10117
-9594
-9361
-8261
-6934
-5207
-2703
276
1680
3710
3793
5548
8147
9363
10319
9528
8471
7671
6523
5319
4107
2069
288
-1431
-2922
-4727
-6436
-7629
-7916
-7347
-6705
-6006
-5052
-3931
-2120
-193
1912
3758
5412
6980
8066
8754
8637
8367
8076
7384
6620
5464
3962
2601
1150
-5
-1032
-2163
-2861
-3310
-3514
-3334
-3263
-2343
-1519
-450
811
1692
2699
3584
4077
4867
5253
5366
5599
5324
5221
4587
3920
2973
1940
693
-389
-2017
-3043
-4752
-6574
-8098
-9546
-10190
-9770
-9361
-8436
-6979
-5547
-3245
-706
2573
4598
6332
6398
7646
9522
10093
10121
9304
8226
7261
5531
3497
1980
-12
-1511
-3025
-4343
-5791
-7138
-7909
-7817
-6686
-5716
-4490
-3083
-1478
342
2129
3785
5515
7147
8389
9036
9159
8642
8057
7227
6216
5254
3934
2563
1055
-340
-1365
-2231
-3070
-3289
-3310
-3163
-2446
-2262
-1116
33
831
2382
3220
4537
5369
5588
6026
5966
6141
5949
5738
5458
4634
3720
2570
1263
255
-1029
-2137
-3805
-5155
-6779
-8283
-8951
-9886
-9621
-8836
-8569
-7127
-5347
-3857
-910
2248
4966
7338
7519
7107
9046
9738
10297
10442
8948
8001
6193
3724
2219
216
-1649
-2670
-3848
-4883
-6255
-7413
-7562
-6828
-5769
-4516
-2953
-1452
261
2024
3634
5258
6643
7861
8853
9031
8792
8198
7394
6290
5013
3737
2498
1220
-17
-1127
-2206
-3140
-3685
-3588
-2966
-2179
-1495
-789
277
1428
2622
3958
4843
6139
6594
6949
6998
6363
6246
5714
5510
5255
4259
3302
2122
550
-427
-1708
-2567
-3880
-5223
-6765
-7819
-9009
-9406
-8998
-8513
-7666
-7626
-5464
-3570
-853
1414
4336
6810
8391
8063
8194
9566
10005
10495
9764
8465
6790
4643
2289
886
-1091
-2467
-3457
-4526
-5519
-6638
-7318
-7162
-6224
-4807
-3154
-1627
-159
1534
3342
4741
6127
7271
8545
9236
9188
8672
7874
6647
5247
4085
2884
1744
413
-760
-1831
-3027
-3886
-4304
-3569
-2664
-1503
-492
232
1520
2423
3674
5059
6002
7020
7586
7476
7349
6633
6025
5852
5337
4903
4022
2889
1689
255
-1147
-2332
-3199
-4427
-5324
-6909
-7508
-8486
-8865
-8735
-8367
-7252
-6494
-5555
-3627
-1312
1039
4740
6647
8780
8927
8254
9467
10073
10046
10009
8382
7027
5417
2643
887
-1204
-2724
-3522
-4293
-5324
-6289
-7040
-6957
-6244
-5056
-3507
-1880
-74
1692
3580
4964
6089
7113
8355
9234
9505
9070
8331
7184
5596
4100
2675
1346
186
-881
-1860
-2790
-3856
-4268
-3964
-3170
-2040
-899
321
1733
2923
3885
5003
6013
7010
7859
8166
8002
7623
6860
6360
5603
4681
3855
2874
1892
714
-873
-2346
-3448
-4341
-5001
-5800
-6717
-7201
-7664
-7857
-7869
-7434
-6860
-5449
-4309
-2989
-878
868
3908
7123
8407
9720
8659
8170
9620
9066
9102
8250
6349
5215
2953
502
-1086
-2859
-3531
-3915
-4675
-5319
-6010
-6188
-5439
-4566
-3277
-1737
-277
1693
3489
4757
5807
6630
7484
8313
8467
8288
7631
6745
5499
3998
2524
1246
320
-381
-953
-1651
-2429
-2895
-2890
-2312
-1387
-667
404
1636
2822
3921
4760
5443
6193
6879
7292
7395
6878
6272
5372
4790
3966
3137
2548
1692
859
-176
-1472
-2479
-3208
-3705
-4205
-4647
-5312
-5814
-5887
-6374
-5483
-5564
-4912
-4336
-4104
-2399
-1715
-76
2255
5071
8527
8610
7799
6371
6238
7365
7189
7275
6235
4578
3604
1630
-78
-1685
-2815
-2886
-2801
-3139
-3796
-4215
-4330
-3564
-2651
-1946
-939
318
2218
3717
4227
4772
5109
5818
6592
6805
6978
6410
5647
4857
3834
2690
1612
1075
849
708
-91
-925
-1432
-1388
-889
-516
250
870
1743
2473
3196
3537
3995
4472
4999
5672
5412
5317
4894
4388
4248
3450
3117
2802
2233
1778
745
-328
-1259
-1709
-2268
-2709
-3587
-4303
-4860
-5238
-5429
-5620
-5126
-5156
-4115
-3570
-2899
-1544
-1176
-46
1293
4106
6095
7369
7213
6631
7217
6069
6299
6276
5083
4993
3630
2483
840
-1255
-1718
-2457
-2774
-2822
-3138
-3245
-3220
-2879
-2345
-2223
-1664
-176
1472
2798
4051
4843
5541
5789
5914
6324
6277
6306
6292
5777
4652
3420
2304
1435
911
408
291
-35
-174
-373
-618
-417
-474
26
846
1593
2489
2956
3531
3850
3978
4437
4478
4909
5051
4944
4823
4219
3599
3003
2182
1576
826
377
-91
-1009
-1721
-2910
-3482
-4317
-4423
-5034
-4977
-5212
-5398
-4722
-4859
-4047
-3267
-2383
-835
-28
2023
3986
4943
6493
5932
6791
6610
5986
6522
6252
5391
4993
3587
2295
1012
10
-474
-1176
-1778
-1932
-2208
-2627
-2485
-2322
-1930
-1506
-688
650
1326
2516
2816
3687
3885
4347
5212
5398
5658
5530
5412
4598
4021
3226
2917
2326
1802
1627
1301
1011
667
496
330
430
476
1024
1332
1755
2278
2405
2662
2790
3137
3494
3880
4011
4155
4076
3766
3530
3247
2901
2372
2077
1596
1438
977
439
-179
-1051
-1356
-2001
-2265
-2554
-3096
-3330
-3810
-4336
-3980
-3823
-3506
-2820
-3173
-2223
-1558
-524
1538
2849
4007
4588
5049
5235
5479
5644
5749
6397
5441
5311
4795
3032
2660
1862
1067
646
-38
-89
-381
-893
-822
-1016
-1408
-1253
-974
-224
310
762
1610
1806
2456
2988
3731
3980
4458
4781
5389
5265
4745
5001
4418
4267
3971
3590
3274
2846
2600
2150
1499
946
847
839
961
1003
1104
1151
1313
1482
1887
2249
2594
3134
3557
3807
4107
4285
4342
4351
4148
4181
4121
3919
3516
3047
2197
1788
773
203
-362
-1042
-1259
-1904
-2386
-3033
-3222
-3503
-3331
-3020
-2619
-2392
-1770
-1638
-704
581
738
2750
3415
4048
5439
4762
5876
5643
6068
6307
5615
5517
4583
4518
3728
2924
2309
1506
1092
744
108
-100
-284
-282
-8
49
359
775
1568
2706
3428
4000
4523
5125
5508
5725
6122
6084
6214
6390
6285
5863
5223
4819
4419
3967
3534
3410
3110
2884
2704
2528
2263
2278
2536
2969
3372
3613
4028
4330
4699
5172
5703
6026
6384
6840
7048
7119
7064
6628
6400
5991
5822
5757
5322
4938
4553
4054
3424
2759
2347
2267
2176
2050
2243
1844
1481
1566
1606
1635
1808
2244
3120
4051
4651
5921
6418
6959
7157
7484
7132
7261
6912
6338
6096
5290
4712
4628
3107
3579
3008
1876
2737
1321
1249
1409
1650
2507
2686
3326
4100
4564
5191
6128
6253
6650
6914
7084
6738
6236
5610
4698
3906
2564
1967
1421
772
875
794
480
292
213
7
165
724
1039
1686
2157
1987
2100
1652
1669
1800
1577
1584
1611
1369
1153
1128
874
314
-166
-606
-1168
-1396
-2127
-2173
-2222
-2830
-2788
-2715
-3102
-3310
-2574
-2827
-2903
-2468
-2500
-2565
-1841
-2227
-1875
-1653
-2061
-1507
-1158
-1268
-1211
-1115
-1290
-2215
-1993
-2669
-3671
-3465
-4853
-5446
-5638
-6432
-6450
-6164
-6412
-5901
-6016
-5461
-5534
-5324
-4785
-5082
-4247
-4193
-3896
-3203
-2877
-2545
-2387
-1919
-1845
-1844
-1801
-2061
-2037
-2439
-2477
-3042
-3434
-3636
-4141
-3572
-3840
-3522
-2867
-2593
-2262
-2016
-1796
-2097
-2393
-3201
-3944
-4362
-4596
-4368
-3799
-4358
-3713
-3613
-3321
-3133
-3286
-2576
-3135
-3054
-3151
-3664
-3739
-4497
-4948
-4888
-5000
-4103
-3781
-2852
-2534
-2813
-2454
-2307
-3184
-2841
-3365
-4125
-3061
-3024
-2491
-1888
-2140
-993
-2045
-1357
-1882
-2075
-1787
-2464
-1847
-2564
-2500
-2379
-2069
-1686
-982
-1303
4
-891
-620
594
-1053
-582
-18
-1207
-443
-125
-1157
-932
-306
-1801
-503
-432
-1657
-279
-845
-984
-641
-1220
-839
-569
-1064
-368
23
-788
-119
672
10
-46
840
-224
200
550
-435
-89
-228
-501
-90
-636
-763
-267
-893
-630
-455
-1189
-916
-395
-1214
-393
-208
-412
186
541
799
454
1580
661
1274
1654
1284
1549
1474
1520
1354
1215
970
1282
601
528
682
240
-64
303
128
-116
94
153
-313
279
-162
237
348
219
971
-121
1305
565
638
1391
851
1369
1196
1098
1199
605
827
278
814
129
71
179
213
-574
713
-48
-587
998
-764
958
236
247
1028
1103
1027
1142
1431
788
1809
1214
812
1624
527
755
767
203
225
-103
-32
-161
-592
-336
-882
-519
-670
-542
82
-516
-205
419
281
409
747
763
1033
1246
1701
1102
2217
1394
1270
2175
1115
1110
1715
850
733
1159
476
483
1139
-191
1177
71
182
840
260
1093
1018
813
1230
1196
1500
996
2171
1649
1188
3109
1032
2030
2568
1073
1913
1558
1339
1153
972
772
604
795
409
789
27
515
1213
91
1081
1209
317
1585
975
1136
1152
2096
1277
1796
2339
1099
1317
2228
841
1484
1945
513
1736
616
621
1216
158
30
927
225
-548
882
-7
-459
1379
-817
1044
-377
986
351
534
1789
-152
2102
434
1550
529
1881
518
942
1416
-67
1690
-917
1896
-672
900
253
-165
523
-230
-7
394
-268
91
1275
-824
1440
699
420
1109
1357
616
1243
1395
603
1183
1340
649
1283
826
491
1012
537
-190
634
401
-667
804
13
-453
530
-283
230
509
-79
1161
240
1102
984
845
806
2011
298
1629
1553
441
1686
907
798
723
1170
328
1084
285
141
1160
-923
945
-47
-276
155
266
-307
226
623
-367
1281
373
285
1238
693
777
1150
335
1871
-33
1790
883
422
1841
-407
1565
-151
1538
-290
1585
79
-173
1514
-828
1191
331
369
1244
-90
1381
409
1493
293
1890
923
530
2325
89
1403
1432
61
1527
958
546
1625
-436
1966
-1087
1757
52
-232
2223
-1205
1860
383
194
1390
411
1128
707
1696
368
2038
800
1103
1564
999
1145
1403
1152
986
1258
830
1016
806
1151
359
1135
95
1431
-542
1742
-412
865
1103
-444
1523
-253
1266
-103
1777
-131
1596
742
571
1626
428
1719
946
1382
918
1250
812
1084
858
705
1430
-169
1982
-94
921
445
641
541
339
1427
-456
2011
-265
1831
534
1184
983
2015
415
1360
2119
-655
2925
71
1195
1071
745
848
833
522
452
601
549
287
484
-150
707
286
76
872
345
812
504
1461
241
1374
1133
1552
699
2138
952
1324
1527
1216
1212
1074
1316
861
1114
295
890
634
-3
648
779
-954
1821
-811
724
314
378
495
611
1347
146
2368
-38
2362
371
1944
1100
1664
1065
1579
1002
1451
848
774
1619
-371
1863
-644
1184
-462
719
717
-694
1648
-219
545
876
712
391
1573
961
421
2775
-108
1372
3058
-1003
3291
941
880
1987
240
2097
-723
2422
-1050
2426
-1478
2268
-809
549
1529
-1580
2252
-931
1918
-783
3010
-1629
4097
-1137
1834
2359
-842
2862
1035
872
1005
2662
-1327
3499
-893
1851
206
1256
308
473
1407
-550
2113
-1481
3236
-2193
2855
-30
727
1563
265
2288
-290
2926
219
2408
1062
2057
846
2498
743
1234
2223
-321
1591
1162
461
118
2422
-1391
1961
18
348
948
552
717
839
813
1001
1403
242
2135
1241
375
3156
188
1766
1811
662
1860
892
1312
1025
668
1372
-33
1898
-163
1019
816
755
163
2132
-719
2311
966
6
3029
-431
2047
1718
1158
1030
2708
152
2104
1169
958
1051
1271
157
1290
480
242
831
582
74
735
962
-357
1756
352
812
1152
1556
175
2473
1048
1135
2375
810
1991
1245
2430
-155
3425
31
1062
2271
119
1028
941
1503
-557
2238
154
401
1653
-100
1148
1223
-12
2043
519
1496
973
1972
637
1918
1282
762
2233
192
1752
962
269
1688
336
704
1034
200
946
209
1829
-1219
2881
-558
853
2023
-141
1256
1647
1135
-401
4267
-1668
2694
2446
-240
2101
2125
-291
2497
343
1900
-393
2797
-944
1833
588
-259
2924
-2061
3568
-1412
1567
734
770
685
952
2186
-1025
3540
-413
1972
1322
961
2517
-293
2909
424
1719
602
2127
315
1434
1485
160
1851
579
377
1936
322
1097
1522
668
1137
1677
854
1139
2475
-176
2592
1192
1386
848
2564
122
1368
2047
-155
2174
759
612
1161
1499
-708
2598
-202
1208
525
1967
-398
2101
847
505
2150
221
1869
1112
1492
1001
1609
1324
380
2622
-720
2729
731
77
2385
815
-298
2830
24
743
1616
832
1000
1210
1335
1185
1323
858
2247
109
3448
-442
3104
397
1310
1924
294
2696
-95
1854
637
1567
-230
2313
-146
1589
845
1030
1744
-154
2279
835
865
2262
1060
1360
2375
1591
853
2875
1425
808
3693
-137
2180
1641
877
1469
2286
-683
3004
239
588
2309
-598
2581
-391
2008
893
1097
744
1672
999
543
3596
-1041
3476
625
1454
1162
2896
-334
2353
2848
-1361
3752
549
389
2376
363
703
1896
204
1664
1188
592
526
2580
-906
2484
1269
232
2180
963
1214
2074
611
2423
979
1562
2300
488
2055
1513
826
1022
2915
-1285
2439
1785
-1420
3397
-264
1191
1286
756
1367
1057
660
2350
368
2548
761
2619
365
2543
1022
2113
1499
2055
1654
1260
2275
641
2426
454
2717
-217
2791
140
1787
576
1641
1114
832
1853
237
2556
-643
3683
-355
2429
1922
441
3058
382
2117
1073
2671
-384
3716
-302
2000
2586
-498
2837
1099
958
1566
2424
-809
3923
-653
2766
747
1823
1070
1305
2580
-165
2828
1463
907
2060
2123
334
2883
855
1458
2628
217
2374
1583
776
2110
1000
1368
1524
1364
816
2217
316
1939
1264
1026
2043
414
3048
-431
3480
14
2272
1160
1906
1947
247
4012
-441
2612
1527
1649
1329
1817
1160
2324
-332
3780
-620
2541
1086
904
1911
970
1314
1455
1605
784
2363
435
2420
612
2119
382
2827
-191
2880
1102
1497
1310
1591
1153
863
2721
-314
2682
1031
753
2252
1304
1115
1568
2248
415
2113
2007
527
2612
1047
1727
1136
2417
102
2981
262
2195
777
1909
840
1740
1355
984
2508
-496
3008
437
1601
1613
2158
136
2528
1304
516
2693
912
1280
2006
1009
1485
1765
589
2533
491
2036
1108
1657
1532
731
2816
22
2084
2070
675
1544
2716
-641
3340
489
1472
2318
641
1863
2351
15
2863
1322
279
3574
-574
2812
1243
1114
1302
2659
-187
2489
1753
639
1761
2719
-716
3577
342
1802
1373
1924
816
1527
2277
-337
3678
-748
3142
510
1991
1221
2143
542
2581
326
2499
792
2269
1195
1831
1393
1228
2589
218
2792
879
1445
2070
1321
1138
2969
-522
3435
131
1971
1357
1628
812
2797
-626
3522
612
771
3171
-473
2452
1333
1084
1940
1645
1343
1811
1179
2161
-5
3257
44
2119
1359
1846
-173
3849
-1093
3150
1177
967
2012
1563
1026
2181
1440
643
3336
-581
2807
1502
689
2471
1579
1069
1727
1900
911
1785
1750
1091
1629
1677
1211
1527
2134
265
2357
1265
850
1977
2116
-202
2781
1691
45
3110
699
1356
2547
532
2366
1478
1189
2006
1614
1527
1460
1931
996
2366
776
2044
1593
1364
1458
1888
1192
932
2644
458
1949
1618
1316
1124
2119
1179
1742
1845
1596
1466
1879
1186
1819
1722
1343
1853
1755
1100
1634
1520
1346
1515
1054
2389
-300
3642
134
1635
3005
-118
2236
2440
428
1746
2950
-20
2360
1773
1225
1699
1636
1832
870
2064
1501
292
2763
460
1062
2229
1102
522
2778
216
1928
1215
1929
380
3235
-326
2213
2159
-163
2849
782
2150
238
3221
329
1342
2999
-387
2780
974
1762
764
2041
1568
101
3108
137
2278
323
2554
671
1604
992
2150
176
1734
1948
-530
3629
-867
2741
1419
138
3077
251
1653
2217
182
2045
1131
1191
1146
1881
530
1761
772
1807
481
1574
2272
-533
3043
552
450
2551
988
377
2818
1247
-461
4124
-910
2468
501
2960
-838
2689
902
212
2034
1070
233
2170
822
737
1802
836
1292
1046
1509
873
1509
1127
1426
961
2054
5
2738
182
1706
1472
866
1566
436
2439
-598
2173
879
508
1664
596
1887
-352
2803
93
1245
1668
1024
732
2142
1050
609
2458
227
1364
1593
757
1731
1087
1536
561
2034
220
1659
1378
496
1713
962
1198
781
3009
-1291
3017
1172
-708
3400
35
1359
1907
277
2049
905
668
2730
-498
3224
-188
1883
1659
638
1532
1098
1943
452
1845
1621
976
1235
1624
1179
960
1589
1128
1369
1219
1291
1187
1106
2008
284
1695
1998
159
1430
2746
174
1017
3052
-724
2092
1462
475
2079
923
892
1827
806
1403
1029
1930
252
2228
560
1531
1542
969
1525
1687
501
2524
199
1917
997
1370
873
2149
29
1907
1788
-144
2853
49
2209
600
1952
1184
1039
1749
1331
621
2278
483
1831
1167
1422
1405
943
1784
1271
655
2140
1101
1206
1261
1673
529
2153
770
1817
1414
941
1480
1678
1136
1134
2494
84
2596
509
1877
1578
293
3591
-442
1712
2848
-1079
3084
1120
493
2525
722
1027
2400
475
1816
1279
1676
593
2237
1146
1138
1897
1584
415
2476
479
2155
498
2401
1146
467
2611
708
982
1700
1821
-16
2553
714
699
2100
698
1917
26
3257
-677
2417
1081
1369
1497
913
2807
-195
2825
362
1798
1998
-160
3284
-22
1545
1563
1201
507
3197
-995
2539
1529
-464
2924
297
1108
1391
1118
1051
1890
273
2392
682
2081
462
2055
1560
-659
3481
-166
766
3044
-908
2480
664
502
1636
921
325
1943
568
699
2046
-481
2282
612
848
1628
1140
438
2152
618
1199
1415
1472
384
1990
1261
553
1539
1393
651
605
2891
-1075
2214
1116
401
1303
1528
137
1604
1550
-190
2620
210
1220
1881
-90
2363
883
253
2831
-407
1710
1238
837
907
1216
984
1109
239
1891
423
474
2051
-140
1513
870
1044
725
1463
785
1116
1041
1625
147
1895
1153
1020
1247
1534
1138
926
1606
1197
676
1084
2102
-602
2014
2101
-1794
4124
-594
947
1323
1637
-379
2650
308
1403
1396
617
1953
852
1189
1279
1733
426
2164
836
607
2422
315
899
2576
-593
2145
1094
522
2182
144
1272
1604
-14
1805
1809
-252
2280
1089
-15
2869
155
1361
1820
396
2107
399
1383
1808
-540
3136
-254
739
2918
-932
1706
1873
-271
1532
1542
185
1305
1153
1137
472
2142
8
1748
1007
1205
-76
3480
-1567
2931
785
640
1569
826
1498
856
871
2397
-909
2594
943
-618
2637
899
-628
2992
304
69
2030
596
564
1511
959
802
1115
970
1002
465
1462
967
323
2302
117
736
2162
-407
1910
758
308
1421
928
532
1867
-157
2276
-483
2088
582
360
2629
-836
1913
1187
-143
1328
1413
-197
1464
1155
-370
2231
301
594
1898
-419
1621
803
182
1539
264
1592
-188
1903
629
-67
2183
813
-194
2435
308
594
1193
1217
11
1266
1483
-35
1468
1443
-170
1439
1544
-909
2891
-235
1044
1108
861
132
2105
-168
827
1815
-484
1622
636
997
781
1309
312
1669
109
1323
358
1832
-274
1891
755
349
1459
1056
-305
2211
431
740
1568
545
700
1435
501
808
1787
391
948
2121
-192
1066
1780
440
236
2592
-947
2120
-128
1566
433
1011
915
804
1014
354
1632
324
857
1891
585
-237
4033
-2628
3052
1208
-307
1794
1472
-233
1590
1163
58
2014
-23
1856
275
774
1623
-235
1488
1584
-258
1866
483
1471
-133
2186
-145
1111
954
1331
203
1375
894
218
2094
-906
2774
-272
827
1355
891
-356
2679
296
-99
2055
847
-656
3104
174
33
2248
486
-350
2952
-22
446
2684
-260
303
2538
-282
86
3322
-1549
1554
1632
-328
1699
855
448
1363
302
1213
617
782
1220
-171
2400
-498
1727
749
490
1273
636
1482
743
1159
622
1860
-661
2537
-257
1243
1125
370
1050
897
459
922
1833
-873
3076
-463
1229
1205
616
597
1960
-237
2429
-207
1667
953
501
1699
617
1152
624
2070
-629
2542
33
1057
920
1034
252
1346
1258
42
1983
818
289
2057
258
1387
809
1115
1003
580
1572
154
1976
-161
1597
974
694
695
2524
-1408
2340
1387
-1441
2927
569
-430
3244
-1293
2275
241
1219
263
1806
628
831
1559
489
705
1350
518
1213
1261
-413
2851
-712
1363
1211
688
311
2273
-616
2117
76
1064
419
1301
-151
1585
560
602
1811
-463
2145
398
-149
2653
-850
1616
1442
-355
1448
823
375
725
1531
-103
1123
637
734
-160
1978
59
300
1986
-636
1181
981
161
689
2041
-817
1317
1303
-588
1135
1682
-702
1613
878
-519
1762
200
30
1183
959
-533
2198
-758
1918
-570
1150
677
17
1465
107
1182
562
531
568
1148
-5
1391
193
1401
-115
1455
-107
1571
-344
1192
749
170
766
881
-334
1238
664
210
985
250
1252
-286
1951
-251
1366
-112
2622
-1390
2431
248
235
1180
1235
-1058
3545
-1163
475
2152
-791
381
1835
-211
779
1067
256
1069
-435
2064
-453
1935
-263
1475
119
782
1253
310
671
1354
331
61
2557
-1079
1643
1436
-487
1321
1014
-481
2188
-385
985
695
356
137
1369
32
390
1429
206
1016
434
1273
265
869
883
651
808
1195
442
609
1651
-408
1463
958
131
821
794
683
201
337
1881
-1180
1295
1421
-832
1420
1149
-856
1743
922
30
1028
1277
170
401
1942
-631
1291
1197
-635
1819
467
-12
1013
1172
-902
1447
1438
-1120
1706
193
316
121
1496
-560
1204
325
92
1234
-360
1208
-58
1280
17
1419
-681
2229
-404
277
1682
-225
-19
1652
366
-501
1575
57
335
-385
2158
-1401
1344
173
121
806
-77
440
769
-399
1264
116
263
1563
-1298
2719
-843
848
693
556
-419
1826
-200
-235
2084
-875
351
1110
-172
-176
1178
-543
1235
-520
1310
111
323
102
1187
-558
920
507
302
737
59
1470
-691
1774
-220
563
943
155
92
1007
249
258
318
1538
-1579
1979
775
-1409
2696
-488
-400
2107
-800
1105
526
276
990
761
-259
1519
255
-295
1907
-688
1088
586
516
358
698
373
504
207
807
105
509
772
49
857
445
-443
1614
-380
19
1525
-458
335
1070
320
-489
1547
-29
-227
1442
-38
-95
1146
-360
489
-114
440
486
-655
1004
-277
139
241
641
-582
1209
-955
1646
-890
707
990
-962
1457
283
-133
-129
2077
-1135
506
2161
-1626
645
1925
-1037
126
1724
-606
166
1273
86
-12
867
793
-71
450
963
277
448
452
1405
-504
1653
235
690
333
1076
430
800
314
1477
158
246
2224
-714
769
1418
489
-118
2022
-155
541
1043
545
601
1085
396
891
1095
-3
1267
355
1351
38
963
1490
-712
1696
1277
-434
1490
685
435
565
1826
-202
435
2317
-425
-30
2658
-575
-277
2712
-808
961
681
952
440
90
1822
-318
1117
1190
308
244
1732
-228
471
1407
596
-285
1721
618
-198
1664
316
176
1045
821
-406
2105
-210
527
1351
-404
1015
694
417
824
444
1128
262
318
1502
-192
885
761
609
188
745
749
416
479
1025
-401
1686
-222
527
1706
-545
421
1257
-626
1265
741
-496
2237
-1129
928
1423
-468
1074
558
1103
47
672
1127
-224
653
1365
-484
753
1223
-501
1057
641
277
108
1234
311
-338
1467
-146
697
339
970
-7
1039
-318
894
572
-184
1026
508
304
786
-20
794
453
111
503
1097
-41
518
1258
-635
546
935
-428
885
738
-460
1252
266
-559
1089
570
-177
730
322
638
225
478
599
111
418
224
458
644
106
672
47
1023
-199
81
783
990
-1416
1435
622
-896
805
1265
-1016
644
1101
-757
635
1422
-1202
1138
894
-471
470
663
853
-542
1491
146
427
226
851
324
207
174
715
256
-34
951
60
-36
1149
-183
255
979
-8
284
619
793
-613
835
1052
-692
632
1922
-1564
1524
1312
-1568
2096
-110
-28
881
390
376
177
529
1024
-703
741
761
-297
397
753
286
-65
1029
460
-322
1001
21
379
482
110
757
-10
884
-42
551
340
568
403
415
409
565
225
376
1125
-404
253
751
245
4
707
606
116
-109
1677
-983
875
723
128
217
449
271
31
835
51
403
191
926
-336
924
493
18
324
604
-102
488
242
135
570
-132
270
853
-495
783
303
-141
694
-182
562
-130
883
-231
614
174
190
371
46
974
-218
504
221
368
56
302
294
-95
683
-308
787
-85
-299
1239
-87
-716
2052
-741
-356
1552
-560
-78
898
79
-235
1054
-726
768
705
-399
383
1098
-1104
984
267
-471
773
198
-824
1617
-1095
746
417
-125
410
-292
910
-375
462
-33
419
221
282
100
767
-167
304
497
249
282
-164
683
-225
455
114
447
-55
149
110
633
-400
1026
-10
255
872
-206
245
603
115
-490
774
495
-317
655
1087
-565
1007
165
25
1085
-309
498
855
-384
359
440
-349
1076
-669
672
1170
-1094
583
1351
-1195
452
1117
-1
-92
1073
534
-339
1028
-73
596
74
543
467
315
-60
1188
-1083
1533
-78
-388
1467
-188
-148
1410
-424
419
770
-303
342
536
-140
67
935
-75
31
868
304
-40
962
69
592
303
567
-245
1192
-610
232
682
200
-411
896
257
-341
832
-87
457
505
102
628
1
532
132
-123
1174
-282
-165
1480
68
-389
1214
34
473
253
170
567
140
121
329
751
-12
81
392
949
-711
1050
291
6
815
-32
440
612
-117
404
476
689
87
281
956
286
-689
1537
102
-160
769
519
282
-356
1432
-267
-142
1116
-19
273
978
456
-42
849
620
-46
344
430
878
-842
1221
665
-567
408
1458
37
-378
1404
144
-122
350
1459
-998
862
1019
-862
711
903
-222
446
944
234
-388
1261
297
-313
1298
9
568
702
-196
576
241
89
364
450
494
235
887
187
346
-171
1161
218
-125
1335
358
-634
1479
78
-593
1221
395
-87
431
829
15
286
1114
-7
-21
1033
-224
200
596
496
-367
1235
-180
91
749
398
457
305
481
626
334
10
1171
-347
489
304
614
224
365
319
855
358
-453
1113
410
-460
1152
368
92
528
360
-11
680
298
-25
1413
81
283
1095
-56
1051
-71
169
1349
-31
-313
1549
175
-417
1637
-426
541
656
79
818
823
-325
351
1013
16
-99
727
781
180
-222
1436
117
-233
903
304
337
142
912
671
86
586
153
695
285
562
-32
806
153
199
562
859
-308
338
755
-55
343
541
330
406
751
-297
1092
131
301
790
456
221
328
576
621
219
757
339
308
947
458
246
1582
-171
79
1643
-101
296
1158
408
158
1564
-319
820
947
30
1329
987
380
972
1440
81
1401
698
1075
1103
888
1242
416
1286
233
1726
1096
212
1884
918
535
1539
1514
126
2510
1048
706
1789
1567
721
1972
1619
976
1562
1985
1000
1998
1444
1092
2365
939
1687
1565
1482
1015
2500
640
1811
1385
1459
1732
1090
1660
1999
1489
1653
2964
2057
2139
3558
2657
2905
3405
2997
2880
3832
2358
2520
3025
2112
2043
2073
2367
1638
1766
2292
1615
2419
2476
2578
2743
3082
2270
2575
2683
1864
2011
1571
2266
1640
2006
2114
2512
2192
2511
3209
2234
3042
1810
3534
1774
2362
2556
1467
2552
1292
1996
953
1467
1967
654
800
2103
642
-543
1954
966
-591
1186
1163
-48
-100
911
136
205
232
407
267
372
429
-604
1234
-54
-502
836
362
-592
550
65
-45
-172
372
-440
73
453
-904
79
810
-729
-466
733
-453
-384
134
-158
2
69
-483
129
-80
-407
-428
779
-890
-456
42
-232
-475
-318
-386
-411
-231
-336
-184
-9
-468
-142
8
-592
-444
-48
-679
9
-318
-644
-323
-207
-418
-832
39
-583
-206
-179
-938
-11
-408
-1055
-96
-381
-1218
-733
-280
-860
-1089
-967
-611
-1104
-1068
-715
-1203
-587
-1064
-1213
-917
-623
-1255
-976
-420
-959
-1404
-530
-625
-1122
-828
-599
-1003
-438
-622
-1416
-404
-786
-1092
-832
-338
-1406
-989
53
-1208
-1264
365
-841
-1509
465
-535
-1725
-245
-55
-1426
-980
415
-1039
-1251
78
-407
-880
-375
83
-822
-385
-84
-712
-542
348
-581
-657
66
111
-1305
279
-15
-225
-605
223
107
-738
-56
-73
-299
-476
225
-307
-428
-28
-267
-517
203
-572
-287
-81
-90
-483
-346
-99
-345
-255
-277
-155
-424
-315
-429
60
-855
-336
-137
-187
-803
18
-395
-552
-99
-171
-737
-70
-176
-617
-43
-526
-363
-122
48
-748
-72
-47
-672
-160
87
-703
37
-19
-542
135
-304
-11
-158
415
-615
189
118
-638
505
-337
9
-63
-49
-147
-43
-6
-239
246
25
-395
346
56
-295
431
-332
2
61
109
-468
593
-4
-584
564
-55
-250
202
-5
-431
186
-66
31
-236
-84
101
-186
-285
79
-436
112
14
-342
-116
211
-409
-192
388
-605
-251
-53
-29
-130
-476
80
-336
-251
54
-412
-250
124
-121
-492
210
-147
-205
17
-148
-135
-180
-129
197
-477
-396
462
-491
-196
8
-276
-141
9
70
-361
-176
-110
-223
-148
-304
-139
-43
-52
-575
-53
-98
-325
-155
-90
-401
-290
322
-68
-410
-45
273
-430
-222
313
-679
106
191
-365
-27
-181
-45
-361
-98
-130
-312
-252
347
-141
-454
-52
-263
51
-425
-206
204
-361
-222
180
-674
-424
437
-363
-201
172
-105
-355
67
-232
-133
-537
130
5
-518
120
-145
-335
30
-311
-263
-83
-477
191
-294
-336
-134
-5
-499
-467
-59
-245
-365
69
-276
-167
-195
-429
-454
-132
-326
-364
159
-570
-234
-282
-371
-226
-319
-631
-625
95
-663
-302
-672
-402
-493
-811
-363
-477
-686
-517
-148
-694
-834
-649
-450
-951
-469
-560
-978
-461
-732
-995
-466
-788
-987
-408
-752
-757
-956
-578
-821
-932
-940
-1026
-370
-1134
-719
-811
-665
-799
-1084
-625
-731
-944
-891
-392
-673
-939
-578
-567
-617
-697
-462
-723
-479
-310
-567
-560
-546
-216
-691
-159
-218
-523
-193
-267
-203
-402
-12
-425
-161
172
-160
-395
183
-10
-461
464
-7
-181
260
228
33
31
195
90
-85
310
408
-138
161
539
139
76
323
164
14
134
468
-46
134
554
120
-9
461
277
-278
714
404
-257
378
515
112
113
434
-137
152
481
298
6
706
205
-10
681
154
-270
621
453
-198
592
178
58
176
237
212
-28
283
280
251
139
380
50
146
348
-39
115
92
449
-77
200
243
9
174
-73
-68
35
269
-196
221
466
-124
-91
186
34
-106
184
223
227
-2
123
-206
118
-30
-140
257
-129
205
-34
104
-8
81
48
55
224
-88
122
-18
85
177
-94
-199
248
-67
-40
229
-83
149
2
-89
102
32
93
1
106
299
-26
15
226
190
-146
214
247
-176
163
189
197
59
172
-34
-24
214
22
57
96
120
79
73
42
-45
51
97
253
202
22
33
366
3
114
213
129
-45
250
184
-159
133
141
-33
33
259
88
115
181
185
-36
131
345
57
-2
380
191
32
133
229
46
-28
99
138
66
9
39
114
98
151
13
172
41
59
185
-10
226
42
58
349
-114
245
118
-17
233
-32
219
81
25
214
-25
55
380
-291
107
316
-215
215
85
-124
101
105
-163
-21
122
-95
-46
198
19
-161
172
53
-57
266
-19
44
209
-87
105
34
-110
142
-52
-245
-60
0
-179
-194
-41
-100
-325
-159
-132
-124
-138
75
-70
-101
101
-114
13
204
41
-281
145
107
-360
-75
155
-129
-17
56
-189
-249
17
-174
-229
-91
-106
-260
-220
-68
-295
-213
-47
-41
-375
-22
37
-291
23
50
-303
-226
170
-319
-169
268
-317
-55
107
-328
-107
-14
-65
-32
-74
-102
-43
-233
-107
-273
-104
-82
-233
-58
-94
-42
-188
24
-42
-72
1
23
-54
92
-13
-53
133
-73
-60
8
-61
-150
-100
3
-174
-97
169
-308
-258
207
-239
-261
95
-153
-82
-98
75
8
-79
150
-96
63
136
-85
-57
193
72
-17
70
61
-87
43
-40
-103
-58
-10
-45
57
-203
-68
54
-46
43
53
6
148
123
64
8
25
-39
-4
108
59
62
120
84
22
-73
-55
-110
201
97
-122
86
65
59
-38
-54
44
71
124
77
193
65
89
296
24
88
43
42
189
117
86
86
179
39
124
146
-122
99
198
-12
50
135
128
-137
-70
227
17
81
294
90
253
178
-31
203
151
-13
126
309
160
34
219
58
-5
41
43
174
86
123
60
141
109
66
88
228
208
0
161
171
129
28
196
277
100
227
210
97
109
134
30
166
202
172
86
93
152
1
167
207
56
202
90
191
81
144
129
172
203
135
34
154
196
118
204
127
59
152
83
131
83
28
160
118
76
162
3
138
190
69
220
242
181
167
247
184
84
289
201
105
180
215
198
91
190
193
77
194
225
54
139
257
91
35
74
44
64
173
137
84
283
206
106
137
182
153
200
281
170
127
156
163
135
203
179
173
63
111
144
121
182
215
159
48
39
127
89
118
187
127
228
129
19
196
42
74
236
179
214
282
224
122
126
180
116
128
287
233
179
214
201
125
-13
87
247
92
170
289
148
108
307
118
31
188
152
117
253
241
136
175
180
115
92
172
135
139
356
239
143
127
229
48
60
155
150
152
218
202
54
105
153
166
25
190
96
13
244
155
41
60
183
87
104
244
194
88
189
237
-30
124
186
84
175
206
101
28
251
205
48
210
216
47
104
114
114
32
143
228
31
187
71
-27
159
101
59
143
188
168
41
196
140
27
172
248
209
34
111
128
84
74
82
92
56
142
157
157
83
179
76
130
142
53
131
245
152
31
81
108
97
97
224
90
183
277
159
118
120
164
155
198
198
70
77
231
151
69
162
65
136
86
206
87
82
195
171
96
83
68
36
110
90
115
93
163
109
102
109
101
107
127
218
133
83
169
137
81
90
53
86
174
104
85
132
85
75
42
164
57
-3
114
42
24
-8
15
21
130
85
-21
102
66
46
97
103
74
92
102
144
141
72
73
74
131
8
-43
94
41
101
143
31
51
29
-3
23
-6
70
60
-12
62
29
1
-26
19
34
22
80
0
95
56
2
120
98
13
71
59
24
69
-19
1
-47
65
49
18
40
-50
33
-48
-42
7
30
40
101
65
-3
-6
19
75
55
20
-36
58
25
-31
58
-18
26
47
2
31
-58
-80
24
-110
-126
-42
-68
-65
27
-66
-33
-118
-29
-8
-85
-19
2
-17
17
-3
-10
-11
2
24
-84
-32
-23
-26
-72
3
-23
-154
-114
-65
-138
-151
-79
-103
-126
-138
-85
-127
-128
-40
-65
-46
43
-27
-7
11
-12
-17
-72
4
0
-6
-29
-77
-91
-85
-104
-163
-45
-134
-58
1
-87
-23
-64
-121
-121
-39
-131
-119
10
51
-30
-96
-41
-80
-120
-29
-44
-14
-26
-22
64
-62
-74
-72
-78
-92
-72
-18
-84
-34
-52
-48
-42
-76
-20
-24
1
-47
-13
14
-23
50
-8
-38
27
16
26
1
9
-17
-88
-6
-29
-61
17
-19
55
-44
-55
30
-25
-52
1
12
-40
-36
7
-1
-83
9
68
-9
36
103
53
96
95
50
-14
2
47
-28
26
85
4
-5
-32
-42
-63
-27
-29
-23
-32
-10
2
-59
37
-8
-60
99
67
70
140
94
94
26
19
-6
-9
59
57
44
81
26
23
-44
10
-57
-30
78
38
28
-2
53
12
-38
-5
-1
94
58
94
27
9
7
-4
37
71
-10
91
90
44
43
-23
19
-10
68
11
79
79
28
29
6
-19
26
58
-15
123
27
-9
120
27
-36
27
11
18
2
21
25
-46
33
3
-8
-57
8
-46
-44
-15
-54
-18
-39
24
9
7
0
-7
-2
36
-38
4
-17
11
25
-52
-13
6
-72
-75
-14
-87
-88
-27
7
-13
-20
-51
8
-89
-47
-39
-98
-31
-3
-28
-62
-41
-22
-90
-5
8
5
-21
-29
10
-109
-131
-88
-130
-88
-54
-126
-44
-45
-95
-67
-55
-58
-48
-23
-36
-28
-22
-53
-42
-14
-34
-51
-26
-58
-44
-69
-60
-70
-36
-19
15
-67
-101
-107
-106
-154
-58
-36
-69
21
-1
-62
-70
-56
-53
-41
-42
-3
-70
-26
-12
-30
-16
30
-30
-20
-20
-38
-60
-57
-17
-13
-105
-38
-24
-150
-48
-49
-61
-62
-11
4
-44
15
-9
-59
-26
-8
-78
-14
29
-27
-24
1
-8
-53
-7
-13
-73
-90
-25
-90
-81
-47
-66
-83
-49
-60
-73
-76
-96
-49
-23
-19
-23
-21
53
-16
-35
21
-55
-39
-7
-56
-53
-26
-120
-117
-34
-113
-56
-29
-64
-56
-57
-76
-99
-89
-61
-31
11
17
-2
21
-72
-84
-59
-94
-136
-47
4
-10
77
1
-44
-33
-109
-85
-90
-79
-29
-45
-8
-56
-114
-104
-111
-76
-31
-14
-23
37
19
-58
-41
-71
-75
23
-13
-26
-35
-37
-51
-73
-84
-85
-40
-28
