-151
-149
-150
-150
-148
-147
-147
-148
-149
-150
-151
-150
-152
-152
-151
-150
-150
-150
-150
-152
-152
-152
-152
-151
-151
-151
-149
-149
-150
-151
-152
-152
-151
-151
-151
-152
-153
-152
-152
-150
-150
-152
-153
-152
-151
-152
-150
-151
-151
-153
-151
-152
-154
-152
-150
-150
-152
-153
-154
-151
-150
-151
-151
-152
-152
-154
-153
-151
-150
-150
-150
-152
-153
-154
-153
-153
-153
-153
-153
-154
-154
-154
-155
-155
-154
-154
-156
-157
-157
-157
-157
-158
-158
-159
-158
-156
-155
-155
-155
-156
-156
-158
-158
-158
-157
-155
-155
-155
-156
-157
-158
-158
-158
-159
-157
-157
-157
-156
-156
-155
-154
-155
-153
-151
-151
-152
-153
-152
-153
-153
-152
-151
-150
-150
-152
-152
-154
-154
-154
-153
-155
-152
-153
-154
-154
-155
-154
-153
-155
-157
-158
-158
-157
-157
-156
-156
-156
-157
-158
-157
-157
-156
-155
-156
-156
-156
-157
-156
-156
-156
-155
-156
-154
-152
-151
-152
-153
-154
-155
-154
-154
-154
-154
-153
-151
-151
-151
-150
-151
-152
-151
-151
-151
-151
-149
-149
-150
-149
-149
-150
-152
-152
-151
-151
-149
-149
-147
-147
-148
-148
-149
-148
-149
-148
-148
-149
-148
-147
-146
-144
-145
-146
-147
-147
-148
-149
-149
-148
-147
-147
-148
-149
-147
-146
-144
-147
-147
-147
-146
-145
-145
-146
-147
-146
-144
-144
-143
-143
-142
-143
-144
-144
-144
-144
-144
-144
-144
-143
-143
-142
-143
-141
-142
-142
-143
-142
-141
-142
-142
-143
-143
-142
-141
-141
-143
-144
-145
-145
-144
-145
-144
-144
-144
-144
-144
-145
-146
-144
-144
-144
-144
-145
-145
-146
-146
-145
-146
-146
-146
-146
-146
-147
-147
-147
-146
-145
-145
-145
-144
-144
-146
-148
-147
-148
-147
-148
-148
-148
-146
-147
-147
-148
-149
-149
-149
-149
-147
-147
-146
-146
-146
-146
-147
-147
-148
-147
-148
-147
-145
-144
-144
-144
-145
-146
-145
-145
-143
-144
-147
-148
-148
-145
-144
-143
-145
-146
-146
-146
-146
-145
-144
-145
-146
-147
-147
-146
-145
-146
-146
-146
-146
-145
-144
-144
-143
-144
-143
-142
-143
-144
-143
-143
-141
-142
-142
-145
-144
-143
-140
-139
-140
-143
-143
-143
-144
-144
-144
-142
-141
-141
-142
-142
-142
-142
-141
-141
-143
-145
-146
-145
-143
-142
-143
-144
-145
-145
-145
-145
-144
-145
-146
-145
-144
-145
-143
-143
-143
-143
-143
-142
-144
-143
-142
-143
-143
-144
-143
-142
-141
-141
-141
-143
-144
-143
-142
-144
-144
-144
-143
-142
-141
-141
-140
-139
-138
-138
-138
-141
-142
-143
-144
-144
-142
-143
-143
-143
-143
-142
-142
-144
-144
-145
-145
-144
-143
-142
-142
-141
-142
-142
-141
-142
-141
-140
-140
-140
-140
-140
-141
-138
-137
-140
-140
-140
-140
-139
-138
-139
-140
-143
-142
-141
-141
-141
-140
-142
-140
-140
-140
-140
-140
-142
-141
-141
-140
-140
-140
-141
-142
-142
-141
-140
-139
-138
-140
-140
-142
-142
-141
-140
-141
-141
-140
-140
-141
-141
-142
-142
-142
-143
-141
-140
-141
-141
-142
-140
-141
-141
-141
-141
-140
-140
-140
-141
-142
-140
-140
-139
-140
-140
-141
-143
-141
-140
-140
-139
-138
-138
-141
-140
-139
-138
-138
-138
-138
-140
-139
-140
-139
-137
-137
-138
-139
-139
-138
-139
-139
-139
-139
-139
-140
-139
-139
-139
-139
-139
-140
-140
-140
-141
-142
-141
-140
-140
-139
-139
-139
-139
-139
-137
-136
-137
-137
-137
-136
-135
-135
-136
-138
-138
-137
-135
-135
-136
-134
-134
-134
-134
-135
-136
-134
-133
-134
-135
-135
-137
-136
-136
-137
-138
-138
-136
-136
-134
-136
-137
-136
-136
-136
-136
-136
-137
-137
-138
-139
-138
-139
-139
-139
-140
-140
-141
-139
-138
-137
-138
-139
-140
-138
-140
-139
-139
-140
-140
-139
-138
-139
-140
-141
-142
-142
-141
-142
-143
-143
-144
-144
-143
-142
-143
-144
-144
-144
-146
-146
-145
-145
-143
-141
-142
-142
-142
-141
-142
-144
-144
-144
-142
-143
-142
-141
-143
-144
-143
-144
-144
-143
-143
-143
-143
-142
-143
-142
-140
-139
-139
-141
-142
-143
-143
-141
-141
-141
-141
-141
-142
-144
-145
-146
-145
-144
-144
-144
-146
-146
-145
-144
-142
-142
-142
-143
-143
-141
-140
-140
-140
-140
-140
-138
-139
-139
-140
-141
-142
-142
-141
-140
-139
-139
-141
-142
-143
-143
-142
-139
-138
-138
-139
-140
-141
-142
-142
-144
-145
-143
-142
-141
-142
-142
-143
-142
-143
-144
-142
-140
-139
-140
-140
-139
-139
-139
-139
-138
-138
-140
-141
-141
-141
-140
-138
-140
-140
-140
-141
-141
-139
-138
-137
-138
-139
-140
-139
-139
-139
-140
-140
-142
-144
-143
-143
-141
-140
-141
-144
-146
-145
-145
-144
-145
-144
-144
-144
-145
-144
-145
-143
-142
-142
-142
-143
-143
-145
-145
-144
-144
-143
-143
-143
-145
-147
-146
-146
-144
-143
-144
-143
-141
-143
-143
-143
-142
-143
-144
-142
-141
-141
-142
-142
-142
-142
-142
-141
-141
-142
-143
-144
-143
-142
-141
-141
-144
-143
-144
-142
-142
-143
-143
-142
-142
-144
-144
-144
-143
-141
-140
-141
-142
-142
-141
-141
-141
-143
-145
-143
-140
-139
-140
-140
-141
-140
-139
-137
-138
-137
-139
-138
-138
-138
-139
-138
-135
-135
-135
-135
-137
-138
-137
-136
-138
-138
-137
-136
-136
-136
-137
-138
-137
-136
-135
-134
-134
-134
-135
-135
-134
-133
-135
-136
-134
-132
-131
-133
-133
-134
-132
-131
-132
-132
-132
-131
-130
-131
-131
-132
-132
-131
-131
-131
-132
-132
-131
-131
-131
-130
-130
-130
-129
-129
-129
-129
-130
-128
-129
-130
-132
-131
-130
-128
-128
-129
-129
-130
-130
-127
-127
-127
-128
-129
-129
-127
-126
-128
-128
-129
-130
-130
-131
-132
-130
-129
-129
-128
-128
-129
-130
-131
-131
-131
-132
-132
-130
-130
-132
-131
-132
-131
-132
-132
-132
-134
-135
-135
-134
-134
-134
-135
-135
-135
-134
-136
-135
-136
-135
-135
-136
-137
-137
-136
-135
-134
-134
-135
-136
-138
-137
-137
-137
-138
-139
-138
-138
-137
-138
-137
-137
-138
-138
-138
-136
-137
-137
-138
-139
-138
-138
-138
-138
-139
-138
-138
-138
-137
-139
-138
-139
-138
-140
-142
-143
-141
-139
-140
-140
-139
-140
-139
-138
-138
-137
-137
-138
-137
-138
-138
-138
-138
-139
-137
-135
-136
-135
-136
-137
-137
-136
-134
-134
-134
-135
-135
-137
-135
-133
-134
-132
-133
-134
-133
-134
-133
-134
-134
-133
-133
-132
-132
-131
-132
-132
-132
-132
-131
-129
-127
-128
-129
-129
-130
-129
-129
-129
-129
-129
-128
-129
-129
-130
-131
-131
-130
-129
-128
-129
-130
-128
-130
-129
-129
-130
-131
-130
-130
-129
-128
-126
-126
-128
-129
-129
-127
-125
-123
-125
-127
-126
-125
-125
-124
-124
-124
-123
-123
-123
-124
-123
-122
-121
-122
-123
-124
-123
-121
-121
-123
-123
-123
-122
-121
-121
-121
-122
-121
-121
-120
-121
-124
-124
-123
-123
-122
-122
-124
-123
-122
-122
-120
-122
-122
-123
-123
-122
-122
-122
-122
-122
-123
-121
-121
-121
-121
-121
-121
-121
-122
-123
-123
-123
-123
-122
-121
-120
-119
-119
-119
-120
-120
-118
-119
-119
-120
-119
-121
-120
-119
-118
-117
-117
-117
-117
-118
-117
-115
-117
-119
-120
-120
-119
-117
-117
-119
-120
-119
-118
-117
-117
-117
-118
-118
-118
-119
-119
-118
-119
-118
-118
-118
-119
-118
-118
-118
-118
-118
-117
-117
-117
-116
-116
-115
-117
-117
-117
-116
-117
-117
-118
-116
-116
-115
-113
-115
-117
-116
-119
-118
-117
-116
-114
-114
-114
-116
-118
-118
-117
-116
-116
-116
-116
-116
-115
-115
-115
-115
-115
-117
-116
-116
-116
-115
-114
-116
-116
-118
-118
-120
-118
-118
-118
-117
-117
-118
-117
-116
-117
-118
-118
-117
-117
-115
-115
-116
-115
-114
-113
-115
-114
-116
-115
-115
-113
-114
-115
-116
-116
-115
-114
-112
-112
-113
-116
-113
-112
-112
-111
-111
-111
-110
-111
-111
-111
-111
-109
-110
-110
-113
-113
-111
-112
-112
-112
-111
-112
-112
-113
-115
-115
-115
-114
-114
-114
-114
-113
-113
-114
-112
-113
-114
-112
-112
-111
-113
-111
-111
-111
-114
-113
-113
-112
-112
-113
-111
-113
-113
-112
-112
-111
-110
-109
-110
-110
-110
-111
-111
-110
-110
-109
-108
-108
-108
-109
-109
-110
-109
-109
-108
-107
-109
-108
-108
-105
-108
-107
-107
-109
-109
-110
-109
-110
-109
-109
-110
-110
-108
-107
-107
-108
-109
-110
-111
-109
-109
-109
-110
-111
-112
-111
-110
-109
-110
-111
-112
-112
-109
-108
-108
-109
-111
-110
-109
-108
-106
-108
-110
-111
-111
-109
-107
-108
-110
-110
-110
-110
-108
-108
-108
-108
-110
-109
-108
-108
-109
-109
-108
-108
-106
-106
-107
-107
-108
-107
-105
-105
-106
-105
-107
-108
-107
-106
-105
-105
-106
-106
-106
-107
-106
-105
-105
-105
-105
-104
-106
-106
-107
-108
-108
-107
-108
-108
-108
-108
-107
-106
-105
-107
-108
-108
-107
-105
-105
-106
-107
-108
-107
-106
-105
-105
-105
-106
-107
-107
-108
-107
-106
-105
-105
-105
-106
-105
-103
-103
-104
-106
-107
-105
-105
-104
-104
-105
-104
-103
-105
-105
-105
-104
-103
-103
-102
-103
-103
-102
-102
-102
-103
-101
-101
-101
-102
-103
-104
-103
-104
-103
-105
-106
-106
-108
-108
-107
-106
-106
-105
-105
-103
-102
-102
-102
-103
-104
-103
-101
-101
-100
-100
-99
-99
-98
-99
-101
-101
-100
-100
-103
-101
-101
-100
-99
-100
-100
-101
-101
-102
-100
-101
-102
-102
-102
-101
-99
-99
-99
-99
-99
-99
-100
-100
-100
-100
-98
-98
-99
-100
-101
-102
-102
-103
-103
-101
-99
-99
-99
-101
-99
-99
-99
-100
-101
-101
-100
-100
-99
-99
-98
-98
-99
-100
-100
-101
-101
-100
-100
-100
-100
-101
-102
-103
-103
-102
-100
-101
-102
-103
-103
-104
-103
-103
-104
-104
-104
-105
-105
-104
-104
-105
-104
-102
-102
-103
-103
-103
-103
-103
-103
-103
-102
-102
-102
-102
-103
-102
-102
-101
-102
-101
-101
-101
-100
-100
-102
-102
-102
-101
-98
-98
-98
-100
-101
-101
-99
-99
-100
-100
-100
-99
-99
-99
-99
-98
-98
-100
-100
-99
-98
-97
-98
-99
-100
-101
-100
-102
-102
-103
-103
-103
-103
-102
-103
-102
-102
-101
-101
-102
-103
-103
-102
-100
-100
-101
-101
-100
-100
-100
-99
-99
-102
-102
-102
-103
-101
-102
-102
-102
-102
-101
-102
-101
-102
-101
-100
-101
-101
-101
-101
-100
-99
-99
-99
-100
-99
-97
-96
-96
-97
-98
-99
-99
-99
-100
-101
-99
-98
-97
-98
-98
-98
-98
-98
-98
-96
-97
-95
-96
-97
-97
-96
-96
-95
-95
-94
-95
-94
-94
-96
-94
-96
-97
-97
-95
-95
-94
-94
-95
-96
-96
-96
-94
-94
-94
-92
-93
-94
-95
-95
-93
-91
-89
-89
-89
-88
-87
-87
-88
-89
-89
-87
-85
-86
-85
-83
-82
-81
-82
-84
-84
-84
-83
-82
-81
-79
-77
-77
-77
-77
-78
-78
-76
-75
-73
-74
-75
-75
-74
-74
-74
-73
-73
-73
-73
-74
-74
-73
-73
-73
-74
-74
-74
-73
-74
-73
-71
-71
-71
-71
-71
-72
-72
-70
-70
-68
-68
-67
-68
-67
-67
-67
-68
-69
-69
-70
-69
-70
-69
-69
-67
-67
-67
-67
-68
-69
-67
-66
-66
-66
-68
-68
-67
-64
-63
-62
-61
-61
-61
-61
-62
-62
-61
-58
-56
-57
-58
-59
-60
-59
-58
-59
-59
-59
-58
-57
-56
-56
-58
-59
-59
-58
-57
-58
-59
-59
-57
-56
-55
-56
-55
-56
-56
-55
-54
-54
-55
-53
-54
-54
-55
-54
-55
-55
-55
-56
-54
-54
-52
-51
-53
-53
-54
-54
-54
-53
-52
-51
-52
-52
-52
-51
-50
-52
-51
-52
-50
-50
-49
-50
-51
-51
-50
-49
-50
-48
-47
-47
-48
-48
-48
-48
-47
-46
-46
-46
-45
-44
-43
-45
-46
-47
-48
-47
-46
-45
-44
-45
-46
-47
-48
-47
-48
-48
-46
-48
-49
-50
-49
-50
-49
-49
-49
-48
-48
-48
-47
-47
-48
-47
-47
-46
-47
-47
-47
-46
-46
-47
-48
-47
-48
-47
-47
-48
-47
-45
-44
-43
-44
-44
-44
-45
-44
-45
-44
-43
-44
-44
-44
-41
-41
-40
-41
-42
-41
-41
-41
-40
-40
-40
-41
-42
-41
-41
-41
-39
-40
-40
-40
-41
-39
-39
-41
-41
-41
-39
-38
-36
-36
-37
-37
-36
-37
-37
-37
-38
-38
-36
-36
-36
-35
-36
-36
-37
-37
-37
-36
-39
-37
-38
-37
-36
-38
-36
-36
-36
-36
-38
-38
-39
-39
-39
-37
-36
-36
-38
-37
-36
-35
-35
-36
-37
-37
-38
-38
-36
-35
-35
-36
-36
-36
-35
-37
-35
-35
-36
-36
-36
-33
-33
-34
-35
-36
-35
-34
-34
-36
-35
-37
-37
-37
-36
-36
-36
-36
-35
-36
-36
-36
-35
-34
-35
-36
-37
-37
-36
-35
-34
-35
-37
-37
-35
-33
-33
-33
-34
-36
-36
-35
-36
-35
-36
-36
-36
-35
-33
-32
-33
-32
-32
-34
-33
-32
-32
-31
-31
-32
-33
-32
-31
-31
-31
-31
-32
-30
-31
-31
-30
-30
-31
-31
-30
-29
-31
-31
-30
-29
-29
-28
-25
-26
-27
-28
-30
-30
-30
-31
-29
-29
-28
-29
-28
-28
-28
-29
-28
-29
-30
-29
-31
-32
-32
-31
-30
-29
-30
-30
-31
-31
-31
-31
-32
-31
-30
-31
-31
-32
-32
-31
-30
-30
-31
-30
-31
-30
-28
-28
-29
-30
-29
-28
-28
-27
-27
-26
-27
-27
-27
-28
-27
-27
-27
-27
-28
-27
-27
-27
-28
-28
-26
-27
-28
-29
-27
-28
-28
-29
-29
-28
-27
-26
-25
-26
-26
-26
-26
-27
-26
-25
-26
-26
-28
-29
-28
-28
-27
-27
-27
-29
-29
-31
-29
-26
-26
-27
-28
-29
-28
-27
-26
-27
-27
-26
-25
-26
-27
-27
-28
-27
-26
-26
-26
-28
-27
-26
-24
-23
-24
-25
-25
-25
-26
-27
-28
-27
-26
-26
-24
-25
-26
-26
-25
-26
-27
-26
-27
-27
-27
-28
-28
-28
-27
-25
-27
-27
-28
-30
-29
-28
-29
-29
-29
-28
-28
-28
-29
-29
-29
-27
-28
-29
-28
-28
-28
-29
-28
-27
-27
-28
-28
-29
-29
-29
-29
-29
-28
-29
-30
-30
-30
-31
-29
-31
-29
-30
-31
-30
-29
-30
-32
-32
-31
-29
-28
-28
-28
-30
-31
-30
-29
-29
-28
-27
-29
-28
-27
-27
-27
-26
-28
-28
-28
-28
-28
-28
-28
-27
-27
-27
-26
-26
-26
-27
-26
-27
-27
-28
-27
-27
-28
-28
-28
-28
-29
-30
-29
-30
-31
-29
-30
-32
-29
-29
-29
-28
-29
-29
-30
-28
-27
-28
-28
-28
-27
-27
-27
-27
-27
-26
-25
-25
-25
-26
-26
-26
-26
-25
-27
-28
-28
-28
-27
-26
-26
-28
-29
-28
-26
-27
-29
-28
-28
-28
-28
-28
-29
-29
-28
-26
-26
-26
-27
-29
-27
-26
-26
-26
-25
-26
-25
-24
-25
-25
-24
-25
-25
-24
-25
-24
-21
-21
-22
-24
-24
-25
-25
-24
-24
-25
-24
-24
-24
-26
-26
-24
-23
-23
-25
-24
-25
-25
-25
-25
-25
-23
-23
-21
-20
-22
-23
-22
-23
-21
-19
-19
-19
-20
-22
-20
-19
-18
-17
-16
-17
-18
-16
-18
-17
-17
-17
-16
-15
-15
-15
-16
-16
-17
-15
-16
-16
-15
-15
-14
-14
-14
-13
-13
-12
-12
-12
-13
-12
-12
-11
-9
-11
-10
-11
-12
-12
-13
-14
-13
-12
-13
-12
-12
-13
-12
-13
-14
-13
-14
-14
-13
-13
-13
-12
-11
-12
-11
-12
-12
-12
-11
-10
-10
-8
-8
-8
-9
-9
-10
-8
-9
-8
-8
-10
-10
-9
-7
-6
-6
-6
-7
-6
-5
-5
-5
-5
-4
-4
-4
-4
-4
-5
-4
-5
-5
-6
-5
-5
-5
-5
-4
-5
-5
-6
-6
-6
-6
-7
-6
-4
-4
-5
-5
-6
-5
-5
-6
-7
-7
-6
-6
-6
-6
-4
-5
-3
-4
-5
-4
-5
-3
-4
-3
-3
-2
-2
-2
-1
-2
-2
-2
-3
-4
-4
-3
-3
-3
-4
-5
-5
-6
-6
-6
-7
-8
-7
-6
-6
-4
-4
-4
-4
-4
-3
-4
-4
-3
-2
-1
-2
-2
-2
-4
-4
-6
-5
-6
-5
-5
-3
-3
-2
-2
-1
0
-1
-1
-2
-2
-2
-4
-4
-2
0
0
-2
-4
-5
-5
-4
-2
-3
-5
-3
-2
-1
-2
-3
-3
-2
-1
-1
-2
-2
-2
-1
-1
0
0
0
2
2
3
2
0
0
2
2
2
3
1
1
3
2
2
1
0
3
4
5
4
4
3
4
5
5
4
5
5
6
6
7
8
8
8
7
6
6
8
8
8
8
7
7
8
9
12
12
11
9
8
10
10
10
10
9
10
10
12
12
11
11
11
11
11
10
9
9
10
11
13
14
13
14
14
14
15
14
14
16
16
16
15
14
15
16
17
17
17
17
15
15
15
16
15
12
13
14
14
15
16
14
15
15
14
14
12
13
16
16
16
15
17
17
18
17
17
17
18
17
17
16
16
15
16
17
16
17
19
20
18
18
19
17
18
19
20
21
23
23
20
21
20
20
20
19
20
20
19
18
17
17
18
19
22
22
20
18
18
18
19
19
20
20
21
22
22
24
23
23
23
22
22
23
23
24
24
24
25
26
25
25
24
23
23
24
23
25
25
24
24
22
23
23
24
25
26
25
24
24
25
25
24
25
23
25
26
26
26
27
27
27
27
26
27
28
29
29
27
28
28
26
28
29
29
29
29
28
28
29
30
30
30
32
34
32
33
31
31
31
31
33
32
31
30
29
30
31
33
34
33
33
33
33
32
33
34
34
35
35
34
33
33
35
35
36
36
35
34
34
33
34
33
33
31
30
32
33
33
33
34
33
33
33
34
34
34
34
34
34
33
34
33
33
33
34
33
32
32
32
32
35
35
37
36
36
35
35
35
35
35
35
37
37
37
36
36
35
33
32
31
31
32
33
33
32
32
31
32
32
32
32
31
31
31
31
32
33
33
34
33
32
30
31
31
32
33
34
33
33
32
32
32
31
33
32
33
31
31
32
32
31
30
29
29
29
29
30
30
29
31
31
33
34
33
33
33
32
31
31
31
30
32
33
34
35
35
37
36
35
36
33
31
32
32
33
34
33
32
32
33
33
33
35
35
36
34
34
33
32
33
35
35
34
34
34
34
35
36
36
35
35
34
35
35
36
36
37
36
35
34
36
39
40
40
39
38
39
41
42
40
39
39
39
38
38
38
38
39
38
38
37
34
34
34
37
38
39
38
38
39
37
39
38
38
39
39
40
39
39
39
40
41
41
41
40
41
41
42
41
41
43
42
42
43
44
44
44
43
43
43
44
45
45
44
44
43
43
43
43
44
43
44
42
41
41
41
41
40
40
40
41
41
41
43
42
42
42
43
43
44
44
44
45
45
46
46
48
49
48
46
44
43
44
45
45
44
43
44
43
43
45
45
44
44
43
43
43
42
43
42
43
43
45
46
47
46
44
43
41
43
44
45
45
46
47
47
47
44
44
45
45
45
44
44
44
45
47
48
49
48
48
47
46
45
43
43
44
46
47
46
46
46
44
45
43
41
42
43
44
43
44
42
43
44
44
44
44
45
46
46
46
46
47
47
45
46
45
45
46
48
47
45
46
46
44
46
45
45
46
48
45
44
43
43
44
45
44
44
44
43
45
45
44
44
42
42
40
44
45
46
45
43
42
41
43
43
45
44
44
43
44
45
45
45
43
44
44
47
47
45
44
44
44
46
45
45
44
45
45
46
46
46
45
46
45
44
44
44
44
43
44
43
43
44
44
45
44
45
44
43
43
43
44
45
45
43
44
44
43
43
42
42
41
41
41
41
41
42
43
44
43
42
42
43
43
43
43
43
42
42
42
42
42
41
40
41
43
43
42
42
43
44
45
44
44
43
44
45
44
45
47
48
50
50
48
46
46
46
49
49
47
45
45
47
48
48
47
47
48
50
50
49
48
48
48
51
52
52
53
53
53
52
52
52
52
52
53
52
53
53
54
54
53
52
50
50
50
51
51
49
51
51
53
55
56
56
55
54
54
54
54
55
54
53
55
54
55
56
57
55
54
54
53
54
54
55
56
56
56
55
55
56
57
58
57
56
55
56
58
57
56
57
56
57
56
57
57
56
55
54
52
53
53
54
55
55
53
53
52
50
52
53
53
53
54
54
55
54
55
54
55
55
55
55
54
56
54
55
55
55
54
54
54
55
55
56
57
55
53
53
54
55
55
54
54
54
53
53
54
55
55
53
52
51
53
55
56
57
56
55
56
56
57
55
54
55
56
57
56
56
56
55
55
56
56
56
57
56
55
55
54
53
53
54
54
55
55
55
54
52
53
53
54
54
54
52
53
53
55
54
53
52
52
52
52
52
51
53
53
55
56
55
55
55
58
59
56
56
56
57
57
57
57
59
60
60
59
57
57
57
57
59
58
57
56
56
58
59
60
60
60
60
60
59
59
61
62
62
63
61
59
61
61
62
61
58
59
61
61
61
60
60
61
62
64
62
60
59
58
59
60
59
59
61
62
61
61
60
61
60
60
61
59
59
61
62
62
61
58
58
59
61
60
60
61
59
59
60
60
59
59
62
62
62
61
61
61
61
63
63
63
63
63
63
64
63
65
65
64
63
62
62
63
63
61
60
59
61
62
64
64
63
62
62
60
60
62
62
60
61
62
64
64
62
60
61
59
59
60
61
61
60
61
62
62
62
61
60
60
60
60
60
60
62
63
63
63
62
63
62
63
63
61
60
61
61
61
62
62
62
60
60
60
61
61
61
62
61
60
60
61
63
63
62
62
61
61
61
62
62
61
61
59
59
58
60
62
63
61
59
58
59
60
61
61
59
60
60
60
61
62
63
63
62
63
62
60
61
61
61
61
61
62
62
61
61
60
60
61
62
62
62
62
62
63
63
64
64
63
64
65
66
65
64
64
65
64
61
61
60
60
63
63
63
63
64
63
63
61
62
62
63
64
65
66
63
63
63
63
63
65
66
66
65
64
64
64
67
66
66
66
67
67
68
68
66
65
66
67
67
66
66
67
66
67
68
65
65
67
65
66
66
66
66
67
67
66
65
66
67
68
69
70
69
68
68
68
68
67
68
68
68
69
70
71
72
72
71
69
68
68
69
68
68
67
66
66
68
67
67
66
68
67
67
66
64
66
65
66
66
65
65
65
66
66
66
64
64
63
61
62
61
62
62
61
61
59
60
61
62
63
61
60
60
60
60
60
59
58
58
58
59
59
59
59
59
59
58
55
56
56
55
55
57
56
56
56
53
54
54
55
55
55
55
55
55
55
54
53
55
56
58
57
56
55
54
54
54
55
54
53
55
54
53
53
51
52
54
54
54
53
51
50
52
51
52
52
51
51
50
51
50
50
51
52
52
51
52
52
51
51
52
52
52
53
51
49
49
50
50
52
52
53
50
50
50
50
52
52
51
51
53
53
53
52
51
49
49
50
51
53
53
53
51
52
51
53
53
53
53
50
50
51
51
51
49
47
47
48
50
49
49
49
49
49
49
48
49
49
50
50
49
48
48
47
48
46
47
47
47
48
47
48
46
46
46
46
47
46
47
47
48
49
49
46
46
47
47
47
47
45
45
46
48
48
47
47
46
47
48
48
49
48
45
43
44
44
44
45
44
44
42
41
41
42
44
43
42
42
42
42
41
41
38
39
39
41
43
42
41
41
42
42
41
41
40
42
43
42
42
42
42
41
41
40
41
42
42
42
41
41
41
41
41
41
41
41
41
40
41
37
38
37
37
38
38
38
38
38
37
37
39
40
39
40
39
38
37
38
38
38
38
40
41
42
42
42
41
41
41
43
43
42
42
41
41
41
41
42
43
42
42
41
42
41
41
40
41
43
42
43
42
44
44
44
44
44
45
45
44
43
44
44
45
45
43
42
41
42
42
42
40
40
38
40
40
40
40
40
41
42
43
43
43
42
42
42
42
41
40
41
42
43
43
43
43
43
43
43
41
41
43
42
42
41
42
41
42
42
40
40
41
42
43
43
44
42
41
40
41
39
37
36
36
37
38
39
38
38
39
39
39
40
40
40
39
40
39
39
40
41
43
43
42
41
42
42
42
41
38
38
38
39
39
41
40
40
38
38
38
37
39
38
39
39
37
37
39
37
39
39
37
37
37
38
38
37
39
39
38
37
37
36
37
37
36
36
37
38
38
38
37
35
35
35
35
36
37
36
37
38
38
37
36
35
35
37
37
39
37
38
36
35
35
36
37
35
36
35
35
35
35
35
36
37
36
35
35
35
36
37
38
39
38
40
39
39
40
40
39
38
38
39
40
40
41
40
41
41
40
40
39
38
38
39
39
38
37
38
39
38
38
39
38
36
37
36
36
36
38
38
37
38
38
38
40
40
41
41
39
37
37
39
39
40
40
39
39
39
40
40
41
41
40
40
40
41
41
41
41
40
41
41
41
42
43
43
42
40
40
41
42
43
43
43
42
41
42
41
40
40
41
40
41
43
43
43
41
41
42
43
42
42
41
41
41
41
41
41
42
42
41
41
41
42
42
40
37
35
35
37
38
39
38
38
39
40
37
37
38
38
39
38
39
40
42
43
43
42
43
44
44
44
44
43
42
44
44
46
44
43
42
43
42
43
42
42
42
42
42
41
41
39
39
40
39
41
44
44
43
42
39
40
41
43
44
45
43
42
42
40
40
39
41
41
41
42
42
42
42
42
44
43
42
43
43
43
43
40
39
38
40
44
44
43
42
41
42
43
42
42
42
44
44
43
43
41
41
42
40
41
40
41
43
42
43
43
42
41
42
43
42
42
43
43
41
42
42
41
42
44
43
40
40
40
40
41
40
38
38
39
39
38
39
41
39
42
39
39
38
39
40
40
41
41
38
38
39
41
41
42
42
40
40
41
42
44
46
44
44
44
43
44
44
44
43
41
41
41
42
42
43
41
42
41
40
41
40
39
38
38
38
38
37
35
35
36
35
34
33
33
33
33
34
34
34
32
33
32
32
32
32
32
34
34
34
34
33
33
33
33
33
33
33
32
32
32
32
31
30
30
30
30
28
30
29
28
28
29
30
30
29
29
29
28
27
25
24
24
24
24
25
25
25
26
25
23
23
23
23
22
21
22
22
23
22
22
21
22
23
24
23
23
22
20
20
21
22
21
21
22
22
22
23
23
23
23
23
21
21
22
22
21
21
22
23
24
25
24
23
23
23
22
22
21
19
20
19
20
20
21
20
20
19
18
17
17
19
17
17
17
17
17
17
15
15
16
16
16
16
15
15
14
16
16
16
17
16
15
14
14
14
14
15
15
13
12
11
11
13
12
13
12
12
12
10
10
10
9
8
9
9
8
8
9
9
8
7
6
5
6
5
6
7
7
6
6
6
6
5
6
5
6
7
8
8
7
6
4
5
5
6
6
6
6
7
8
7
7
7
6
7
8
8
8
7
6
5
4
5
5
4
5
5
5
5
6
5
6
5
5
5
7
8
9
8
7
5
7
7
7
7
6
7
7
7
8
6
4
4
3
3
4
4
4
4
3
3
2
2
3
3
5
5
3
2
1
1
1
1
2
1
1
-1
0
1
1
1
0
-2
-2
0
0
0
0
0
1
1
1
1
1
1
1
2
0
1
-1
-2
-3
-4
-2
-1
-2
-2
-1
-1
-3
-2
-2
0
-1
-1
-1
0
1
0
1
1
0
-1
-2
-2
-3
-2
0
0
0
-1
-1
2
4
3
3
0
0
0
2
1
-1
-2
-2
0
1
1
0
0
1
1
1
0
-2
-2
-2
-2
-2
-2
-2
-1
-1
-1
-2
-3
-3
-1
-2
0
-2
-1
0
0
1
0
0
0
-1
0
1
0
0
-2
-2
-2
-3
-3
-4
-5
-6
-6
-6
-6
-7
-7
-9
-9
-9
-8
-7
-8
-10
-10
-11
-10
-10
-10
-10
-11
-12
-13
-13
-13
-12
-13
-13
-11
-9
-10
-13
-14
-15
-13
-11
-12
-11
-12
-13
-14
-13
-12
-12
-11
-12
-12
-11
-11
-12
-11
-12
-13
-14
-15
-14
-14
-15
-15
-16
-15
-14
-13
-14
-14
-13
-14
-13
-14
-15
-16
-16
-15
-15
-14
-15
-14
-13
-12
-13
-13
-13
-14
-14
-14
-15
-15
-15
-15
-14
-14
-13
-13
-13
-12
-13
-13
-13
-14
-14
-14
-14
-15
-14
-14
-13
-12
-13
-15
-15
-15
-15
-16
-16
-15
-17
-16
-16
-17
-16
-16
-16
-19
-20
-19
-18
-17
-16
-18
-19
-18
-17
-17
-17
-17
-18
-19
-19
-19
-18
-18
-17
-18
-21
-20
-20
-20
-20
-22
-23
-23
-21
-20
-19
-20
-21
-22
-23
-23
-21
-21
-21
-21
-22
-21
-21
-22
-23
-22
-24
-22
-23
-22
-24
-24
-23
-22
-20
-19
-20
-23
-24
-23
-23
-23
-22
-22
-20
-19
-19
-21
-23
-22
-21
-20
-19
-19
-19
-19
-18
-19
-20
-20
-21
-21
-21
-20
-20
-19
-19
-18
-19
-20
-19
-18
-17
-18
-17
-17
-18
-16
-15
-14
-14
-16
-16
-16
-16
-16
-16
-17
-18
-16
-16
-14
-15
-15
-16
-18
-18
-18
-19
-19
-19
-18
-17
-16
-15
-15
-16
-18
-20
-21
-21
-20
-19
-18
-17
-20
-21
-21
-20
-20
-20
-21
-22
-23
-24
-23
-24
-22
-22
-21
-21
-22
-22
-24
-24
-24
-24
-24
-25
-24
-25
-24
-24
-23
-24
-22
-21
-23
-23
-25
-25
-24
-23
-23
-22
-22
-23
-24
-24
-23
-23
-22
-21
-21
-21
-22
-23
-24
-25
-24
-23
-24
-24
-25
-23
-22
-23
-22
-22
-22
-22
-22
-22
-23
-22
-21
-21
-21
-22
-23
-24
-24
-22
-21
-19
-19
-18
-19
-19
-20
-21
-21
-21
-22
-20
-19
-18
-19
-20
-22
-21
-21
-21
-20
-20
-20
-21
-22
-22
-21
-20
-21
-20
-21
-21
-22
-20
-19
-19
-20
-21
-21
-23
-23
-23
-23
-23
-23
-24
-26
-27
-25
-24
-25
-25
-26
-26
-24
-25
-26
-26
-25
-23
-24
-23
-25
-24
-23
-21
-21
-23
-23
-23
-23
-24
-22
-25
-25
-24
-25
-24
-25
-26
-26
-24
-24
-26
-26
-25
-24
-24
-24
-24
-24
-24
-24
-23
-23
-25
-25
-27
-25
-24
-24
-23
-24
-23
-24
-25
-23
-24
-23
-22
-24
-22
-22
-22
-20
-21
-21
-22
-23
-22
-22
-23
-23
-23
-19
-21
-22
-21
-22
-22
-22
-22
-21
-23
-21
-22
-20
-21
-22
-21
-21
-21
-20
-21
-19
-19
-21
-21
-21
-21
-21
-23
-22
-23
-23
-19
-19
-22
-25
-27
-24
-25
-24
-25
-28
-27
-24
-24
-24
-24
-24
-23
-23
-24
-27
-27
-25
-22
-23
-22
-25
-22
-23
-24
-20
-25
-22
-21
-24
-24
-22
-23
-22
-20
-21
-22
-23
-21
-21
-22
-21
-24
-21
-25
-25
-25
-24
-25
-26
-27
-28
-25
-26
-22
-24
-27
-28
-29
-27
-26
-25
-24
-24
-25
-25
-24
-24
-23
-24
-23
-24
-24
-22
-22
-21
-20
-22
-24
-24
-21
-21
-20
-23
-23
-24
-23
-22
-22
-21
-23
-23
-22
-22
-23
-23
-19
-19
-23
-21
-23
-22
-23
-21
-19
-21
-22
-22
-22
-19
-20
-22
-23
-26
-28
-28
-27
-27
-25
-28
-24
-29
-28
-28
-30
-28
-30
-31
-30
-29
-28
-27
-29
-26
-30
-30
-29
-28
-28
-28
-29
-30
-33
-31
-30
-28
-31
-32
-31
-32
-30
-28
-29
-29
-29
-31
-28
-28
-27
-29
-27
-29
-29
-27
-24
-24
-27
-31
-31
-31
-29
-30
-29
-30
-32
-30
-30
-32
-34
-34
-33
-31
-32
-33
-31
-31
-29
-29
-32
-31
-30
-28
-29
-29
-29
-30
-30
-27
-29
-31
-30
-30
-29
-30
-35
-30
-31
-29
-29
-33
-32
-32
-30
-31
-33
-33
-33
-33
-31
-31
-31
-29
-29
-30
-33
-33
-31
-31
-30
-30
-32
-31
-32
-31
-28
-33
-30
-33
-32
-31
-30
-30
-27
-31
-31
-33
-30
-30
-29
-28
-32
-32
-32
-29
-29
-31
-32
-33
-30
-33
-32
-33
-33
-32
-35
-34
-37
-31
-34
-32
-35
-34
-34
-32
-33
-34
-34
-36
-35
-37
-34
-34
-32
-33
-33
-35
-38
-33
-32
-33
-34
-34
-37
-31
-31
-36
-32
-39
-34
-34
-35
-32
-35
-36
-33
-33
-37
-33
-37
-31
-32
-36
-31
-36
-32
-32
-34
-28
-30
-31
-32
-32
-34
-29
-35
-33
-34
-34
-31
-33
-35
-34
-34
-35
-32
-36
-33
-35
-34
-36
-34
-35
-35
-35
-34
-32
-33
-34
-32
-31
-28
-28
-31
-33
-32
-33
-30
-33
-34
-32
-34
-31
-33
-33
-31
-31
-32
-32
-33
-32
-29
-31
-27
-29
-32
-29
-27
-27
-27
-31
-28
-28
-30
-25
-29
-27
-28
-30
-29
-30
-35
-32
-32
-30
-30
-32
-33
-30
-34
-32
-30
-29
-29
-30
-29
-30
-30
-31
-27
-25
-23
-24
-24
-24
-25
-25
-26
-25
-26
-28
-28
-24
-22
-26
-27
-28
-28
-24
-30
-22
-29
-26
-26
-25
-24
-23
-26
-22
-21
-25
-23
-26
-24
-23
-25
-25
-21
-26
-20
-26
-22
-26
-26
-26
-27
-25
-27
-28
-24
-24
-25
-28
-26
-29
-26
-28
-22
-28
-26
-26
-25
-21
-25
-24
-25
-27
-26
-27
-28
-25
-28
-27
-27
-28
-31
-29
-33
-27
-29
-28
-30
-30
-33
-31
-34
-32
-32
-28
-32
-25
-36
-29
-34
-31
-27
-34
-26
-37
-26
-40
-27
-38
-21
-36
-27
-35
-33
-27
-36
-21
-33
-23
-32
-23
-28
-28
-29
-27
-23
-25
-28
-27
-28
-24
-33
-30
-30
-31
-29
-27
-30
-29
-30
-31
-28
-34
-30
-38
-25
-41
-27
-36
-35
-30
-41
-34
-33
-41
-33
-38
-42
-32
-42
-42
-33
-52
-28
-45
-41
-41
-50
-37
-42
-40
-44
-40
-56
-36
-54
-37
-44
-50
-36
-48
-42
-42
-43
-37
-40
-38
-41
-37
-41
-31
-38
-32
-36
-35
-33
-33
-32
-26
-32
-25
-25
-23
-19
-21
-21
-22
-18
-20
-12
-20
-10
-15
-2
-10
-2
-10
-2
-8
-2
-8
-5
-6
-4
-1
-4
-9
-6
-10
-7
-12
-16
-10
-16
-19
-18
-23
-21
-20
-34
-20
-33
-33
-35
-40
-42
-43
-51
-48
-54
-61
-59
-62
-69
-67
-77
-76
-76
-93
-86
-91
-98
-99
-108
-104
-112
-121
-121
-122
-129
-134
-132
-132
-132
-147
-139
-146
-144
-143
-149
-138
-144
-134
-129
-120
-117
-108
-95
-84
-70
-69
-44
-27
-12
7
18
45
58
75
91
112
127
143
159
171
189
194
206
213
216
222
224
231
224
223
213
213
197
188
180
163
150
125
115
90
77
49
34
9
-8
-37
-57
-73
-104
-106
-152
-147
-189
-188
-206
-230
-234
-262
-260
-284
-285
-321
-296
-324
-333
-365
-364
-354
-377
-379
-379
-370
-382
-339
-334
-338
-342
-341
-260
-245
-247
-227
-191
-128
-127
-108
-70
2
0
34
47
84
123
124
159
172
177
183
203
205
218
207
207
222
192
182
186
173
172
142
124
122
111
81
79
64
53
36
10
1
2
-8
-13
-20
-43
-45
-39
-35
-24
-24
-15
-16
-6
4
41
56
66
80
89
112
130
149
172
186
186
200
193
210
218
217
203
192
173
168
142
117
93
75
32
-3
-43
-80
-103
-144
-196
-226
-256
-315
-334
-375
-397
-443
-469
-503
-495
-519
-526
-516
-491
-529
-518
-542
-464
-406
-429
-387
-375
-308
-274
-235
-221
-104
-96
-68
-9
7
91
122
139
200
207
220
260
280
291
329
298
321
332
287
315
300
292
279
244
208
217
179
160
159
98
92
55
26
18
-8
-15
-38
-55
-105
-83
-92
-75
-88
-117
-85
-98
-72
-80
-40
-32
-4
-10
11
49
60
96
113
134
144
160
179
217
212
217
232
229
234
226
211
210
187
167
137
125
77
70
3
-16
-50
-117
-137
-182
-240
-269
-314
-364
-409
-445
-502
-485
-543
-563
-546
-534
-588
-645
-598
-558
-489
-563
-502
-478
-419
-391
-378
-316
-235
-180
-181
-110
-87
-7
64
65
122
156
175
226
251
278
313
326
315
358
315
341
357
336
327
294
270
270
250
211
210
173
130
100
57
47
15
-17
-53
-80
-117
-139
-127
-160
-157
-190
-188
-183
-194
-182
-151
-145
-131
-125
-104
-51
-40
6
41
72
88
129
148
220
221
257
280
299
323
331
359
371
370
331
365
317
322
277
276
232
183
170
121
43
35
-21
-90
-121
-180
-258
-257
-354
-401
-430
-543
-531
-565
-651
-640
-661
-711
-612
-713
-747
-712
-734
-583
-621
-658
-568
-521
-466
-434
-406
-310
-197
-211
-155
-75
-41
79
97
136
192
224
258
312
328
356
406
376
396
397
378
409
399
371
347
315
287
300
249
211
203
151
112
57
21
35
-8
-51
-121
-120
-129
-163
-156
-193
-169
-201
-208
-195
-180
-145
-141
-113
-110
-74
-34
6
57
86
127
152
183
209
285
299
333
329
359
382
386
389
388
386
334
364
271
298
236
237
174
92
109
-44
7
-64
-224
-102
-324
-313
-428
-409
-458
-650
-569
-674
-689
-785
-740
-803
-732
-795
-843
-810
-919
-656
-696
-737
-677
-636
-512
-495
-479
-385
-206
-247
-156
-91
-71
121
104
188
244
251
314
374
395
416
494
439
500
467
433
492
462
459
412
371
333
352
288
245
237
165
146
62
10
23
-6
-61
-148
-129
-162
-191
-200
-266
-180
-214
-254
-210
-231
-186
-128
-146
-88
-57
-52
40
63
92
204
198
240
268
295
385
392
402
447
424
443
460
408
466
427
358
379
292
259
292
167
144
98
-31
15
-205
-99
-248
-324
-332
-518
-456
-571
-668
-674
-709
-828
-841
-877
-881
-908
-898
-841
-953
-937
-951
-782
-702
-775
-716
-655
-499
-471
-441
-338
-196
-101
-84
-10
45
207
280
315
370
374
483
508
524
571
596
589
601
567
533
572
530
521
480
382
353
345
299
238
195
123
95
24
-29
-29
-109
-117
-208
-190
-227
-274
-244
-262
-248
-262
-263
-241
-205
-198
-146
-91
-100
-13
8
76
120
157
245
260
336
301
404
441
474
458
492
524
506
498
472
481
449
389
338
330
256
261
94
81
59
-77
-95
-222
-315
-308
-507
-394
-628
-777
-573
-898
-844
-878
-1013
-981
-1039
-1006
-920
-1035
-1029
-1036
-1067
-747
-815
-809
-726
-671
-489
-472
-420
-278
-115
-37
-8
60
147
335
383
435
485
501
584
614
678
664
701
693
694
648
596
614
615
588
483
387
355
346
281
206
168
107
104
-91
-80
-134
-80
-121
-278
-260
-305
-253
-260
-257
-287
-253
-252
-245
-173
-182
-50
-34
-19
14
63
173
234
266
307
387
337
443
474
543
550
543
534
509
598
486
490
485
430
370
275
236
193
154
-32
29
-303
-141
-259
-478
-394
-631
-650
-740
-932
-822
-1045
-1035
-1051
-1155
-1150
-1196
-1043
-1101
-1094
-1255
-1099
-830
-895
-758
-873
-638
-475
-413
-364
-258
-37
45
183
163
273
468
554
657
608
693
728
858
821
841
845
839
855
784
764
651
702
607
545
464
326
389
280
235
63
54
-4
-81
-108
-231
-200
-258
-309
-361
-357
-366
-306
-347
-359
-321
-290
-209
-196
-159
-81
-30
45
98
130
266
289
363
421
472
554
512
632
625
630
650
636
654
579
555
561
479
338
432
168
233
71
-1
-135
-286
-184
-495
-557
-637
-699
-901
-951
-970
-1158
-1312
-1108
-1315
-1370
-1342
-1148
-1132
-1329
-1294
-1293
-840
-838
-835
-802
-708
-392
-280
-226
-178
113
292
373
417
387
737
840
919
914
882
957
1057
1110
1051
1027
965
992
933
796
698
701
702
516
343
178
244
191
60
-98
-217
-161
-344
-334
-458
-434
-426
-474
-554
-556
-514
-411
-346
-378
-372
-274
-144
-98
-11
31
200
270
308
377
477
616
685
706
751
760
780
891
840
828
770
738
759
597
593
461
435
351
217
-9
27
-81
-350
-312
-577
-605
-783
-853
-1018
-1188
-1166
-1402
-1313
-1531
-1555
-1519
-1596
-1453
-1355
-1244
-1401
-1378
-1285
-830
-694
-689
-610
-430
-130
35
108
258
573
694
814
853
886
1133
1272
1360
1321
1233
1173
1316
1287
1238
1101
969
957
817
619
487
478
349
214
-103
-193
-218
-278
-382
-531
-632
-688
-734
-716
-775
-736
-722
-699
-673
-652
-526
-358
-247
-181
-136
33
187
305
429
504
682
729
854
872
990
1050
1104
1124
1110
1048
1041
1018
971
895
714
675
573
467
291
188
65
-24
-216
-393
-525
-674
-787
-934
-1064
-1252
-1338
-1427
-1618
-1670
-1775
-1746
-1757
-1790
-1826
-1826
-1327
-1344
-1179
-1428
-1391
-714
-404
-273
-346
-184
215
649
644
672
1036
1240
1458
1437
1356
1468
1670
1777
1711
1502
1198
1329
1358
1251
895
635
547
543
262
-109
-246
-292
-356
-592
-920
-1049
-1009
-896
-1145
-1108
-1319
-1148
-942
-1031
-867
-900
-627
-453
-333
-202
-29
221
515
581
726
868
1017
1246
1328
1329
1430
1450
1515
1537
1393
1400
1396
1320
1200
930
879
790
696
434
228
65
22
-198
-376
-561
-724
-751
-1019
-1128
-1389
-1407
-1476
-1582
-1698
-1872
-2017
-1959
-1972
-1866
-1921
-1999
-1833
-1710
-1205
-925
-971
-910
-935
-325
227
475
435
560
918
1289
1518
1433
1679
1820
1999
1902
1785
1661
1693
1754
1646
1301
845
675
637
573
194
-230
-425
-551
-669
-1031
-1116
-1314
-1247
-1375
-1559
-1540
-1600
-1421
-1281
-1219
-1207
-1108
-883
-419
-167
-33
89
208
602
952
1133
1411
1374
1516
1682
1801
1887
1864
1756
1778
1677
1517
1422
1295
1231
1090
821
628
439
300
244
21
-189
-437
-583
-632
-717
-858
-973
-1104
-1177
-1317
-1481
-1468
-1583
-1560
-1524
-1770
-1710
-1970
-1857
-1680
-1504
-1772
-1725
-1512
-1202
-274
-453
-466
-374
-346
564
1010
1062
1051
1248
1444
1885
1844
1619
1951
1947
1999
1793
1323
1079
1193
1052
912
384
-190
-311
-333
-520
-851
-1188
-1362
-1280
-1397
-1670
-1722
-1614
-1419
-1257
-1288
-1342
-1070
-773
-481
-272
-190
-50
243
501
754
1212
1342
1471
1359
1356
1660
1915
1970
1798
1577
1442
1513
1461
1329
1117
883
748
600
381
220
194
108
46
-192
-433
-524
-510
-474
-602
-765
-951
-861
-881
-876
-962
-1083
-1102
-1221
-1307
-1397
-1448
-1454
-1490
-1420
-1653
-1516
-1776
-1503
-1266
-1050
-624
-177
-226
-120
-362
46
978
1445
1479
1178
1152
1414
1979
1905
1838
1652
1491
1551
1352
928
621
482
479
287
-288
-885
-997
-943
-877
-1142
-1436
-1650
-1479
-1459
-1391
-1345
-1243
-988
-749
-609
-497
-230
35
407
591
649
733
855
1107
1291
1511
1673
1590
1461
1258
1316
1494
1515
1371
1073
790
684
633
682
544
310
121
26
-62
-89
-168
-99
-79
-174
-408
-477
-514
-421
-434
-529
-676
-669
-823
-698
-912
-1013
-1191
-1240
-1300
-1424
-1589
-1904
-1719
-1622
-1506
-1556
-1769
-1682
-1182
-81
49
340
-454
-431
658
1415
1885
1623
1295
1558
2152
1962
1956
1615
1564
1775
1603
1015
419
-38
37
272
-183
-845
-1385
-1547
-1283
-1303
-1512
-1704
-1588
-1469
-1230
-1201
-1092
-909
-482
-119
154
377
430
719
1066
1235
1363
1283
1322
1517
1677
1691
1606
1326
1156
1103
984
1001
812
632
463
292
138
143
83
23
4
-76
-114
-117
-130
-35
83
67
-65
-127
-252
-203
-367
-384
-507
-494
-578
-913
-1040
-1352
-1403
-1405
-1727
-1819
-2008
-2173
-1975
-2170
-1968
-2088
-1502
-1392
-557
106
13
419
-55
554
1659
2119
2275
2099
1963
2199
2475
2069
2112
1893
1561
1487
927
318
-144
-560
-617
-613
-1236
-1706
-2041
-2074
-1868
-1815
-1849
-1659
-1409
-1232
-985
-817
-470
77
527
942
1158
1278
1387
1568
1815
1995
1980
1819
1607
1455
1427
1292
1078
746
486
335
243
83
-67
-215
-192
-152
-172
-156
-269
-80
132
299
332
261
343
494
652
542
393
253
91
-68
-277
-426
-686
-676
-1204
-1382
-1906
-2180
-2280
-2334
-2378
-2670
-2865
-3039
-2469
-2240
-1862
-1625
-1156
320
680
1022
521
692
1900
2946
3346
3215
2586
2431
2701
2613
2598
1967
1275
996
656
19
-726
-1481
-1725
-1614
-1831
-2221
-2615
-2838
-2611
-2187
-1755
-1359
-1017
-815
-374
68
621
1058
1506
1920
2348
2469
2394
2190
2133
2207
2083
1821
1380
821
551
150
-125
-330
-661
-658
-856
-919
-946
-875
-646
-381
-171
83
260
497
785
1035
1293
1438
1502
1532
1369
1324
1067
850
515
73
-307
-704
-1147
-1399
-1810
-2121
-2457
-3102
-3244
-3560
-3339
-3375
-3321
-3255
-2901
-2241
-1605
-1231
-424
677
1639
2414
1734
1863
2716
3495
4308
3875
3033
2800
2429
2196
2001
923
135
-272
-809
-1128
-2036
-2946
-3112
-3009
-2870
-2662
-2754
-2673
-2287
-1795
-932
-98
503
973
1478
1928
2436
2742
3017
3269
3389
3222
2821
2278
1767
1258
858
494
-130
-655
-1272
-1677
-1831
-2043
-2002
-1857
-1702
-1327
-1070
-697
-297
235
789
1367
1710
1957
2206
2311
2502
2464
2387
2173
1810
1323
831
325
-255
-777
-1368
-1799
-2161
-2565
-2951
-3328
-3652
-3745
-3699
-3607
-3388
-3335
-2854
-2388
-1780
-820
-295
423
1254
2272
3120
3581
2854
2892
3289
3672
4040
3171
2192
1513
811
461
-46
-1081
-1822
-2373
-2718
-2859
-3442
-3881
-3748
-3326
-2633
-1990
-1616
-1130
-506
221
1230
2160
2792
3184
3387
3585
3726
3686
3464
3142
2730
2191
1407
569
-232
-860
-1350
-1714
-2225
-2608
-2807
-2902
-2597
-2294
-1873
-1258
-717
-40
706
1208
1856
2293
2745
3159
3223
3248
3098
2774
2455
1986
1541
1070
414
-214
-809
-1351
-1878
-2363
-2806
-2902
-3096
-3031
-3276
-3307
-3353
-3091
-2545
-2034
-1766
-1433
-1421
-543
191
650
1105
1057
1595
3028
3687
3733
2916
1350
1819
2261
2451
2082
537
-472
-739
-1214
-1362
-1979
-2925
-2996
-2832
-2601
-2498
-3010
-3012
-2282
-1357
-418
222
482
922
1382
1977
2724
3220
3243
3255
3076
3007
2705
2019
1342
846
346
23
-603
-1393
-2027
-2659
-2754
-2643
-2526
-2463
-2015
-1325
-935
-103
-104
924
1971
2578
3356
3249
3108
3422
3268
3342
2989
2155
1787
1066
508
24
-786
-1105
-1554
-1830
-2008
-2423
-2752
-2803
-2780
-2415
-2195
-2001
-1814
-1686
-1580
-1125
-809
-272
-27
-39
23
85
265
531
758
737
727
1419
2026
2602
2003
398
120
394
1115
1567
501
-360
-866
-1272
-908
-1034
-1610
-1736
-1834
-1450
-1109
-1532
-1765
-1549
-1047
-106
533
676
783
720
972
1646
2084
2192
2051
1769
1678
1432
979
447
65
-205
-370
-630
-917
-1374
-1860
-2073
-2017
-1651
-1295
-1050
-845
-481
294
1184
1792
2254
2209
2820
3231
3429
3454
2687
2356
2043
1805
1535
623
-216
-757
-1080
-1096
-1441
-1873
-2098
-2221
-2058
-1960
-1976
-1940
-1690
-1373
-844
-771
-619
-817
-501
-153
137
400
17
-287
-433
-414
-43
-132
-124
-63
499
1591
1755
1550
334
-371
385
1075
1615
1216
62
-203
-381
-492
-391
-968
-1241
-1093
-1028
-751
-1039
-1667
-1653
-1174
-408
375
483
421
468
621
1078
1601
1727
1669
1477
1333
1238
888
223
-236
-440
-394
-399
-854
-1367
-1824
-2032
-1671
-1203
-928
-706
-840
-477
124
953
1902
2564
2835
2960
3016
3031
3001
2707
2345
1972
1453
1038
458
-355
-1006
-1464
-1515
-1439
-1687
-1843
-1978
-1946
-1727
-1550
-1288
-1086
-804
-436
-82
128
-81
-169
-1
215
652
266
-114
-645
-943
-816
-578
-937
-817
-1140
-170
1222
1261
1130
-344
-646
524
1210
1805
1397
351
352
283
271
268
-616
-906
-604
-350
-197
-782
-1616
-1670
-1289
-587
139
253
188
183
308
720
1120
1139
1240
1297
1318
1169
654
63
-253
-342
-245
-192
-472
-973
-1452
-1544
-1317
-961
-726
-484
-189
6
229
465
927
1870
2814
3212
3041
2266
1777
1834
1677
1602
1065
445
138
-279
-740
-1110
-1571
-1497
-1239
-994
-800
-1032
-1173
-1044
-769
-317
-115
24
145
280
241
72
-113
-241
-56
-148
-379
-1112
-1722
-1870
-1814
-1376
-1349
-1386
-615
488
1201
1447
253
21
790
1516
2488
2158
1292
996
479
500
530
-253
-673
-928
-944
-713
-1248
-1975
-2185
-2008
-1284
-513
-206
40
116
276
793
1360
1671
1803
1754
1775
1771
1378
800
320
9
-24
-179
-472
-868
-1365
-1700
-1811
-1671
-1409
-1172
-773
-524
-197
25
188
866
1662
2827
3277
2980
2304
1626
1701
1624
1553
1211
508
173
-170
-583
-842
-1368
-1422
-1060
-831
-627
-865
-1182
-1005
-796
-342
-123
-64
-21
97
84
83
-133
-260
-339
-461
-840
-1276
-1614
-1688
-1667
-1484
-1476
-1100
-162
918
1544
1383
368
386
958
1687
2218
1652
1029
714
294
319
-144
-958
-1281
-1333
-1052
-960
-1595
-2077
-2126
-1720
-908
-188
283
658
842
1127
1582
1908
2025
2004
1981
2016
1820
1223
476
-190
-565
-678
-788
-972
-1410
-1929
-2165
-2242
-1857
-1549
-1183
-800
-290
241
603
810
1131
1720
2529
3309
3465
3138
2254
1576
1281
1075
918
497
21
-346
-664
-1020
-1278
-1572
-1479
-1180
-882
-632
-712
-685
-490
-321
13
129
388
638
740
583
433
41
-119
-269
-763
-995
-1797
-1975
-2167
-2192
-1807
-1749
-1073
26
736
1255
870
75
743
1111
1846
2300
1494
1335
904
350
429
-312
-898
-835
-1043
-812
-1041
-1844
-2021
-1913
-1410
-434
72
427
800
960
1390
1742
1789
1908
1964
1942
1895
1402
713
47
-492
-623
-633
-863
-1264
-1887
-2060
-2129
-1883
-1657
-1409
-786
-301
198
512
663
957
1581
2010
2886
3209
2855
2566
1616
1288
1137
704
732
217
-178
-302
-695
-847
-1066
-1321
-1053
-803
-507
-305
-427
-270
-83
100
310
285
419
656
653
620
205
-256
-570
-822
-1063
-1462
-2128
-2541
-2576
-2286
-1905
-1681
-1145
47
915
1424
974
475
1034
1493
2181
2416
1823
1505
1008
622
524
-308
-989
-1112
-1164
-908
-1253
-1907
-2079
-1943
-1400
-572
32
587
959
1165
1523
1801
1889
1896
1855
1879
1834
1387
744
43
-500
-822
-1098
-1280
-1449
-1796
-2040
-2231
-2045
-1694
-1296
-827
-283
333
787
1146
1376
1615
2017
2342
2978
3103
2632
2160
1124
974
746
367
405
-186
-300
-303
-791
-886
-1196
-1260
-756
-573
-189
-57
-98
65
117
243
373
443
569
751
435
210
-419
-777
-1045
-1368
-1776
-2118
-2528
-2618
-2472
-2351
-1836
-1451
-140
938
1497
1384
613
1085
1679
2297
2708
2116
1744
1519
1048
844
-99
-1080
-1248
-1209
-968
-1135
-1902
-2242
-2223
-1783
-956
-317
218
654
1022
1473
1811
1824
1803
1794
1955
2097
1813
1159
345
-359
-729
-967
-1170
-1454
-1739
-2027
-2134
-2079
-1901
-1524
-1053
-579
65
703
1076
1497
1489
1734
2220
2463
3101
2700
2347
1876
1074
1123
496
355
237
-276
-109
-367
-674
-892
-1274
-1079
-682
-404
-127
-79
114
137
178
154
200
336
475
498
330
-188
-674
-998
-1173
-1462
-2014
-2292
-2667
-2457
-2340
-1993
-1684
-1478
-231
841
1824
1704
976
1413
1824
2372
2697
2043
1835
1469
955
805
-260
-1259
-1546
-1651
-1191
-1288
-1940
-2184
-2259
-1809
-1040
-505
137
730
1239
1819
2041
2024
1976
1863
1986
2095
1838
1241
352
-410
-870
-1202
-1502
-1766
-1973
-2094
-2044
-2048
-1976
-1792
-1247
-452
324
806
1123
1423
1813
2168
2431
2896
2980
2980
2714
1901
1413
749
373
407
-54
-218
-474
-809
-928
-1330
-1366
-1213
-873
-361
-195
16
95
38
243
191
297
472
523
713
398
6
-508
-927
-1165
-1420
-1895
-2199
-2704
-2805
-2558
-2376
-1803
-1553
-704
694
1391
1928
1128
1223
1724
2053
2763
2462
2045
1801
1077
834
216
-922
-1242
-1428
-1207
-1102
-1777
-2220
-2322
-2086
-1430
-873
-278
371
893
1406
1690
1720
1706
1733
1945
2130
1900
1351
637
34
-415
-762
-1077
-1362
-1535
-1670
-1696
-1692
-1757
-1736
-1418
-957
-202
455
837
1195
1433
1615
2132
2523
2777
2860
2354
2008
1641
1139
899
370
9
-18
-227
-316
-687
-1099
-1069
-1063
-714
-461
-325
13
33
42
-26
-175
-16
104
231
287
78
-226
-496
-703
-899
-1132
-1670
-1920
-2303
-2324
-2383
-2209
-1944
-1574
-846
374
1329
1774
1424
935
1499
1663
2297
2366
1848
1720
1315
955
514
-605
-1250
-1319
-1259
-961
-1313
-1867
-2140
-2184
-1762
-1239
-791
-111
461
1095
1555
1637
1591
1479
1668
2040
2177
1927
1284
630
90
-321
-622
-978
-1235
-1323
-1428
-1524
-1702
-1975
-1786
-1497
-922
-229
139
666
934
1329
1851
2170
2465
2589
2573
2559
2194
1692
1219
761
488
270
38
-172
-470
-797
-963
-995
-930
-858
-699
-403
-182
-131
-350
-377
-312
-72
186
269
400
239
99
-80
-404
-508
-972
-1218
-1467
-1914
-2003
-2324
-2301
-2057
-1774
-1494
-642
450
838
1455
520
937
1365
1374
2197
1812
1637
1772
1428
1322
624
-454
-524
-774
-641
-731
-1380
-1719
-2013
-1913
-1542
-1534
-1157
-510
57
653
859
908
1040
1193
1582
1941
1911
1688
1413
1125
751
412
42
-251
-427
-500
-651
-1058
-1446
-1604
-1493
-1333
-1129
-828
-409
45
437
852
1162
1384
1772
2020
2135
2044
1721
1627
1455
1286
1032
754
653
438
291
-52
-387
-528
-609
-509
-510
-630
-767
-920
-812
-726
-679
-562
-555
-311
-45
-196
-49
-487
-568
-660
-820
-773
-1219
-1530
-1603
-1738
-1147
-1024
-1053
-444
-136
646
747
158
274
486
864
1643
1517
1248
1088
963
1154
705
59
-214
-379
-258
-322
-696
-1129
-1523
-1297
-1019
-998
-941
-710
-291
94
355
558
655
838
1208
1559
1555
1360
1197
1184
1041
859
654
320
14
-223
-455
-691
-986
-1099
-1115
-1055
-986
-886
-628
-474
-18
367
688
1072
1197
1508
1652
1622
1703
1698
1769
1706
1538
1335
956
710
489
270
27
-261
-340
-396
-478
-713
-901
-992
-922
-763
-657
-616
-573
-567
-427
-313
-250
-287
-382
-470
-518
-742
-1042
-1227
-1418
-1188
-1265
-1224
-1275
-1339
-974
-586
-122
334
535
830
1043
1012
1217
1093
1145
1293
1220
1265
891
525
148
-268
-433
-636
-833
-910
-958
-858
-900
-1101
-1066
-945
-543
-175
241
666
824
1069
1134
1217
1267
1187
1371
1346
1202
1066
578
344
21
-203
-334
-604
-676
-637
-784
-765
-796
-792
-478
-283
208
457
702
996
1147
1419
1349
1522
1554
1667
1707
1500
1390
974
755
530
299
204
29
-103
-229
-479
-718
-921
-983
-869
-635
-545
-562
-521
-530
-471
-436
-436
-347
-263
-263
-288
-686
-815
-1154
-1179
-1069
-1272
-1087
-1201
-1175
-662
-637
-345
-76
-11
673
906
908
987
873
879
1020
955
821
692
472
501
99
-176
-377
-739
-567
-576
-445
-451
-592
-414
-255
-156
-30
156
358
526
833
878
792
817
763
889
817
757
728
447
287
138
-101
-147
-405
-275
-208
-358
-197
-270
-216
-32
53
354
577
648
930
1008
1090
1034
1022
965
983
979
876
773
610
502
377
183
70
-58
-54
-58
-93
-205
-339
-332
-178
15
16
41
61
61
121
-18
-168
-162
-292
-253
-439
-597
-763
-958
-1041
-1142
-1198
-1106
-1216
-987
-1101
-920
-913
-816
-588
-322
111
165
599
403
673
621
628
701
497
669
464
440
370
18
-36
-98
-113
-103
-201
-231
-98
-102
13
-69
3
34
220
439
407
476
477
506
689
630
524
508
398
497
304
189
51
-75
-10
43
45
-21
-22
105
136
106
246
244
330
408
472
614
554
553
613
553
482
497
469
467
396
357
308
272
203
160
191
228
264
330
374
319
367
328
393
406
424
487
433
483
229
214
27
-158
-129
-311
-289
-261
-400
-436
-617
-806
-868
-750
-830
-799
-877
-687
-596
-649
-402
-567
-417
-316
-442
-111
-397
-419
-34
-361
1
-88
-134
204
-4
246
105
27
115
142
248
297
250
264
329
378
472
265
461
395
407
461
337
402
216
295
229
205
202
88
164
122
149
217
150
256
203
250
344
207
296
255
180
268
247
345
299
253
172
116
147
-13
60
50
-41
122
131
30
180
83
178
387
335
703
565
591
830
460
981
610
728
962
500
721
613
287
461
131
71
9
47
-1
-258
105
-378
-123
-160
-285
-233
-255
-225
-181
-192
-249
-283
-178
-278
-409
-308
-480
-776
-380
-682
-613
-376
-724
-420
-484
-522
-562
-541
-480
-402
-37
-163
-28
55
70
304
316
301
341
431
416
552
325
374
190
177
216
166
199
37
86
95
0
-79
-126
-48
-60
40
20
-8
103
5
227
180
120
201
203
198
208
136
-38
89
51
-17
122
-159
-133
-51
-67
-106
82
-31
-71
498
-65
296
444
178
580
610
409
743
644
469
904
522
617
693
345
706
632
319
570
210
338
147
149
54
123
-158
54
32
-346
270
-574
-248
11
-736
103
-156
-322
50
-220
-199
54
-412
2
-52
-158
223
-368
311
-125
-175
282
-322
-94
112
-159
163
147
-352
266
-33
-174
239
-195
297
43
46
238
-305
258
-153
45
59
-92
-119
-76
-14
-256
-235
-184
-356
-114
-217
-198
-284
-109
-310
-174
-161
-308
-114
-139
-96
-107
-127
-52
-138
-145
-68
-247
30
-98
-6
106
-7
-42
338
-316
414
-36
132
407
-13
470
125
535
287
20
596
207
350
597
337
168
497
130
211
224
-10
127
91
278
-134
120
178
-345
309
-172
-44
-90
172
-126
71
269
-408
502
-271
195
67
-52
351
-92
268
-39
-44
215
-151
203
54
-57
52
395
-200
391
135
95
377
162
347
154
334
41
548
41
240
185
-35
206
-299
265
-364
-187
-1
-586
217
-604
-116
-175
-528
-25
-225
-236
97
-242
84
-206
-82
-141
-97
-67
-137
-120
29
-242
-126
22
-511
26
-144
-305
104
-249
-15
-227
187
-327
-93
184
-248
354
-63
138
-18
231
9
22
187
-121
-77
83
-92
-218
123
-256
-33
42
-326
-10
-99
-274
129
-212
-79
53
-66
72
113
-144
243
-78
250
-95
-82
338
-584
254
-169
-417
211
-590
165
-131
-367
252
-346
202
22
225
274
239
340
220
365
354
201
355
480
44
135
490
-382
-57
110
-413
-199
-37
-526
-227
-128
-481
-85
-247
-201
7
-348
297
-129
-285
430
-466
549
-506
182
403
-628
542
-168
-415
354
-576
12
-37
-458
-35
-191
-219
-86
-191
-135
-14
30
-128
81
196
-281
7
401
-650
523
-365
-17
155
-400
169
-416
111
-383
-70
-166
-118
-435
105
-259
-325
112
-402
225
-82
-3
46
42
227
-381
228
11
-664
618
-503
-61
-143
-280
-231
-221
-5
-528
-6
-155
-332
234
-16
-275
482
-137
211
269
198
32
285
392
-361
552
109
-483
504
-433
-129
193
-466
101
-458
67
-498
59
58
-627
385
-326
-216
328
-306
-64
301
-400
262
94
-327
281
-293
-18
-30
-222
127
-382
-61
40
-408
349
-275
-285
666
-789
519
-6
-367
417
-269
181
59
83
-39
-26
129
-384
135
90
-632
539
-439
-279
327
-471
-378
599
-816
143
221
-443
231
107
-98
-42
433
-464
436
-87
-190
324
-408
292
-338
-32
-173
-320
225
-814
248
-297
-526
282
-241
-425
513
-477
44
434
-194
94
665
-471
632
-6
226
82
199
0
10
100
-132
-59
47
-398
-215
58
-495
112
-97
-561
271
-317
-274
266
-198
-224
357
-207
-38
292
-495
332
-264
142
-176
-245
276
-749
417
-200
-420
495
-650
483
-237
-94
391
-442
232
285
-406
499
-1
-158
433
-142
111
86
-103
360
-260
89
301
-519
266
114
-376
170
64
-295
98
91
-28
-105
470
-278
234
441
-241
535
-198
87
415
-478
647
-365
286
-239
34
200
-701
560
-479
-59
174
-304
318
-262
59
206
-299
551
-42
181
290
89
235
201
132
291
-68
423
-67
88
104
54
-190
61
81
-281
30
62
-252
-62
134
-275
96
83
-57
-104
306
-245
-150
424
-588
270
-24
-248
82
-296
175
-493
540
-596
170
235
-534
488
-120
-123
313
-98
13
273
-33
42
178
2
40
114
115
-113
328
-300
176
9
-184
288
-467
455
-392
194
189
-262
329
-111
285
237
105
277
233
-14
573
-281
700
-105
-14
538
-218
224
88
78
-202
-88
269
-489
316
-82
-246
115
146
-213
163
412
-434
677
73
79
517
-5
378
80
553
-167
304
401
-416
392
113
-187
-102
372
-630
260
-131
-98
44
-221
500
-650
555
-116
-132
573
-396
629
-457
167
348
-585
572
-130
-149
20
107
-385
257
-294
-192
228
-591
543
-713
283
-75
-436
503
-469
535
-847
1177
-908
503
302
-579
1051
-969
1109
-731
346
412
-706
1025
-645
356
-84
-1
-40
-47
289
-539
479
31
-400
591
-229
-58
468
-384
614
-402
462
191
-330
640
-263
215
101
-43
465
-501
694
-309
89
396
-431
576
-63
-239
645
-144
-89
697
-316
194
413
-353
650
-442
516
-65
92
156
58
-13
129
76
-5
133
-47
131
322
-365
395
-24
-86
215
64
-8
34
-1
178
-361
453
-244
-142
372
-329
250
-162
-36
390
-702
565
-215
-374
637
-873
832
-512
-61
612
-934
928
-452
8
507
-516
436
-236
479
-419
675
-398
368
203
-310
302
87
-95
-126
383
-187
-115
389
-294
237
-76
-68
243
-146
295
-188
481
-245
349
-8
-128
619
-607
483
206
-368
489
-140
-18
224
-6
-13
522
-354
291
386
-354
609
366
-595
1416
-597
184
1088
-885
932
-23
97
463
-218
578
-270
357
101
-179
468
-400
609
-516
643
-145
-115
426
-4
-206
729
-448
258
632
-676
716
185
-422
886
-436
310
227
-318
571
-289
16
251
-178
-135
457
-597
505
-50
-236
411
-212
105
148
117
-13
312
98
79
401
-36
423
-266
786
-459
448
247
-346
769
-550
461
121
-438
943
-729
679
-30
-243
984
-998
1026
30
-794
1671
-1348
938
17
-488
1228
-1417
1474
-573
-501
1455
-1516
1111
-308
-57
615
-671
920
-565
712
-140
431
385
-439
1211
-313
105
1036
-668
700
49
347
-85
426
-6
-28
296
-35
72
333
-420
810
-410
-125
1041
-1216
1127
-203
-33
661
-515
803
-371
579
28
-258
1286
-1259
1250
-122
-605
1127
-650
111
376
-176
-348
659
-668
352
-35
-229
703
-728
943
-235
-278
1488
-1670
1760
-440
-223
1371
-1102
1031
-139
46
358
-165
455
-162
227
372
-295
360
373
-471
736
-78
-75
920
-721
807
190
-475
974
-370
26
561
-500
457
-5
-193
416
-506
520
-379
29
615
-793
789
-59
-283
719
-96
123
262
473
-163
385
658
-598
1024
-345
498
170
-85
689
-500
530
317
-748
1214
-688
71
784
-902
1013
-619
435
241
-400
830
-530
579
234
-428
1140
-931
987
-307
125
503
-362
467
-29
-134
361
-313
106
479
-706
787
-170
-65
471
-197
266
93
94
382
-240
881
-602
840
-195
115
597
-672
1009
-342
23
910
-668
385
538
-505
652
177
-25
394
348
-20
501
11
525
-303
753
-133
184
408
-167
310
189
-494
842
-687
437
-123
-7
284
-359
488
26
-186
592
-218
316
259
165
379
-26
867
-539
819
78
-86
760
-256
264
448
-430
676
-57
-173
513
-4
-356
852
-518
313
371
-465
1003
-692
800
-13
0
736
-485
563
497
-855
1328
-534
-160
1061
-1150
903
-7
-506
711
-550
220
7
-99
227
48
104
-93
682
-621
642
155
-398
985
-649
720
228
-502
1097
-986
1036
-408
137
617
-674
805
-54
-451
1156
-800
556
489
-276
510
294
-9
250
603
-323
548
608
-864
1385
-569
-7
877
-904
837
-406
165
270
-378
529
-266
203
216
-132
499
-258
599
-340
581
439
-754
1691
-794
156
1381
-1461
1604
-493
-28
985
-771
968
-467
257
468
-689
915
12
-433
1166
-709
584
322
-253
490
105
33
352
-75
414
-162
145
333
-242
266
153
-226
253
51
-60
115
-7
201
-313
566
-2
-143
791
-649
712
-18
-122
626
-408
487
-125
382
-105
5
590
-886
750
9
-916
1538
-1029
255
677
-828
714
36
-366
1074
-705
603
652
-798
1475
-617
342
783
-775
1137
-430
148
636
-669
539
-6
-118
167
110
-30
111
-223
677
-749
747
26
-508
1231
-761
435
772
-723
846
-64
110
218
403
-315
558
64
-194
514
120
-333
557
175
-523
1007
-402
-183
1246
-1123
990
16
-214
795
-676
852
-186
-30
597
-267
316
-27
85
268
-329
370
51
-221
294
152
-498
809
-572
460
5
31
400
-341
861
-633
706
28
-161
407
-26
157
-174
469
-429
272
71
-331
525
-310
57
175
-41
-255
745
-633
355
483
-584
740
-77
201
-77
623
-81
-36
872
-759
810
-15
-330
763
-308
-95
620
-395
225
222
-144
113
369
-541
647
121
-521
1012
-469
165
513
-370
769
-485
766
-114
-89
842
-647
596
443
-699
1007
-251
23
697
-488
711
-305
343
344
-265
743
-207
56
722
-298
299
403
55
-130
666
-226
123
577
-447
711
-94
-179
939
-641
527
388
-554
948
-406
343
441
-98
189
247
197
-81
565
-158
137
414
-191
283
176
76
-57
423
-279
329
57
-199
830
-689
578
341
-642
974
-255
197
269
168
209
-92
884
-653
801
118
-360
1199
-991
1062
-130
-243
966
-857
985
-564
527
240
-462
1088
-733
505
440
-495
797
-169
213
443
-303
872
-605
795
-115
133
605
-414
866
-437
483
181
-146
579
-200
324
329
-161
715
-198
384
409
-80
463
212
403
-154
980
-325
477
437
-112
663
-319
911
-400
477
380
-397
946
-345
362
448
-383
724
0
4
693
-216
489
170
251
313
113
381
306
-136
898
-353
525
326
-133
420
451
-605
1249
-563
-31
1309
-1441
1526
-368
-286
1432
-1145
1065
370
-887
1819
-1027
602
1018
-1030
1320
133
-552
1513
-1011
1136
-131
-73
958
-711
861
-113
278
77
311
129
4
703
-474
538
412
-490
1055
-447
558
4
394
-60
422
260
-125
718
-250
369
180
111
304
68
314
319
-202
809
-163
201
599
-116
292
781
-557
992
100
-255
942
-310
365
454
-63
612
-303
872
-288
237
883
-757
972
37
48
375
383
138
53
912
-476
591
479
-266
723
298
-257
775
295
-574
1487
-878
549
701
-835
1279
-530
558
111
15
987
-925
1254
36
-477
1774
-1227
1181
654
-1301
2434
-1286
519
1552
-1646
1902
-23
-771
1878
-1253
957
208
-451
1376
-945
940
240
-365
1068
-365
390
575
-248
537
270
248
125
522
46
204
422
39
579
-179
769
-437
626
231
-276
961
-347
344
485
-88
386
469
-51
288
698
-516
927
65
-48
1007
-573
864
140
-123
882
-188
250
583
-219
478
239
178
178
471
-135
466
397
-115
784
-176
525
244
108
628
-91
517
1
567
13
240
697
-505
887
-107
175
568
-15
162
531
-145
347
361
73
370
189
433
176
265
477
26
639
40
297
650
-419
1113
-438
602
291
-174
770
-272
802
-371
797
-109
343
319
-27
756
-248
637
244
162
428
120
622
-233
792
-76
269
532
-143
258
594
-480
927
-155
196
564
-283
696
-12
248
479
-204
1057
-735
1158
-50
-117
1228
-960
1518
-701
692
561
-639
1422
-865
904
14
40
623
-360
923
-602
934
-114
57
974
-752
1118
-48
-80
1013
-365
471
488
-11
281
555
-125
427
433
-260
714
-57
177
437
-27
343
198
127
408
49
285
351
138
265
394
248
217
269
389
-42
578
99
136
455
104
52
626
-85
254
440
-202
726
-180
271
623
-416
870
107
94
611
88
257
409
160
266
203
543
-248
807
-172
177
646
-385
779
-49
7
717
-208
353
423
-32
423
268
53
547
-15
281
628
-227
464
518
-373
902
-99
247
337
66
228
314
170
121
577
-275
644
75
98
379
264
183
25
917
-542
698
679
-729
1332
-367
112
901
-471
468
584
-428
591
417
-731
1512
-1040
956
168
-455
1331
-1034
1224
-230
71
937
-497
783
174
-106
890
-328
552
218
113
211
406
-44
296
408
-319
727
-65
139
540
-107
516
99
151
512
-96
545
-1
486
62
302
424
2
422
356
-204
811
-144
129
793
-469
760
11
-29
728
-355
539
313
-113
591
48
150
441
80
22
733
-168
214
674
-241
576
-46
554
-261
750
-20
-7
1051
-833
901
262
-386
972
-241
374
359
-141
887
-514
1052
-342
422
564
-570
1104
-379
338
677
-616
1073
-335
133
806
-672
960
-298
335
350
62
66
733
-378
472
521
-552
1134
-313
265
669
-414
846
-337
605
-32
283
81
341
373
-526
1293
-717
313
1014
-1113
1260
26
-593
1545
-806
490
761
-665
960
108
-234
927
-252
237
448
182
32
390
290
-317
870
-331
290
799
-881
1379
-453
-25
1212
-1082
1140
161
-488
1413
-939
960
-44
-63
904
-516
601
289
-159
661
-212
508
156
0
491
63
323
41
655
-117
285
384
65
210
818
-570
1031
-146
139
822
-647
1380
-970
1114
-228
-10
928
-935
1399
-565
219
837
-722
1010
-312
443
208
138
270
409
-207
768
-145
182
856
-516
629
391
-235
559
116
219
67
362
175
148
371
41
317
309
-168
807
-414
614
253
-237
840
-76
88
552
-73
430
210
65
675
-295
468
283
-6
282
379
58
-29
845
-537
776
-175
632
-149
324
731
-749
1241
-370
512
49
353
261
-275
901
-212
307
135
659
-452
581
908
-1365
1894
-430
-494
1686
-857
558
719
-308
530
314
-194
908
-265
724
-191
769
-366
835
-137
230
450
-157
364
558
-346
834
4
80
783
-577
960
-439
990
-815
1551
-896
825
388
-434
1027
-248
270
615
-312
664
69
185
274
362
52
245
665
-235
468
393
-4
258
290
530
-462
1269
-552
517
540
-355
743
-60
353
133
280
365
162
241
447
79
-42
1140
-763
850
240
-99
458
424
-59
200
965
-978
1416
-332
-105
1158
-758
813
207
-119
691
-126
523
-49
549
-220
572
228
8
664
-87
511
-36
675
-258
645
235
51
487
379
-124
704
-5
363
322
72
593
-150
437
433
-430
1201
-514
505
572
-255
529
220
246
95
604
-210
697
40
177
524
47
407
167
335
263
113
513
106
249
351
147
407
23
432
303
-212
832
-139
159
694
-294
547
449
-200
874
-410
979
-250
381
704
-384
753
294
-96
702
-17
236
649
-188
563
123
156
280
437
-11
483
266
11
567
219
-156
1070
-576
690
510
-505
1199
-282
276
542
-33
403
109
581
-14
259
714
-511
950
-19
80
545
67
269
298
239
395
210
187
593
-26
360
518
-50
602
174
274
503
-100
719
51
262
476
145
119
519
78
235
426
152
458
-55
628
112
86
683
-65
397
185
384
134
305
414
77
365
382
-24
465
386
-74
890
-162
361
553
-121
586
488
-315
984
-169
429
505
117
308
441
39
323
394
244
138
654
-102
448
394
41
540
288
142
299
408
265
-124
1231
-732
1093
-28
286
542
-22
584
196
265
310
277
144
467
202
207
510
144
91
621
131
59
864
-156
299
764
-263
607
413
74
601
274
402
131
630
156
297
585
-25
544
185
346
212
528
-141
693
44
407
98
753
-164
446
730
-341
543
663
-396
846
336
44
307
727
-208
613
359
131
527
-28
867
-308
632
290
17
682
-12
447
152
504
121
498
184
448
207
412
314
289
382
255
270
734
-352
912
242
-108
960
-214
610
214
330
406
127
417
336
244
423
231
400
273
170
610
66
306
555
39
417
377
342
166
460
477
-206
929
-54
246
632
219
29
1022
-212
389
898
-306
614
668
-417
975
161
193
657
147
383
308
344
399
180
597
7
568
383
-65
715
329
-218
1154
-353
445
780
-274
813
346
100
576
266
270
444
156
565
218
457
214
331
341
198
570
17
634
0
450
444
248
291
469
129
549
165
518
392
158
427
607
-31
548
581
-178
839
235
-22
869
-85
732
-63
811
16
231
620
129
366
310
508
-22
824
-130
584
326
272
438
384
217
608
-44
712
173
124
809
17
374
818
-168
743
346
25
543
374
176
497
518
35
571
428
8
793
-39
729
127
191
972
-279
699
259
567
-329
1157
102
-259
1401
-407
578
586
46
478
270
640
27
602
593
-232
928
68
329
386
453
184
487
226
404
269
317
669
-344
1119
0
18
1316
-550
716
482
-128
843
148
407
372
316
381
174
784
-221
801
262
-45
974
-104
394
449
224
320
252
617
84
650
186
448
354
581
-87
969
55
231
661
298
196
406
520
125
628
28
950
-587
1287
-197
250
770
-234
891
-206
791
434
-339
1256
-129
123
1219
-586
1047
35
364
553
2
739
253
342
415
481
46
682
79
446
414
101
499
512
-31
588
636
-346
964
311
-119
1031
298
80
604
641
-502
1279
-102
348
533
237
293
536
135
497
317
181
561
131
492
258
432
377
166
614
323
121
830
-46
266
798
88
99
1084
-250
589
439
222
402
390
325
334
430
261
383
316
502
49
653
269
123
883
-68
484
555
59
500
403
249
301
510
252
357
259
410
208
302
612
-108
978
-136
345
970
-522
886
230
417
65
775
403
-235
1246
-59
-23
1066
-47
111
877
180
85
683
294
182
373
518
106
555
358
317
574
98
556
267
335
430
486
309
440
372
549
39
700
61
432
320
489
132
492
382
-20
746
139
82
786
23
487
458
241
443
207
463
475
-102
1226
-474
930
370
-105
1043
-137
401
811
-324
884
127
480
302
409
297
385
284
461
215
455
370
176
652
69
563
297
195
726
44
486
531
247
175
684
160
199
582
498
-241
911
372
-403
1184
-73
240
560
459
155
314
896
-270
772
304
80
762
-34
634
249
243
575
57
616
219
409
291
384
456
197
527
192
514
205
378
495
230
453
158
817
-193
615
541
-127
852
26
413
473
150
598
313
234
447
381
142
706
245
131
649
102
545
25
771
108
278
786
-39
558
324
404
286
278
596
63
365
484
405
54
684
376
173
397
572
228
2
1011
23
153
809
-22
501
339
308
686
-320
1124
-136
279
677
195
74
885
105
229
852
-51
367
766
-373
1000
66
241
550
284
338
302
520
193
489
254
473
187
528
222
392
442
239
480
148
722
165
235
687
26
544
375
329
534
191
303
698
-5
392
632
236
62
1058
-305
672
328
137
482
267
287
400
419
164
563
157
448
469
-3
873
0
328
679
-45
749
98
489
498
219
459
403
363
313
553
120
469
487
-220
1045
174
66
869
68
315
581
-5
838
-28
487
540
-72
814
67
296
655
118
379
316
694
-149
734
329
23
719
-30
593
256
474
204
505
428
23
860
27
356
803
-276
1009
93
366
420
485
246
152
865
-47
278
993
-552
958
391
-178
919
-1
442
226
335
675
-120
720
403
-44
883
-140
749
278
188
763
-50
733
15
548
287
256
507
277
365
393
444
168
463
418
62
506
518
28
618
299
337
420
264
544
118
323
754
-82
622
468
23
507
486
48
529
426
37
595
447
142
404
513
170
145
844
31
308
888
-119
568
490
82
412
492
256
227
541
493
-240
1230
-346
286
1095
-680
1171
359
-184
983
-27
473
278
418
416
126
799
-120
815
147
459
354
162
588
-85
680
296
286
523
202
389
305
437
356
349
491
330
225
573
194
219
617
226
189
799
57
417
554
224
344
473
327
304
453
233
532
154
438
459
169
380
559
42
420
554
209
184
760
-97
401
613
-36
497
415
265
392
347
442
359
302
436
432
156
507
511
93
600
390
127
531
353
350
288
462
471
-36
742
321
-68
863
128
218
558
362
86
606
532
5
566
586
-92
597
507
80
524
478
121
423
576
-49
597
515
69
640
341
144
535
369
107
628
294
433
251
634
391
-13
843
198
37
957
-10
233
815
120
232
611
64
564
247
325
561
254
235
535
496
-57
673
402
8
676
472
15
616
409
218
376
539
306
152
677
318
199
625
359
69
811
58
343
599
242
204
703
187
299
532
162
342
474
372
58
886
118
180
753
208
221
459
500
24
755
403
-38
1007
-73
151
712
193
211
561
454
108
549
192
303
603
95
518
475
239
514
120
625
168
372
376
282
629
139
576
402
259
363
300
544
196
372
445
297
296
370
313
287
373
235
440
345
453
213
425
477
183
336
457
342
364
374
513
284
283
581
214
167
967
-177
450
771
-112
426
469
227
148
516
481
104
497
484
215
270
619
137
240
844
-43
328
805
-95
485
475
225
372
436
260
497
349
203
493
395
119
474
410
-17
650
292
212
541
280
350
405
194
601
57
389
719
-77
531
625
-51
496
506
105
429
514
215
357
708
-62
320
740
-76
336
697
190
166
772
173
116
808
51
157
865
63
237
618
332
164
423
487
279
191
667
282
271
544
243
409
223
552
163
258
791
4
253
738
22
262
552
383
100
417
518
272
263
526
357
236
496
375
304
428
397
280
481
341
273
409
364
383
404
274
451
374
281
217
509
278
197
435
482
136
438
493
259
379
334
460
341
367
405
325
401
344
353
377
304
475
318
333
398
490
72
629
348
123
460
377
300
339
404
316
265
543
227
414
508
128
512
331
401
282
316
602
195
511
340
251
525
175
455
323
396
223
442
271
370
312
249
591
351
322
335
536
202
302
480
300
281
480
404
378
285
498
86
477
482
39
528
619
49
375
577
160
187
522
510
167
470
552
195
422
404
225
399
388
394
208
599
339
211
491
302
347
256
424
452
251
519
216
398
334
268
459
255
383
443
231
518
462
98
414
511
216
408
533
330
258
425
338
283
464
212
271
628
245
340
465
282
312
337
426
290
355
400
372
455
284
394
254
414
397
243
376
389
309
358
342
381
321
233
498
333
258
434
434
326
358
318
329
338
467
245
401
434
222
364
392
296
311
293
496
351
244
507
372
216
481
258
427
402
349
359
486
309
276
465
291
228
385
329
418
291
311
423
244
332
303
391
327
392
481
274
489
264
382
487
171
392
453
257
437
391
331
258
397
293
386
434
219
382
444
332
233
337
391
265
406
314
399
399
273
433
364
286
322
418
357
364
360
345
364
396
284
330
381
270
394
325
333
283
355
336
307
329
420
247
391
469
190
489
319
294
501
302
277
391
392
280
349
390
300
289
418
311
315
401
291
353
420
318
276
392
414
233
298
402
298
318
365
378
307
298
339
243
446
226
339
397
368
360
305
331
286
333
409
337
443
366
289
337
363
229
313
463
222
473
444
263
335
449
182
298
409
261
392
366
305
343
365
278
277
432
228
320
491
278
298
413
263
346
351
346
331
405
289
334
457
281
259
396
318
280
409
276
323
442
278
297
352
307
329
379
390
240
426
281
262
427
249
362
366
307
451
319
286
388
335
295
344
392
232
446
371
276
338
284
283
315
436
253
324
411
338
331
330
311
350
344
274
391
391
305
420
358
256
370
328
280
415
295
318
388
292
330
330
303
320
407
337
279
377
355
291
363
388
246
317
451
257
327
346
267
405
351
371
301
279
407
295
352
317
271
275
350
326
265
341
306
254
380
363
208
348
370
281
334
341
263
387
359
307
412
239
293
420
304
297
329
303
354
338
354
306
202
347
266
332
398
252
372
377
331
273
267
311
315
369
415
295
318
378
244
281
345
218
371
357
324
369
274
303
284
335
352
231
404
347
341
396
320
263
289
315
271
335
340
276
343
372
289
352
284
318
335
300
368
292
324
336
303
344
223
233
293
268
391
308
258
313
378
225
292
367
194
330
370
303
370
371
276
294
357
215
279
386
329
361
383
310
297
252
287
292
320
340
343
354
314
262
267
206
297
259
281
369
333
295
323
322
215
267
340
245
356
355
329
325
271
316
244
338
258
294
380
291
347
343
298
259
278
292
291
351
294
280
339
280
252
310
292
251
358
312
282
360
281
269
377
304
210
362
329
281
364
316
256
328
287
276
318
313
251
333
314
241
264
307
299
271
367
231
322
336
283
307
279
302
279
344
301
285
294
287
320
263
348
273
272
310
263
288
282
304
325
319
331
252
277
301
295
243
268
356
269
331
309
280
321
283
280
305
286
335
329
343
322
226
269
354
282
286
326
282
285
299
320
232
308
299
273
370
263
253
335
283
287
264
226
342
302
300
366
251
244
332
295
250
325
298
283
330
309
282
288
312
304
283
271
245
287
307
315
277
314
317
279
314
291
249
288
284
319
298
293
283
310
306
271
292
300
324
326
254
317
264
236
314
319
251
290
278
287
327
292
304
309
313
274
306
305
317
279
331
327
279
276
299
302
274
322
287
286
299
277
273
318
316
243
332
321
311
320
274
301
323
287
315
302
268
298
302
306
298
268
307
326
292
260
296
290
276
338
284
286
324
274
291
295
227
306
308
302
372
265
266
314
262
273
293
332
320
358
351
259
298
262
269
318
319
308
286
319
268
264
294
243
308
311
321
323
293
281
275
288
278
299
311
287
318
295
300
301
292
281
303
313
266
332
288
309
304
253
293
296
306
319
317
298
263
283
277
246
272
295
307
350
307
286
308
263
294
312
307
287
309
303
281
265
234
265
279
299
318
270
304
276
232
285
278
284
319
316
312
308
288
296
261
295
309
300
341
340
268
280
293
280
319
304
276
320
288
295
306
285
301
280
294
287
303
266
286
282
262
260
264
316
282
298
300
281
280
300
311
291
305
325
293
320
300
242
308
271
269
265
291
279
249
292
260
276
281
278
299
303
276
243
255
288
255
305
306
280
301
272
315
276
272
278
269
322
281
303
307
295
296
264
276
273
246
275
306
279
262
288
293
268
254
278
266
290
313
288
319
304
277
271
305
272
255
310
287
278
296
286
273
268
269
256
289
287
307
306
259
273
236
249
281
256
317
307
330
324
276
275
264
246
259
307
285
278
293
305
284
267
275
273
271
304
309
266
286
282
285
278
283
268
271
326
312
275
309
323
296
309
306
261
272
291
306
277
250
278
229
256
272
223
250
277
292
293
274
263
267
295
299
287
273
300
300
308
310
274
288
282
304
277
233
259
276
281
305
303
261
289
300
258
247
273
262
282
330
315
294
294
277
284
282
276
267
316
313
311
294
270
278
245
236
272
252
281
308
306
269
270
249
246
261
287
308
293
330
283
293
284
246
269
279
301
316
318
309
280
264
240
261
248
272
307
296
304
289
269
243
259
275
270
309
301
293
307
287
245
253
251
255
264
293
322
295
317
283
264
252
231
272
294
323
325
307
294
281
250
233
254
262
269
313
305
291
281
263
248
251
250
256
283
310
304
303
290
263
258
266
255
275
264
279
277
268
285
249
282
277
255
279
264
269
260
289
285
270
277
263
263
267
276
267
283
282
266
270
267
274
265
290
290
285
282
264
261
265
250
250
270
277
278
293
281
264
250
260
267
273
265
292
278
265
271
254
245
258
253
274
270
258
270
279
269
250
245
254
248
245
280
247
270
283
268
262
250
242
249
260
266
249
262
261
271
274
270
266
263
287
267
258
283
284
270
266
273
240
235
266
250
259
266
259
261
256
244
244
229
255
243
256
270
261
273
253
254
246
226
255
268
282
296
284
268
255
249
235
253
266
259
260
274
265
232
246
231
222
237
259
259
254
276
258
244
249
246
254
274
288
271
278
281
271
272
264
261
262
264
261
256
250
249
257
248
237
239
238
236
251
243
231
241
255
245
252
256
238
252
265
255
246
250
260
268
262
260
257
256
251
270
263
254
240
255
255
243
247
250
248
254
234
229
228
236
248
253
264
266
265
259
247
239
233
252
256
261
276
272
269
259
253
244
253
257
255
266
270
246
247
270
238
238
242
239
252
242
247
243
242
247
236
234
242
255
248
260
269
257
248
262
257
244
244
253
252
269
276
255
264
267
251
250
242
241
241
231
239
228
237
241
230
258
237
244
256
260
252
254
268
258
264
258
254
248
249
248
248
239
246
234
237
243
228
235
244
255
250
259
237
223
242
234
225
236
250
259
259
264
266
244
246
250
242
242
234
243
